23 22 21 20 17 15 14 13 34 35 
23 24 26 27 28 29 38 37 36 35 
23 24 26 27 28 29 38 43 36 35 
23 24 26 27 40 39 38 43 36 35 
23 24 26 27 40 39 38 37 36 35 
23 24 25 41 40 39 38 37 36 35 
18 16 31 32 
18 30 31 38 37 32 
18 30 29 38 37 32 
18 17 15 14 33 32 
18 30 29 39 38 37 32 
18 30 31 38 43 36 37 32 
17 15 14 13 34 35 
17 18 16 31 38 37 36 35 
17 18 16 31 38 43 36 35 
17 18 30 29 38 43 36 35 
17 18 16 31 32 37 36 35 
17 18 30 29 38 37 36 35 
10 9 8 13 
10 11 12 13 
10 11 8 7 14 13 
10 11 8 7 14 33 34 13 
10 11 8 7 6 15 14 13 
10 11 8 7 6 15 14 33 34 13 
11 8 7 6 15 17 20 19 27 
11 12 13 14 15 16 18 19 21 26 27 
11 12 13 14 15 16 31 38 39 40 27 
11 12 13 14 15 16 18 30 29 28 27 
11 12 13 14 15 16 31 38 29 28 27 
11 12 13 14 33 32 31 38 39 40 27 
7 8 13 34 
7 14 33 34 
7 6 15 14 33 34 
7 14 33 32 37 36 35 34 
7 14 15 16 31 32 33 34 
7 6 15 16 31 32 33 34 
5 6 7 14 33 32 37 
5 4 17 15 16 31 38 37 
5 4 17 18 30 29 38 37 
5 4 17 18 30 31 38 37 
5 4 17 18 16 31 38 37 
5 4 17 18 30 29 39 38 37 
7 8 13 34 35 
7 14 33 34 42 36 35 
7 14 33 32 37 36 35 
7 14 15 16 31 38 37 36 35 
7 14 33 34 42 44 43 36 35 
7 14 33 32 37 38 43 36 35 
2 1 23 24 
2 22 21 24 
2 22 21 26 24 
2 3 20 21 24 
2 22 21 26 25 24 
2 3 20 21 26 24 
8 11 
8 9 10 11 
8 13 12 11 
8 7 14 13 12 11 
8 7 14 33 34 13 12 11 
8 7 6 15 14 13 12 11 
