0 1 -2147483648
0 2 -2147483648
0 3 -2147483648
0 4 -2147483648
0 5 -2147483648
0 6 0
0 7 0
0 8 0
0 9 -2147483648
0 10 0
0 11 0
0 12 5
0 13 -2147483648
0 14 -2147483648
0 15 -2147483648
0 16 -2147483648
0 17 -2147483648
0 18 0
0 19 0
0 20 1
0 21 -2147483648
0 22 2
0 23 -2147483648
0 24 -2147483648
0 25 -2147483648
0 26 -2147483648
0 27 -2147483648
0 28 -2147483648
0 29 -2147483648
0 30 1
0 31 -2147483648
0 32 -2147483648
0 33 -2147483648
0 34 -2147483648
0 35 -2147483648
0 36 -2147483648
0 37 -2147483648
0 38 -2147483648
0 39 -2147483648
0 40 -2147483648
0 41 -2147483648
0 42 2
0 43 -2147483648
0 44 -2147483648
0 45 -2147483648
0 46 -2147483648
0 47 -2147483648
0 48 -2147483648
0 49 -2147483648
0 50 -2147483648
0 51 -2147483648
0 52 -2147483648
0 53 -2147483648
0 54 0
0 55 0
0 56 -2147483648
0 57 -2147483648
0 58 -2147483648
0 59 -2147483648
1 0 -2147483648
1 2 -2147483648
1 3 -2147483648
1 4 -2147483648
1 5 -2147483648
1 6 0
1 7 -2147483648
1 8 -2147483648
1 9 0
1 10 -2147483648
1 11 -2147483648
1 12 0
1 13 3
1 14 -2147483648
1 15 -2147483648
1 16 2
1 17 4
1 18 0
1 19 0
1 20 0
1 21 0
1 22 0
1 23 0
1 24 0
1 25 1
1 26 -2147483648
1 27 -2147483648
1 28 -2147483648
1 29 -2147483648
1 30 0
1 31 0
1 32 0
1 33 2
1 34 0
1 35 0
1 36 0
1 37 1
1 38 2
1 39 1
1 40 1
1 41 -2147483648
1 42 0
1 43 1
1 44 2
1 45 3
1 46 1
1 47 -2147483648
1 48 1
1 49 0
1 50 -2147483648
1 51 0
1 52 -2147483648
1 53 -2147483648
1 54 0
1 55 0
1 56 0
1 57 0
1 58 0
1 59 0
2 0 -2147483648
2 1 -2147483648
2 3 -2147483648
2 4 -2147483648
2 5 -2147483648
2 6 0
2 7 -2147483648
2 8 -2147483648
2 9 0
2 10 -2147483648
2 11 -2147483648
2 12 0
2 13 -2147483648
2 14 3
2 15 4
2 16 1
2 17 -2147483648
2 18 0
2 19 0
2 20 0
2 21 0
2 22 0
2 23 0
2 24 0
2 25 1
2 26 -2147483648
2 27 -2147483648
2 28 -2147483648
2 29 -2147483648
2 30 0
2 31 0
2 32 0
2 33 1
2 34 0
2 35 0
2 36 0
2 37 -2147483648
2 38 -2147483648
2 39 -2147483648
2 40 -2147483648
2 41 -2147483648
2 42 0
2 43 1
2 44 1
2 45 -2147483648
2 46 2
2 47 3
2 48 1
2 49 0
2 50 -2147483648
2 51 0
2 52 -2147483648
2 53 -2147483648
2 54 0
2 55 0
2 56 0
2 57 0
2 58 0
2 59 0
3 0 -2147483648
3 1 -2147483648
3 2 -2147483648
3 4 -2147483648
3 5 -2147483648
3 6 0
3 7 -2147483648
3 8 -2147483648
3 9 0
3 10 -2147483648
3 11 -2147483648
3 12 0
3 13 -2147483648
3 14 3
3 15 3
3 16 1
3 17 -2147483648
3 18 0
3 19 0
3 20 0
3 21 0
3 22 0
3 23 0
3 24 0
3 25 1
3 26 -2147483648
3 27 0
3 28 -2147483648
3 29 -2147483648
3 30 0
3 31 0
3 32 0
3 33 1
3 34 0
3 35 0
3 36 0
3 37 -2147483648
3 38 -2147483648
3 39 -2147483648
3 40 -2147483648
3 41 -2147483648
3 42 0
3 43 1
3 44 1
3 45 -2147483648
3 46 2
3 47 3
3 48 1
3 49 0
3 50 -2147483648
3 51 0
3 52 -2147483648
3 53 -2147483648
3 54 0
3 55 0
3 56 0
3 57 0
3 58 0
3 59 0
4 0 -2147483648
4 1 -2147483648
4 2 -2147483648
4 3 -2147483648
4 5 -2147483648
4 6 0
4 7 -2147483648
4 8 -2147483648
4 9 0
4 10 -2147483648
4 11 -2147483648
4 12 0
4 13 3
4 14 -2147483648
4 15 -2147483648
4 16 2
4 17 3
4 18 0
4 19 0
4 20 0
4 21 0
4 22 0
4 23 0
4 24 0
4 25 1
4 26 -2147483648
4 27 0
4 28 -2147483648
4 29 -2147483648
4 30 0
4 31 0
4 32 0
4 33 2
4 34 0
4 35 0
4 36 0
4 37 1
4 38 1
4 39 1
4 40 1
4 41 2
4 42 0
4 43 1
4 44 2
4 45 3
4 46 1
4 47 -2147483648
4 48 1
4 49 0
4 50 -2147483648
4 51 0
4 52 -2147483648
4 53 -2147483648
4 54 0
4 55 0
4 56 0
4 57 0
4 58 0
4 59 0
5 0 -2147483648
5 1 -2147483648
5 2 -2147483648
5 3 -2147483648
5 4 -2147483648
5 6 0
5 7 -2147483648
5 8 -2147483648
5 9 0
5 10 -2147483648
5 11 -2147483648
5 12 0
5 13 3
5 14 -2147483648
5 15 -2147483648
5 16 2
5 17 3
5 18 0
5 19 0
5 20 0
5 21 0
5 22 0
5 23 0
5 24 0
5 25 0
5 26 -2147483648
5 27 0
5 28 -2147483648
5 29 -2147483648
5 30 0
5 31 0
5 32 0
5 33 2
5 34 0
5 35 0
5 36 0
5 37 1
5 38 1
5 39 1
5 40 1
5 41 2
5 42 0
5 43 1
5 44 2
5 45 3
5 46 1
5 47 -2147483648
5 48 1
5 49 0
5 50 0
5 51 0
5 52 -2147483648
5 53 0
5 54 0
5 55 0
5 56 0
5 57 0
5 58 0
5 59 0
6 0 0
6 1 0
6 2 0
6 3 0
6 4 0
6 5 0
6 7 -2147483648
6 8 -2147483648
6 9 -2147483648
6 10 -2147483648
6 11 -2147483648
6 12 0
6 13 -2147483648
6 14 -2147483648
6 15 -2147483648
6 16 3
6 17 -2147483648
6 18 0
6 19 0
6 20 0
6 21 0
6 22 0
6 23 0
6 24 0
6 25 -2147483648
6 26 -2147483648
6 27 -2147483648
6 28 -2147483648
6 29 -2147483648
6 30 0
6 31 0
6 32 0
6 33 0
6 34 2
6 35 2
6 36 0
6 37 -2147483648
6 38 -2147483648
6 39 -2147483648
6 40 -2147483648
6 41 -2147483648
6 42 0
6 43 0
6 44 0
6 45 -2147483648
6 46 0
6 47 0
6 48 0
6 49 0
6 50 0
6 51 0
6 52 0
6 53 0
6 54 0
6 55 0
6 56 0
6 57 0
6 58 0
6 59 0
7 0 0
7 1 -2147483648
7 2 -2147483648
7 3 -2147483648
7 4 -2147483648
7 5 -2147483648
7 6 -2147483648
7 8 -2147483648
7 9 -2147483648
7 10 -2147483648
7 11 -2147483648
7 12 0
7 13 -2147483648
7 14 -2147483648
7 15 -2147483648
7 16 -2147483648
7 17 -2147483648
7 18 0
7 19 0
7 20 0
7 21 0
7 22 0
7 23 0
7 24 0
7 25 -2147483648
7 26 -2147483648
7 27 -2147483648
7 28 -2147483648
7 29 -2147483648
7 30 0
7 31 0
7 32 0
7 33 -2147483648
7 34 -2147483648
7 35 -2147483648
7 36 0
7 37 2
7 38 -2147483648
7 39 4
7 40 -2147483648
7 41 -2147483648
7 42 0
7 43 0
7 44 -2147483648
7 45 -2147483648
7 46 0
7 47 -2147483648
7 48 0
7 49 0
7 50 0
7 51 0
7 52 0
7 53 0
7 54 0
7 55 0
7 56 0
7 57 0
7 58 0
7 59 0
8 0 0
8 1 -2147483648
8 2 -2147483648
8 3 -2147483648
8 4 -2147483648
8 5 -2147483648
8 6 -2147483648
8 7 -2147483648
8 9 -2147483648
8 10 -2147483648
8 11 -2147483648
8 12 0
8 13 -2147483648
8 14 -2147483648
8 15 -2147483648
8 16 -2147483648
8 17 -2147483648
8 18 0
8 19 0
8 20 0
8 21 0
8 22 0
8 23 0
8 24 0
8 25 -2147483648
8 26 -2147483648
8 27 -2147483648
8 28 -2147483648
8 29 -2147483648
8 30 0
8 31 0
8 32 0
8 33 -2147483648
8 34 0
8 35 0
8 36 0
8 37 1
8 38 4
8 39 -2147483648
8 40 -2147483648
8 41 -2147483648
8 42 0
8 43 0
8 44 -2147483648
8 45 -2147483648
8 46 0
8 47 -2147483648
8 48 0
8 49 0
8 50 0
8 51 0
8 52 0
8 53 0
8 54 0
8 55 0
8 56 0
8 57 0
8 58 0
8 59 0
9 0 -2147483648
9 1 0
9 2 0
9 3 0
9 4 0
9 5 0
9 6 -2147483648
9 7 -2147483648
9 8 -2147483648
9 10 -2147483648
9 11 -2147483648
9 12 -2147483648
9 13 -2147483648
9 14 -2147483648
9 15 -2147483648
9 16 -2147483648
9 17 -2147483648
9 18 0
9 19 0
9 20 -2147483648
9 21 -2147483648
9 22 -2147483648
9 23 -2147483648
9 24 -2147483648
9 25 -2147483648
9 26 -2147483648
9 27 -2147483648
9 28 -2147483648
9 29 2
9 30 0
9 31 -2147483648
9 32 -2147483648
9 33 2
9 34 -2147483648
9 35 -2147483648
9 36 2
9 37 -2147483648
9 38 -2147483648
9 39 -2147483648
9 40 -2147483648
9 41 -2147483648
9 42 0
9 43 -2147483648
9 44 2
9 45 -2147483648
9 46 -2147483648
9 47 2
9 48 0
9 49 0
9 50 0
9 51 0
9 52 0
9 53 0
9 54 0
9 55 0
9 56 0
9 57 -2147483648
9 58 -2147483648
9 59 -2147483648
10 0 0
10 1 -2147483648
10 2 -2147483648
10 3 -2147483648
10 4 -2147483648
10 5 -2147483648
10 6 -2147483648
10 7 -2147483648
10 8 -2147483648
10 9 -2147483648
10 11 -2147483648
10 12 0
10 13 -2147483648
10 14 -2147483648
10 15 -2147483648
10 16 -2147483648
10 17 -2147483648
10 18 0
10 19 0
10 20 0
10 21 0
10 22 0
10 23 0
10 24 0
10 25 -2147483648
10 26 -2147483648
10 27 -2147483648
10 28 -2147483648
10 29 -2147483648
10 30 0
10 31 0
10 32 0
10 33 -2147483648
10 34 0
10 35 0
10 36 0
10 37 1
10 38 -2147483648
10 39 -2147483648
10 40 -2147483648
10 41 5
10 42 0
10 43 0
10 44 -2147483648
10 45 -2147483648
10 46 0
10 47 -2147483648
10 48 0
10 49 0
10 50 0
10 51 0
10 52 0
10 53 0
10 54 0
10 55 0
10 56 0
10 57 0
10 58 0
10 59 0
11 0 0
11 1 -2147483648
11 2 -2147483648
11 3 -2147483648
11 4 -2147483648
11 5 -2147483648
11 6 -2147483648
11 7 -2147483648
11 8 -2147483648
11 9 -2147483648
11 10 -2147483648
11 12 0
11 13 -2147483648
11 14 -2147483648
11 15 -2147483648
11 16 -2147483648
11 17 -2147483648
11 18 0
11 19 0
11 20 0
11 21 0
11 22 0
11 23 0
11 24 0
11 25 -2147483648
11 26 -2147483648
11 27 -2147483648
11 28 -2147483648
11 29 -2147483648
11 30 0
11 31 0
11 32 0
11 33 -2147483648
11 34 -2147483648
11 35 -2147483648
11 36 0
11 37 -2147483648
11 38 -2147483648
11 39 -2147483648
11 40 -2147483648
11 41 -2147483648
11 42 0
11 43 -2147483648
11 44 -2147483648
11 45 -2147483648
11 46 -2147483648
11 47 -2147483648
11 48 0
11 49 0
11 50 0
11 51 0
11 52 0
11 53 0
11 54 0
11 55 0
11 56 0
11 57 0
11 58 0
11 59 0
12 0 5
12 1 0
12 2 0
12 3 0
12 4 0
12 5 0
12 6 0
12 7 0
12 8 0
12 9 -2147483648
12 10 0
12 11 0
12 13 -2147483648
12 14 -2147483648
12 15 -2147483648
12 16 -2147483648
12 17 -2147483648
12 18 0
12 19 0
12 20 1
12 21 -2147483648
12 22 2
12 23 -2147483648
12 24 -2147483648
12 25 -2147483648
12 26 -2147483648
12 27 -2147483648
12 28 -2147483648
12 29 -2147483648
12 30 1
12 31 -2147483648
12 32 -2147483648
12 33 -2147483648
12 34 -2147483648
12 35 -2147483648
12 36 -2147483648
12 37 -2147483648
12 38 -2147483648
12 39 -2147483648
12 40 -2147483648
12 41 -2147483648
12 42 2
12 43 -2147483648
12 44 -2147483648
12 45 -2147483648
12 46 -2147483648
12 47 -2147483648
12 48 0
12 49 0
12 50 0
12 51 0
12 52 0
12 53 0
12 54 0
12 55 0
12 56 -2147483648
12 57 -2147483648
12 58 -2147483648
12 59 -2147483648
13 0 -2147483648
13 1 3
13 2 -2147483648
13 3 -2147483648
13 4 3
13 5 3
13 6 -2147483648
13 7 -2147483648
13 8 -2147483648
13 9 -2147483648
13 10 -2147483648
13 11 -2147483648
13 12 -2147483648
13 14 -2147483648
13 15 -2147483648
13 16 -2147483648
13 17 -2147483648
13 18 0
13 19 0
13 20 0
13 21 0
13 22 0
13 23 0
13 24 -2147483648
13 25 -2147483648
13 26 -2147483648
13 27 -2147483648
13 28 -2147483648
13 29 -2147483648
13 30 0
13 31 0
13 32 0
13 33 2
13 34 -2147483648
13 35 -2147483648
13 36 0
13 37 -2147483648
13 38 -2147483648
13 39 -2147483648
13 40 5
13 41 -2147483648
13 42 0
13 43 1
13 44 2
13 45 5
13 46 1
13 47 -2147483648
13 48 0
13 49 0
13 50 0
13 51 0
13 52 0
13 53 0
13 54 0
13 55 0
13 56 0
13 57 0
13 58 0
13 59 0
14 0 -2147483648
14 1 -2147483648
14 2 3
14 3 3
14 4 -2147483648
14 5 -2147483648
14 6 -2147483648
14 7 -2147483648
14 8 -2147483648
14 9 -2147483648
14 10 -2147483648
14 11 -2147483648
14 12 -2147483648
14 13 -2147483648
14 15 -2147483648
14 16 -2147483648
14 17 -2147483648
14 18 0
14 19 0
14 20 0
14 21 0
14 22 0
14 23 0
14 24 -2147483648
14 25 -2147483648
14 26 -2147483648
14 27 -2147483648
14 28 -2147483648
14 29 -2147483648
14 30 0
14 31 0
14 32 0
14 33 1
14 34 -2147483648
14 35 -2147483648
14 36 0
14 37 -2147483648
14 38 -2147483648
14 39 -2147483648
14 40 -2147483648
14 41 -2147483648
14 42 0
14 43 1
14 44 1
14 45 -2147483648
14 46 2
14 47 3
14 48 0
14 49 0
14 50 0
14 51 0
14 52 0
14 53 0
14 54 0
14 55 0
14 56 0
14 57 0
14 58 0
14 59 0
15 0 -2147483648
15 1 -2147483648
15 2 4
15 3 3
15 4 -2147483648
15 5 -2147483648
15 6 -2147483648
15 7 -2147483648
15 8 -2147483648
15 9 -2147483648
15 10 -2147483648
15 11 -2147483648
15 12 -2147483648
15 13 -2147483648
15 14 -2147483648
15 16 -2147483648
15 17 -2147483648
15 18 0
15 19 0
15 20 0
15 21 0
15 22 0
15 23 0
15 24 -2147483648
15 25 -2147483648
15 26 -2147483648
15 27 -2147483648
15 28 -2147483648
15 29 -2147483648
15 30 0
15 31 0
15 32 0
15 33 1
15 34 0
15 35 0
15 36 0
15 37 -2147483648
15 38 -2147483648
15 39 -2147483648
15 40 -2147483648
15 41 -2147483648
15 42 0
15 43 1
15 44 1
15 45 -2147483648
15 46 2
15 47 3
15 48 0
15 49 0
15 50 0
15 51 0
15 52 0
15 53 0
15 54 0
15 55 0
15 56 0
15 57 0
15 58 0
15 59 0
16 0 -2147483648
16 1 2
16 2 1
16 3 1
16 4 2
16 5 2
16 6 3
16 7 -2147483648
16 8 -2147483648
16 9 -2147483648
16 10 -2147483648
16 11 -2147483648
16 12 -2147483648
16 13 -2147483648
16 14 -2147483648
16 15 -2147483648
16 17 -2147483648
16 18 0
16 19 0
16 20 0
16 21 0
16 22 0
16 23 0
16 24 -2147483648
16 25 -2147483648
16 26 -2147483648
16 27 -2147483648
16 28 -2147483648
16 29 -2147483648
16 30 0
16 31 0
16 32 0
16 33 3
16 34 -2147483648
16 35 -2147483648
16 36 1
16 37 -2147483648
16 38 -2147483648
16 39 -2147483648
16 40 -2147483648
16 41 -2147483648
16 42 0
16 43 1
16 44 3
16 45 -2147483648
16 46 1
16 47 -2147483648
16 48 0
16 49 0
16 50 0
16 51 0
16 52 0
16 53 0
16 54 0
16 55 0
16 56 0
16 57 0
16 58 0
16 59 0
17 0 -2147483648
17 1 4
17 2 -2147483648
17 3 -2147483648
17 4 3
17 5 3
17 6 -2147483648
17 7 -2147483648
17 8 -2147483648
17 9 -2147483648
17 10 -2147483648
17 11 -2147483648
17 12 -2147483648
17 13 -2147483648
17 14 -2147483648
17 15 -2147483648
17 16 -2147483648
17 18 0
17 19 0
17 20 0
17 21 0
17 22 0
17 23 0
17 24 -2147483648
17 25 -2147483648
17 26 -2147483648
17 27 -2147483648
17 28 -2147483648
17 29 -2147483648
17 30 0
17 31 0
17 32 0
17 33 2
17 34 0
17 35 0
17 36 0
17 37 -2147483648
17 38 5
17 39 -2147483648
17 40 -2147483648
17 41 -2147483648
17 42 0
17 43 1
17 44 2
17 45 3
17 46 1
17 47 -2147483648
17 48 0
17 49 0
17 50 0
17 51 0
17 52 0
17 53 0
17 54 0
17 55 0
17 56 0
17 57 0
17 58 0
17 59 0
18 0 0
18 1 0
18 2 0
18 3 0
18 4 0
18 5 0
18 6 0
18 7 0
18 8 0
18 9 0
18 10 0
18 11 0
18 12 0
18 13 0
18 14 0
18 15 0
18 16 0
18 17 0
18 19 -2147483648
18 20 -2147483648
18 21 -2147483648
18 22 -2147483648
18 23 -2147483648
18 24 -2147483648
18 25 0
18 26 0
18 27 0
18 28 0
18 29 0
18 30 1
18 31 0
18 32 0
18 33 0
18 34 0
18 35 0
18 36 0
18 37 0
18 38 0
18 39 0
18 40 0
18 41 0
18 42 1
18 43 0
18 44 0
18 45 0
18 46 0
18 47 0
18 48 0
18 49 0
18 50 0
18 51 0
18 52 0
18 53 0
18 54 -2147483648
18 55 -2147483648
18 56 1
18 57 -2147483648
18 58 -2147483648
18 59 -2147483648
19 0 0
19 1 0
19 2 0
19 3 0
19 4 0
19 5 0
19 6 0
19 7 0
19 8 0
19 9 0
19 10 0
19 11 0
19 12 0
19 13 0
19 14 0
19 15 0
19 16 0
19 17 0
19 18 -2147483648
19 20 -2147483648
19 21 -2147483648
19 22 -2147483648
19 23 -2147483648
19 24 -2147483648
19 25 2
19 26 2
19 27 2
19 28 2
19 29 2
19 30 0
19 31 0
19 32 0
19 33 0
19 34 0
19 35 0
19 36 0
19 37 0
19 38 0
19 39 0
19 40 0
19 41 0
19 42 0
19 43 0
19 44 0
19 45 0
19 46 0
19 47 0
19 48 0
19 49 0
19 50 0
19 51 0
19 52 0
19 53 0
19 54 0
19 55 1
19 56 -2147483648
19 57 -2147483648
19 58 -2147483648
19 59 -2147483648
20 0 1
20 1 0
20 2 0
20 3 0
20 4 0
20 5 0
20 6 0
20 7 0
20 8 0
20 9 -2147483648
20 10 0
20 11 0
20 12 1
20 13 0
20 14 0
20 15 0
20 16 0
20 17 0
20 18 -2147483648
20 19 -2147483648
20 21 -2147483648
20 22 -2147483648
20 23 -2147483648
20 24 -2147483648
20 25 -2147483648
20 26 -2147483648
20 27 -2147483648
20 28 -2147483648
20 29 -2147483648
20 30 -2147483648
20 31 -2147483648
20 32 -2147483648
20 33 -2147483648
20 34 -2147483648
20 35 -2147483648
20 36 -2147483648
20 37 0
20 38 0
20 39 0
20 40 0
20 41 0
20 42 -2147483648
20 43 -2147483648
20 44 -2147483648
20 45 -2147483648
20 46 -2147483648
20 47 -2147483648
20 48 0
20 49 0
20 50 0
20 51 0
20 52 0
20 53 0
20 54 -2147483648
20 55 -2147483648
20 56 -2147483648
20 57 3
20 58 -2147483648
20 59 -2147483648
21 0 -2147483648
21 1 0
21 2 0
21 3 0
21 4 0
21 5 0
21 6 0
21 7 0
21 8 0
21 9 -2147483648
21 10 0
21 11 0
21 12 -2147483648
21 13 0
21 14 0
21 15 0
21 16 0
21 17 0
21 18 -2147483648
21 19 -2147483648
21 20 -2147483648
21 22 -2147483648
21 23 -2147483648
21 24 -2147483648
21 25 -2147483648
21 26 -2147483648
21 27 -2147483648
21 28 -2147483648
21 29 -2147483648
21 30 -2147483648
21 31 3
21 32 -2147483648
21 33 -2147483648
21 34 -2147483648
21 35 -2147483648
21 36 -2147483648
21 37 0
21 38 0
21 39 0
21 40 0
21 41 0
21 42 -2147483648
21 43 -2147483648
21 44 -2147483648
21 45 -2147483648
21 46 -2147483648
21 47 -2147483648
21 48 0
21 49 0
21 50 0
21 51 0
21 52 0
21 53 0
21 54 -2147483648
21 55 -2147483648
21 56 -2147483648
21 57 -2147483648
21 58 5
21 59 -2147483648
22 0 2
22 1 0
22 2 0
22 3 0
22 4 0
22 5 0
22 6 0
22 7 0
22 8 0
22 9 -2147483648
22 10 0
22 11 0
22 12 2
22 13 0
22 14 0
22 15 0
22 16 0
22 17 0
22 18 -2147483648
22 19 -2147483648
22 20 -2147483648
22 21 -2147483648
22 23 -2147483648
22 24 -2147483648
22 25 -2147483648
22 26 -2147483648
22 27 -2147483648
22 28 -2147483648
22 29 -2147483648
22 30 -2147483648
22 31 -2147483648
22 32 -2147483648
22 33 -2147483648
22 34 -2147483648
22 35 -2147483648
22 36 -2147483648
22 37 -2147483648
22 38 0
22 39 0
22 40 0
22 41 0
22 42 -2147483648
22 43 -2147483648
22 44 -2147483648
22 45 -2147483648
22 46 -2147483648
22 47 -2147483648
22 48 0
22 49 0
22 50 0
22 51 0
22 52 0
22 53 0
22 54 -2147483648
22 55 -2147483648
22 56 -2147483648
22 57 -2147483648
22 58 -2147483648
22 59 5
23 0 -2147483648
23 1 0
23 2 0
23 3 0
23 4 0
23 5 0
23 6 0
23 7 0
23 8 0
23 9 -2147483648
23 10 0
23 11 0
23 12 -2147483648
23 13 0
23 14 0
23 15 0
23 16 0
23 17 0
23 18 -2147483648
23 19 -2147483648
23 20 -2147483648
23 21 -2147483648
23 22 -2147483648
23 24 -2147483648
23 25 -2147483648
23 26 -2147483648
23 27 -2147483648
23 28 -2147483648
23 29 -2147483648
23 30 -2147483648
23 31 -2147483648
23 32 5
23 33 -2147483648
23 34 -2147483648
23 35 -2147483648
23 36 -2147483648
23 37 -2147483648
23 38 0
23 39 0
23 40 0
23 41 0
23 42 -2147483648
23 43 -2147483648
23 44 -2147483648
23 45 -2147483648
23 46 -2147483648
23 47 -2147483648
23 48 0
23 49 0
23 50 0
23 51 0
23 52 0
23 53 0
23 54 -2147483648
23 55 -2147483648
23 56 -2147483648
23 57 -2147483648
23 58 -2147483648
23 59 -2147483648
24 0 -2147483648
24 1 0
24 2 0
24 3 0
24 4 0
24 5 0
24 6 0
24 7 0
24 8 0
24 9 -2147483648
24 10 0
24 11 0
24 12 -2147483648
24 13 -2147483648
24 14 -2147483648
24 15 -2147483648
24 16 -2147483648
24 17 -2147483648
24 18 -2147483648
24 19 -2147483648
24 20 -2147483648
24 21 -2147483648
24 22 -2147483648
24 23 -2147483648
24 25 -2147483648
24 26 -2147483648
24 27 -2147483648
24 28 -2147483648
24 29 -2147483648
24 30 -2147483648
24 31 -2147483648
24 32 -2147483648
24 33 -2147483648
24 34 -2147483648
24 35 -2147483648
24 36 -2147483648
24 37 -2147483648
24 38 -2147483648
24 39 -2147483648
24 40 -2147483648
24 41 -2147483648
24 42 -2147483648
24 43 -2147483648
24 44 -2147483648
24 45 -2147483648
24 46 -2147483648
24 47 -2147483648
24 48 0
24 49 0
24 50 0
24 51 -2147483648
24 52 0
24 53 -2147483648
24 54 -2147483648
24 55 -2147483648
24 56 -2147483648
24 57 -2147483648
24 58 -2147483648
24 59 -2147483648
25 0 -2147483648
25 1 1
25 2 1
25 3 1
25 4 1
25 5 0
25 6 -2147483648
25 7 -2147483648
25 8 -2147483648
25 9 -2147483648
25 10 -2147483648
25 11 -2147483648
25 12 -2147483648
25 13 -2147483648
25 14 -2147483648
25 15 -2147483648
25 16 -2147483648
25 17 -2147483648
25 18 0
25 19 2
25 20 -2147483648
25 21 -2147483648
25 22 -2147483648
25 23 -2147483648
25 24 -2147483648
25 26 -2147483648
25 27 -2147483648
25 28 -2147483648
25 29 -2147483648
25 30 -2147483648
25 31 -2147483648
25 32 -2147483648
25 33 -2147483648
25 34 -2147483648
25 35 -2147483648
25 36 -2147483648
25 37 -2147483648
25 38 -2147483648
25 39 -2147483648
25 40 -2147483648
25 41 -2147483648
25 42 -2147483648
25 43 -2147483648
25 44 -2147483648
25 45 -2147483648
25 46 -2147483648
25 47 -2147483648
25 48 0
25 49 -2147483648
25 50 -2147483648
25 51 -2147483648
25 52 -2147483648
25 53 -2147483648
25 54 0
25 55 0
25 56 -2147483648
25 57 -2147483648
25 58 -2147483648
25 59 -2147483648
26 0 -2147483648
26 1 -2147483648
26 2 -2147483648
26 3 -2147483648
26 4 -2147483648
26 5 -2147483648
26 6 -2147483648
26 7 -2147483648
26 8 -2147483648
26 9 -2147483648
26 10 -2147483648
26 11 -2147483648
26 12 -2147483648
26 13 -2147483648
26 14 -2147483648
26 15 -2147483648
26 16 -2147483648
26 17 -2147483648
26 18 0
26 19 2
26 20 -2147483648
26 21 -2147483648
26 22 -2147483648
26 23 -2147483648
26 24 -2147483648
26 25 -2147483648
26 27 -2147483648
26 28 -2147483648
26 29 -2147483648
26 30 -2147483648
26 31 -2147483648
26 32 -2147483648
26 33 -2147483648
26 34 -2147483648
26 35 -2147483648
26 36 -2147483648
26 37 -2147483648
26 38 -2147483648
26 39 -2147483648
26 40 -2147483648
26 41 -2147483648
26 42 -2147483648
26 43 -2147483648
26 44 -2147483648
26 45 -2147483648
26 46 -2147483648
26 47 -2147483648
26 48 0
26 49 0
26 50 0
26 51 0
26 52 0
26 53 0
26 54 0
26 55 0
26 56 -2147483648
26 57 -2147483648
26 58 -2147483648
26 59 -2147483648
27 0 -2147483648
27 1 -2147483648
27 2 -2147483648
27 3 0
27 4 0
27 5 0
27 6 -2147483648
27 7 -2147483648
27 8 -2147483648
27 9 -2147483648
27 10 -2147483648
27 11 -2147483648
27 12 -2147483648
27 13 -2147483648
27 14 -2147483648
27 15 -2147483648
27 16 -2147483648
27 17 -2147483648
27 18 0
27 19 2
27 20 -2147483648
27 21 -2147483648
27 22 -2147483648
27 23 -2147483648
27 24 -2147483648
27 25 -2147483648
27 26 -2147483648
27 28 -2147483648
27 29 -2147483648
27 30 -2147483648
27 31 -2147483648
27 32 -2147483648
27 33 -2147483648
27 34 -2147483648
27 35 -2147483648
27 36 -2147483648
27 37 -2147483648
27 38 -2147483648
27 39 -2147483648
27 40 -2147483648
27 41 -2147483648
27 42 -2147483648
27 43 -2147483648
27 44 -2147483648
27 45 -2147483648
27 46 -2147483648
27 47 -2147483648
27 48 0
27 49 0
27 50 0
27 51 0
27 52 0
27 53 0
27 54 0
27 55 0
27 56 -2147483648
27 57 -2147483648
27 58 -2147483648
27 59 -2147483648
28 0 -2147483648
28 1 -2147483648
28 2 -2147483648
28 3 -2147483648
28 4 -2147483648
28 5 -2147483648
28 6 -2147483648
28 7 -2147483648
28 8 -2147483648
28 9 -2147483648
28 10 -2147483648
28 11 -2147483648
28 12 -2147483648
28 13 -2147483648
28 14 -2147483648
28 15 -2147483648
28 16 -2147483648
28 17 -2147483648
28 18 0
28 19 2
28 20 -2147483648
28 21 -2147483648
28 22 -2147483648
28 23 -2147483648
28 24 -2147483648
28 25 -2147483648
28 26 -2147483648
28 27 -2147483648
28 29 -2147483648
28 30 -2147483648
28 31 -2147483648
28 32 -2147483648
28 33 -2147483648
28 34 -2147483648
28 35 -2147483648
28 36 -2147483648
28 37 -2147483648
28 38 -2147483648
28 39 -2147483648
28 40 -2147483648
28 41 -2147483648
28 42 -2147483648
28 43 -2147483648
28 44 -2147483648
28 45 -2147483648
28 46 -2147483648
28 47 -2147483648
28 48 0
28 49 0
28 50 0
28 51 0
28 52 0
28 53 0
28 54 0
28 55 0
28 56 -2147483648
28 57 -2147483648
28 58 -2147483648
28 59 -2147483648
29 0 -2147483648
29 1 -2147483648
29 2 -2147483648
29 3 -2147483648
29 4 -2147483648
29 5 -2147483648
29 6 -2147483648
29 7 -2147483648
29 8 -2147483648
29 9 2
29 10 -2147483648
29 11 -2147483648
29 12 -2147483648
29 13 -2147483648
29 14 -2147483648
29 15 -2147483648
29 16 -2147483648
29 17 -2147483648
29 18 0
29 19 2
29 20 -2147483648
29 21 -2147483648
29 22 -2147483648
29 23 -2147483648
29 24 -2147483648
29 25 -2147483648
29 26 -2147483648
29 27 -2147483648
29 28 -2147483648
29 30 -2147483648
29 31 -2147483648
29 32 -2147483648
29 33 -2147483648
29 34 -2147483648
29 35 -2147483648
29 36 -2147483648
29 37 -2147483648
29 38 -2147483648
29 39 -2147483648
29 40 -2147483648
29 41 -2147483648
29 42 -2147483648
29 43 -2147483648
29 44 -2147483648
29 45 -2147483648
29 46 -2147483648
29 47 -2147483648
29 48 0
29 49 0
29 50 0
29 51 0
29 52 0
29 53 0
29 54 0
29 55 0
29 56 -2147483648
29 57 -2147483648
29 58 -2147483648
29 59 -2147483648
30 0 1
30 1 0
30 2 0
30 3 0
30 4 0
30 5 0
30 6 0
30 7 0
30 8 0
30 9 0
30 10 0
30 11 0
30 12 1
30 13 0
30 14 0
30 15 0
30 16 0
30 17 0
30 18 1
30 19 0
30 20 -2147483648
30 21 -2147483648
30 22 -2147483648
30 23 -2147483648
30 24 -2147483648
30 25 -2147483648
30 26 -2147483648
30 27 -2147483648
30 28 -2147483648
30 29 -2147483648
30 31 -2147483648
30 32 -2147483648
30 33 -2147483648
30 34 -2147483648
30 35 -2147483648
30 36 -2147483648
30 37 0
30 38 0
30 39 0
30 40 0
30 41 0
30 42 3
30 43 -2147483648
30 44 -2147483648
30 45 -2147483648
30 46 -2147483648
30 47 -2147483648
30 48 0
30 49 0
30 50 0
30 51 0
30 52 0
30 53 0
30 54 -2147483648
30 55 -2147483648
30 56 -2147483648
30 57 -2147483648
30 58 -2147483648
30 59 -2147483648
31 0 -2147483648
31 1 0
31 2 0
31 3 0
31 4 0
31 5 0
31 6 0
31 7 0
31 8 0
31 9 -2147483648
31 10 0
31 11 0
31 12 -2147483648
31 13 0
31 14 0
31 15 0
31 16 0
31 17 0
31 18 0
31 19 0
31 20 -2147483648
31 21 3
31 22 -2147483648
31 23 -2147483648
31 24 -2147483648
31 25 -2147483648
31 26 -2147483648
31 27 -2147483648
31 28 -2147483648
31 29 -2147483648
31 30 -2147483648
31 32 -2147483648
31 33 -2147483648
31 34 -2147483648
31 35 -2147483648
31 36 -2147483648
31 37 0
31 38 0
31 39 0
31 40 0
31 41 0
31 42 -2147483648
31 43 3
31 44 -2147483648
31 45 -2147483648
31 46 3
31 47 -2147483648
31 48 0
31 49 0
31 50 0
31 51 0
31 52 0
31 53 0
31 54 0
31 55 0
31 56 0
31 57 -2147483648
31 58 3
31 59 -2147483648
32 0 -2147483648
32 1 0
32 2 0
32 3 0
32 4 0
32 5 0
32 6 0
32 7 0
32 8 0
32 9 -2147483648
32 10 0
32 11 0
32 12 -2147483648
32 13 0
32 14 0
32 15 0
32 16 0
32 17 0
32 18 0
32 19 0
32 20 -2147483648
32 21 -2147483648
32 22 -2147483648
32 23 5
32 24 -2147483648
32 25 -2147483648
32 26 -2147483648
32 27 -2147483648
32 28 -2147483648
32 29 -2147483648
32 30 -2147483648
32 31 -2147483648
32 33 -2147483648
32 34 -2147483648
32 35 -2147483648
32 36 -2147483648
32 37 -2147483648
32 38 0
32 39 0
32 40 0
32 41 0
32 42 -2147483648
32 43 -2147483648
32 44 -2147483648
32 45 -2147483648
32 46 -2147483648
32 47 -2147483648
32 48 0
32 49 0
32 50 0
32 51 0
32 52 0
32 53 0
32 54 0
32 55 0
32 56 0
32 57 -2147483648
32 58 -2147483648
32 59 -2147483648
33 0 -2147483648
33 1 2
33 2 1
33 3 1
33 4 2
33 5 2
33 6 0
33 7 -2147483648
33 8 -2147483648
33 9 2
33 10 -2147483648
33 11 -2147483648
33 12 -2147483648
33 13 2
33 14 1
33 15 1
33 16 3
33 17 2
33 18 0
33 19 0
33 20 -2147483648
33 21 -2147483648
33 22 -2147483648
33 23 -2147483648
33 24 -2147483648
33 25 -2147483648
33 26 -2147483648
33 27 -2147483648
33 28 -2147483648
33 29 -2147483648
33 30 -2147483648
33 31 -2147483648
33 32 -2147483648
33 34 -2147483648
33 35 -2147483648
33 36 4
33 37 0
33 38 0
33 39 0
33 40 0
33 41 0
33 42 -2147483648
33 43 -2147483648
33 44 6
33 45 -2147483648
33 46 -2147483648
33 47 -2147483648
33 48 0
33 49 0
33 50 0
33 51 0
33 52 0
33 53 0
33 54 0
33 55 0
33 56 0
33 57 -2147483648
33 58 -2147483648
33 59 -2147483648
34 0 -2147483648
34 1 0
34 2 0
34 3 0
34 4 0
34 5 0
34 6 2
34 7 -2147483648
34 8 0
34 9 -2147483648
34 10 0
34 11 -2147483648
34 12 -2147483648
34 13 -2147483648
34 14 -2147483648
34 15 0
34 16 -2147483648
34 17 0
34 18 0
34 19 0
34 20 -2147483648
34 21 -2147483648
34 22 -2147483648
34 23 -2147483648
34 24 -2147483648
34 25 -2147483648
34 26 -2147483648
34 27 -2147483648
34 28 -2147483648
34 29 -2147483648
34 30 -2147483648
34 31 -2147483648
34 32 -2147483648
34 33 -2147483648
34 35 -2147483648
34 36 -2147483648
34 37 -2147483648
34 38 0
34 39 -2147483648
34 40 -2147483648
34 41 0
34 42 -2147483648
34 43 -2147483648
34 44 -2147483648
34 45 -2147483648
34 46 -2147483648
34 47 -2147483648
34 48 0
34 49 0
34 50 0
34 51 0
34 52 0
34 53 0
34 54 0
34 55 0
34 56 0
34 57 -2147483648
34 58 -2147483648
34 59 -2147483648
35 0 -2147483648
35 1 0
35 2 0
35 3 0
35 4 0
35 5 0
35 6 2
35 7 -2147483648
35 8 0
35 9 -2147483648
35 10 0
35 11 -2147483648
35 12 -2147483648
35 13 -2147483648
35 14 -2147483648
35 15 0
35 16 -2147483648
35 17 0
35 18 0
35 19 0
35 20 -2147483648
35 21 -2147483648
35 22 -2147483648
35 23 -2147483648
35 24 -2147483648
35 25 -2147483648
35 26 -2147483648
35 27 -2147483648
35 28 -2147483648
35 29 -2147483648
35 30 -2147483648
35 31 -2147483648
35 32 -2147483648
35 33 -2147483648
35 34 -2147483648
35 36 -2147483648
35 37 -2147483648
35 38 0
35 39 -2147483648
35 40 -2147483648
35 41 0
35 42 -2147483648
35 43 -2147483648
35 44 -2147483648
35 45 -2147483648
35 46 -2147483648
35 47 -2147483648
35 48 0
35 49 0
35 50 0
35 51 0
35 52 0
35 53 0
35 54 0
35 55 0
35 56 0
35 57 -2147483648
35 58 -2147483648
35 59 -2147483648
36 0 -2147483648
36 1 0
36 2 0
36 3 0
36 4 0
36 5 0
36 6 0
36 7 0
36 8 0
36 9 2
36 10 0
36 11 0
36 12 -2147483648
36 13 0
36 14 0
36 15 0
36 16 1
36 17 0
36 18 0
36 19 0
36 20 -2147483648
36 21 -2147483648
36 22 -2147483648
36 23 -2147483648
36 24 -2147483648
36 25 -2147483648
36 26 -2147483648
36 27 -2147483648
36 28 -2147483648
36 29 -2147483648
36 30 -2147483648
36 31 -2147483648
36 32 -2147483648
36 33 4
36 34 -2147483648
36 35 -2147483648
36 37 -2147483648
36 38 -2147483648
36 39 -2147483648
36 40 -2147483648
36 41 -2147483648
36 42 -2147483648
36 43 -2147483648
36 44 4
36 45 -2147483648
36 46 -2147483648
36 47 4
36 48 0
36 49 0
36 50 0
36 51 0
36 52 0
36 53 0
36 54 0
36 55 0
36 56 0
36 57 -2147483648
36 58 -2147483648
36 59 -2147483648
37 0 -2147483648
37 1 1
37 2 -2147483648
37 3 -2147483648
37 4 1
37 5 1
37 6 -2147483648
37 7 2
37 8 1
37 9 -2147483648
37 10 1
37 11 -2147483648
37 12 -2147483648
37 13 -2147483648
37 14 -2147483648
37 15 -2147483648
37 16 -2147483648
37 17 -2147483648
37 18 0
37 19 0
37 20 0
37 21 0
37 22 -2147483648
37 23 -2147483648
37 24 -2147483648
37 25 -2147483648
37 26 -2147483648
37 27 -2147483648
37 28 -2147483648
37 29 -2147483648
37 30 0
37 31 0
37 32 -2147483648
37 33 0
37 34 -2147483648
37 35 -2147483648
37 36 -2147483648
37 38 -2147483648
37 39 -2147483648
37 40 -2147483648
37 41 -2147483648
37 42 0
37 43 0
37 44 0
37 45 4
37 46 0
37 47 -2147483648
37 48 0
37 49 0
37 50 0
37 51 0
37 52 0
37 53 0
37 54 0
37 55 0
37 56 0
37 57 0
37 58 0
37 59 -2147483648
38 0 -2147483648
38 1 2
38 2 -2147483648
38 3 -2147483648
38 4 1
38 5 1
38 6 -2147483648
38 7 -2147483648
38 8 4
38 9 -2147483648
38 10 -2147483648
38 11 -2147483648
38 12 -2147483648
38 13 -2147483648
38 14 -2147483648
38 15 -2147483648
38 16 -2147483648
38 17 5
38 18 0
38 19 0
38 20 0
38 21 0
38 22 0
38 23 0
38 24 -2147483648
38 25 -2147483648
38 26 -2147483648
38 27 -2147483648
38 28 -2147483648
38 29 -2147483648
38 30 0
38 31 0
38 32 0
38 33 0
38 34 0
38 35 0
38 36 -2147483648
38 37 -2147483648
38 39 -2147483648
38 40 -2147483648
38 41 -2147483648
38 42 0
38 43 0
38 44 0
38 45 1
38 46 0
38 47 -2147483648
38 48 0
38 49 0
38 50 0
38 51 0
38 52 0
38 53 0
38 54 0
38 55 0
38 56 0
38 57 0
38 58 0
38 59 0
39 0 -2147483648
39 1 1
39 2 -2147483648
39 3 -2147483648
39 4 1
39 5 1
39 6 -2147483648
39 7 4
39 8 -2147483648
39 9 -2147483648
39 10 -2147483648
39 11 -2147483648
39 12 -2147483648
39 13 -2147483648
39 14 -2147483648
39 15 -2147483648
39 16 -2147483648
39 17 -2147483648
39 18 0
39 19 0
39 20 0
39 21 0
39 22 0
39 23 0
39 24 -2147483648
39 25 -2147483648
39 26 -2147483648
39 27 -2147483648
39 28 -2147483648
39 29 -2147483648
39 30 0
39 31 0
39 32 0
39 33 0
39 34 -2147483648
39 35 -2147483648
39 36 -2147483648
39 37 -2147483648
39 38 -2147483648
39 40 -2147483648
39 41 -2147483648
39 42 0
39 43 0
39 44 0
39 45 2
39 46 0
39 47 -2147483648
39 48 0
39 49 0
39 50 0
39 51 0
39 52 0
39 53 0
39 54 0
39 55 0
39 56 0
39 57 0
39 58 0
39 59 0
40 0 -2147483648
40 1 1
40 2 -2147483648
40 3 -2147483648
40 4 1
40 5 1
40 6 -2147483648
40 7 -2147483648
40 8 -2147483648
40 9 -2147483648
40 10 -2147483648
40 11 -2147483648
40 12 -2147483648
40 13 5
40 14 -2147483648
40 15 -2147483648
40 16 -2147483648
40 17 -2147483648
40 18 0
40 19 0
40 20 0
40 21 0
40 22 0
40 23 0
40 24 -2147483648
40 25 -2147483648
40 26 -2147483648
40 27 -2147483648
40 28 -2147483648
40 29 -2147483648
40 30 0
40 31 0
40 32 0
40 33 0
40 34 -2147483648
40 35 -2147483648
40 36 -2147483648
40 37 -2147483648
40 38 -2147483648
40 39 -2147483648
40 41 -2147483648
40 42 0
40 43 0
40 44 0
40 45 3
40 46 0
40 47 -2147483648
40 48 0
40 49 0
40 50 0
40 51 0
40 52 0
40 53 0
40 54 0
40 55 0
40 56 0
40 57 0
40 58 0
40 59 0
41 0 -2147483648
41 1 -2147483648
41 2 -2147483648
41 3 -2147483648
41 4 2
41 5 2
41 6 -2147483648
41 7 -2147483648
41 8 -2147483648
41 9 -2147483648
41 10 5
41 11 -2147483648
41 12 -2147483648
41 13 -2147483648
41 14 -2147483648
41 15 -2147483648
41 16 -2147483648
41 17 -2147483648
41 18 0
41 19 0
41 20 0
41 21 0
41 22 0
41 23 0
41 24 -2147483648
41 25 -2147483648
41 26 -2147483648
41 27 -2147483648
41 28 -2147483648
41 29 -2147483648
41 30 0
41 31 0
41 32 0
41 33 0
41 34 0
41 35 0
41 36 -2147483648
41 37 -2147483648
41 38 -2147483648
41 39 -2147483648
41 40 -2147483648
41 42 0
41 43 0
41 44 0
41 45 1
41 46 0
41 47 -2147483648
41 48 0
41 49 0
41 50 0
41 51 0
41 52 0
41 53 0
41 54 0
41 55 0
41 56 0
41 57 0
41 58 0
41 59 0
42 0 2
42 1 0
42 2 0
42 3 0
42 4 0
42 5 0
42 6 0
42 7 0
42 8 0
42 9 0
42 10 0
42 11 0
42 12 2
42 13 0
42 14 0
42 15 0
42 16 0
42 17 0
42 18 1
42 19 0
42 20 -2147483648
42 21 -2147483648
42 22 -2147483648
42 23 -2147483648
42 24 -2147483648
42 25 -2147483648
42 26 -2147483648
42 27 -2147483648
42 28 -2147483648
42 29 -2147483648
42 30 3
42 31 -2147483648
42 32 -2147483648
42 33 -2147483648
42 34 -2147483648
42 35 -2147483648
42 36 -2147483648
42 37 0
42 38 0
42 39 0
42 40 0
42 41 0
42 43 -2147483648
42 44 -2147483648
42 45 -2147483648
42 46 -2147483648
42 47 -2147483648
42 48 0
42 49 0
42 50 0
42 51 0
42 52 0
42 53 0
42 54 -2147483648
42 55 -2147483648
42 56 -2147483648
42 57 -2147483648
42 58 -2147483648
42 59 -2147483648
43 0 -2147483648
43 1 1
43 2 1
43 3 1
43 4 1
43 5 1
43 6 0
43 7 0
43 8 0
43 9 -2147483648
43 10 0
43 11 -2147483648
43 12 -2147483648
43 13 1
43 14 1
43 15 1
43 16 1
43 17 1
43 18 0
43 19 0
43 20 -2147483648
43 21 -2147483648
43 22 -2147483648
43 23 -2147483648
43 24 -2147483648
43 25 -2147483648
43 26 -2147483648
43 27 -2147483648
43 28 -2147483648
43 29 -2147483648
43 30 -2147483648
43 31 3
43 32 -2147483648
43 33 -2147483648
43 34 -2147483648
43 35 -2147483648
43 36 -2147483648
43 37 0
43 38 0
43 39 0
43 40 0
43 41 0
43 42 -2147483648
43 44 -2147483648
43 45 -2147483648
43 46 -2147483648
43 47 -2147483648
43 48 0
43 49 0
43 50 0
43 51 0
43 52 0
43 53 0
43 54 0
43 55 0
43 56 0
43 57 -2147483648
43 58 -2147483648
43 59 -2147483648
44 0 -2147483648
44 1 2
44 2 1
44 3 1
44 4 2
44 5 2
44 6 0
44 7 -2147483648
44 8 -2147483648
44 9 2
44 10 -2147483648
44 11 -2147483648
44 12 -2147483648
44 13 2
44 14 1
44 15 1
44 16 3
44 17 2
44 18 0
44 19 0
44 20 -2147483648
44 21 -2147483648
44 22 -2147483648
44 23 -2147483648
44 24 -2147483648
44 25 -2147483648
44 26 -2147483648
44 27 -2147483648
44 28 -2147483648
44 29 -2147483648
44 30 -2147483648
44 31 -2147483648
44 32 -2147483648
44 33 6
44 34 -2147483648
44 35 -2147483648
44 36 4
44 37 0
44 38 0
44 39 0
44 40 0
44 41 0
44 42 -2147483648
44 43 -2147483648
44 45 -2147483648
44 46 -2147483648
44 47 -2147483648
44 48 0
44 49 0
44 50 0
44 51 0
44 52 0
44 53 0
44 54 0
44 55 0
44 56 0
44 57 -2147483648
44 58 -2147483648
44 59 -2147483648
45 0 -2147483648
45 1 3
45 2 -2147483648
45 3 -2147483648
45 4 3
45 5 3
45 6 -2147483648
45 7 -2147483648
45 8 -2147483648
45 9 -2147483648
45 10 -2147483648
45 11 -2147483648
45 12 -2147483648
45 13 5
45 14 -2147483648
45 15 -2147483648
45 16 -2147483648
45 17 3
45 18 0
45 19 0
45 20 -2147483648
45 21 -2147483648
45 22 -2147483648
45 23 -2147483648
45 24 -2147483648
45 25 -2147483648
45 26 -2147483648
45 27 -2147483648
45 28 -2147483648
45 29 -2147483648
45 30 -2147483648
45 31 -2147483648
45 32 -2147483648
45 33 -2147483648
45 34 -2147483648
45 35 -2147483648
45 36 -2147483648
45 37 4
45 38 1
45 39 2
45 40 3
45 41 1
45 42 -2147483648
45 43 -2147483648
45 44 -2147483648
45 46 -2147483648
45 47 -2147483648
45 48 0
45 49 0
45 50 0
45 51 0
45 52 0
45 53 0
45 54 0
45 55 0
45 56 0
45 57 -2147483648
45 58 -2147483648
45 59 -2147483648
46 0 -2147483648
46 1 1
46 2 2
46 3 2
46 4 1
46 5 1
46 6 0
46 7 0
46 8 0
46 9 -2147483648
46 10 0
46 11 -2147483648
46 12 -2147483648
46 13 1
46 14 2
46 15 2
46 16 1
46 17 1
46 18 0
46 19 0
46 20 -2147483648
46 21 -2147483648
46 22 -2147483648
46 23 -2147483648
46 24 -2147483648
46 25 -2147483648
46 26 -2147483648
46 27 -2147483648
46 28 -2147483648
46 29 -2147483648
46 30 -2147483648
46 31 3
46 32 -2147483648
46 33 -2147483648
46 34 -2147483648
46 35 -2147483648
46 36 -2147483648
46 37 0
46 38 0
46 39 0
46 40 0
46 41 0
46 42 -2147483648
46 43 -2147483648
46 44 -2147483648
46 45 -2147483648
46 47 -2147483648
46 48 0
46 49 0
46 50 0
46 51 0
46 52 0
46 53 0
46 54 0
46 55 0
46 56 0
46 57 -2147483648
46 58 -2147483648
46 59 -2147483648
47 0 -2147483648
47 1 -2147483648
47 2 3
47 3 3
47 4 -2147483648
47 5 -2147483648
47 6 0
47 7 -2147483648
47 8 -2147483648
47 9 2
47 10 -2147483648
47 11 -2147483648
47 12 -2147483648
47 13 -2147483648
47 14 3
47 15 3
47 16 -2147483648
47 17 -2147483648
47 18 0
47 19 0
47 20 -2147483648
47 21 -2147483648
47 22 -2147483648
47 23 -2147483648
47 24 -2147483648
47 25 -2147483648
47 26 -2147483648
47 27 -2147483648
47 28 -2147483648
47 29 -2147483648
47 30 -2147483648
47 31 -2147483648
47 32 -2147483648
47 33 -2147483648
47 34 -2147483648
47 35 -2147483648
47 36 4
47 37 -2147483648
47 38 -2147483648
47 39 -2147483648
47 40 -2147483648
47 41 -2147483648
47 42 -2147483648
47 43 -2147483648
47 44 -2147483648
47 45 -2147483648
47 46 -2147483648
47 48 0
47 49 0
47 50 0
47 51 0
47 52 0
47 53 0
47 54 0
47 55 0
47 56 0
47 57 -2147483648
47 58 -2147483648
47 59 -2147483648
48 0 -2147483648
48 1 1
48 2 1
48 3 1
48 4 1
48 5 1
48 6 0
48 7 0
48 8 0
48 9 0
48 10 0
48 11 0
48 12 0
48 13 0
48 14 0
48 15 0
48 16 0
48 17 0
48 18 0
48 19 0
48 20 0
48 21 0
48 22 0
48 23 0
48 24 0
48 25 0
48 26 0
48 27 0
48 28 0
48 29 0
48 30 0
48 31 0
48 32 0
48 33 0
48 34 0
48 35 0
48 36 0
48 37 0
48 38 0
48 39 0
48 40 0
48 41 0
48 42 0
48 43 0
48 44 0
48 45 0
48 46 0
48 47 0
48 49 -2147483648
48 50 -2147483648
48 51 -2147483648
48 52 -2147483648
48 53 -2147483648
48 54 0
48 55 0
48 56 0
48 57 0
48 58 0
48 59 0
49 0 -2147483648
49 1 0
49 2 0
49 3 0
49 4 0
49 5 0
49 6 0
49 7 0
49 8 0
49 9 0
49 10 0
49 11 0
49 12 0
49 13 0
49 14 0
49 15 0
49 16 0
49 17 0
49 18 0
49 19 0
49 20 0
49 21 0
49 22 0
49 23 0
49 24 0
49 25 -2147483648
49 26 0
49 27 0
49 28 0
49 29 0
49 30 0
49 31 0
49 32 0
49 33 0
49 34 0
49 35 0
49 36 0
49 37 0
49 38 0
49 39 0
49 40 0
49 41 0
49 42 0
49 43 0
49 44 0
49 45 0
49 46 0
49 47 0
49 48 -2147483648
49 50 -2147483648
49 51 -2147483648
49 52 -2147483648
49 53 -2147483648
49 54 0
49 55 0
49 56 0
49 57 0
49 58 0
49 59 0
50 0 -2147483648
50 1 -2147483648
50 2 -2147483648
50 3 -2147483648
50 4 -2147483648
50 5 0
50 6 0
50 7 0
50 8 0
50 9 0
50 10 0
50 11 0
50 12 0
50 13 0
50 14 0
50 15 0
50 16 0
50 17 0
50 18 0
50 19 0
50 20 0
50 21 0
50 22 0
50 23 0
50 24 0
50 25 -2147483648
50 26 0
50 27 0
50 28 0
50 29 0
50 30 0
50 31 0
50 32 0
50 33 0
50 34 0
50 35 0
50 36 0
50 37 0
50 38 0
50 39 0
50 40 0
50 41 0
50 42 0
50 43 0
50 44 0
50 45 0
50 46 0
50 47 0
50 48 -2147483648
50 49 -2147483648
50 51 -2147483648
50 52 -2147483648
50 53 -2147483648
50 54 0
50 55 0
50 56 0
50 57 0
50 58 0
50 59 0
51 0 -2147483648
51 1 0
51 2 0
51 3 0
51 4 0
51 5 0
51 6 0
51 7 0
51 8 0
51 9 0
51 10 0
51 11 0
51 12 0
51 13 0
51 14 0
51 15 0
51 16 0
51 17 0
51 18 0
51 19 0
51 20 0
51 21 0
51 22 0
51 23 0
51 24 -2147483648
51 25 -2147483648
51 26 0
51 27 0
51 28 0
51 29 0
51 30 0
51 31 0
51 32 0
51 33 0
51 34 0
51 35 0
51 36 0
51 37 0
51 38 0
51 39 0
51 40 0
51 41 0
51 42 0
51 43 0
51 44 0
51 45 0
51 46 0
51 47 0
51 48 -2147483648
51 49 -2147483648
51 50 -2147483648
51 52 -2147483648
51 53 -2147483648
51 54 0
51 55 0
51 56 0
51 57 0
51 58 0
51 59 0
52 0 -2147483648
52 1 -2147483648
52 2 -2147483648
52 3 -2147483648
52 4 -2147483648
52 5 -2147483648
52 6 0
52 7 0
52 8 0
52 9 0
52 10 0
52 11 0
52 12 0
52 13 0
52 14 0
52 15 0
52 16 0
52 17 0
52 18 0
52 19 0
52 20 0
52 21 0
52 22 0
52 23 0
52 24 0
52 25 -2147483648
52 26 0
52 27 0
52 28 0
52 29 0
52 30 0
52 31 0
52 32 0
52 33 0
52 34 0
52 35 0
52 36 0
52 37 0
52 38 0
52 39 0
52 40 0
52 41 0
52 42 0
52 43 0
52 44 0
52 45 0
52 46 0
52 47 0
52 48 -2147483648
52 49 -2147483648
52 50 -2147483648
52 51 -2147483648
52 53 -2147483648
52 54 0
52 55 0
52 56 0
52 57 0
52 58 0
52 59 0
53 0 -2147483648
53 1 -2147483648
53 2 -2147483648
53 3 -2147483648
53 4 -2147483648
53 5 0
53 6 0
53 7 0
53 8 0
53 9 0
53 10 0
53 11 0
53 12 0
53 13 0
53 14 0
53 15 0
53 16 0
53 17 0
53 18 0
53 19 0
53 20 0
53 21 0
53 22 0
53 23 0
53 24 -2147483648
53 25 -2147483648
53 26 0
53 27 0
53 28 0
53 29 0
53 30 0
53 31 0
53 32 0
53 33 0
53 34 0
53 35 0
53 36 0
53 37 0
53 38 0
53 39 0
53 40 0
53 41 0
53 42 0
53 43 0
53 44 0
53 45 0
53 46 0
53 47 0
53 48 -2147483648
53 49 -2147483648
53 50 -2147483648
53 51 -2147483648
53 52 -2147483648
53 54 0
53 55 0
53 56 0
53 57 0
53 58 0
53 59 0
54 0 0
54 1 0
54 2 0
54 3 0
54 4 0
54 5 0
54 6 0
54 7 0
54 8 0
54 9 0
54 10 0
54 11 0
54 12 0
54 13 0
54 14 0
54 15 0
54 16 0
54 17 0
54 18 -2147483648
54 19 0
54 20 -2147483648
54 21 -2147483648
54 22 -2147483648
54 23 -2147483648
54 24 -2147483648
54 25 0
54 26 0
54 27 0
54 28 0
54 29 0
54 30 -2147483648
54 31 0
54 32 0
54 33 0
54 34 0
54 35 0
54 36 0
54 37 0
54 38 0
54 39 0
54 40 0
54 41 0
54 42 -2147483648
54 43 0
54 44 0
54 45 0
54 46 0
54 47 0
54 48 0
54 49 0
54 50 0
54 51 0
54 52 0
54 53 0
54 55 -2147483648
54 56 -2147483648
54 57 -2147483648
54 58 -2147483648
54 59 -2147483648
55 0 0
55 1 0
55 2 0
55 3 0
55 4 0
55 5 0
55 6 0
55 7 0
55 8 0
55 9 0
55 10 0
55 11 0
55 12 0
55 13 0
55 14 0
55 15 0
55 16 0
55 17 0
55 18 -2147483648
55 19 1
55 20 -2147483648
55 21 -2147483648
55 22 -2147483648
55 23 -2147483648
55 24 -2147483648
55 25 0
55 26 0
55 27 0
55 28 0
55 29 0
55 30 -2147483648
55 31 0
55 32 0
55 33 0
55 34 0
55 35 0
55 36 0
55 37 0
55 38 0
55 39 0
55 40 0
55 41 0
55 42 -2147483648
55 43 0
55 44 0
55 45 0
55 46 0
55 47 0
55 48 0
55 49 0
55 50 0
55 51 0
55 52 0
55 53 0
55 54 -2147483648
55 56 -2147483648
55 57 -2147483648
55 58 -2147483648
55 59 -2147483648
56 0 -2147483648
56 1 0
56 2 0
56 3 0
56 4 0
56 5 0
56 6 0
56 7 0
56 8 0
56 9 0
56 10 0
56 11 0
56 12 -2147483648
56 13 0
56 14 0
56 15 0
56 16 0
56 17 0
56 18 1
56 19 -2147483648
56 20 -2147483648
56 21 -2147483648
56 22 -2147483648
56 23 -2147483648
56 24 -2147483648
56 25 -2147483648
56 26 -2147483648
56 27 -2147483648
56 28 -2147483648
56 29 -2147483648
56 30 -2147483648
56 31 0
56 32 0
56 33 0
56 34 0
56 35 0
56 36 0
56 37 0
56 38 0
56 39 0
56 40 0
56 41 0
56 42 -2147483648
56 43 0
56 44 0
56 45 0
56 46 0
56 47 0
56 48 0
56 49 0
56 50 0
56 51 0
56 52 0
56 53 0
56 54 -2147483648
56 55 -2147483648
56 57 -2147483648
56 58 -2147483648
56 59 -2147483648
57 0 -2147483648
57 1 0
57 2 0
57 3 0
57 4 0
57 5 0
57 6 0
57 7 0
57 8 0
57 9 -2147483648
57 10 0
57 11 0
57 12 -2147483648
57 13 0
57 14 0
57 15 0
57 16 0
57 17 0
57 18 -2147483648
57 19 -2147483648
57 20 3
57 21 -2147483648
57 22 -2147483648
57 23 -2147483648
57 24 -2147483648
57 25 -2147483648
57 26 -2147483648
57 27 -2147483648
57 28 -2147483648
57 29 -2147483648
57 30 -2147483648
57 31 -2147483648
57 32 -2147483648
57 33 -2147483648
57 34 -2147483648
57 35 -2147483648
57 36 -2147483648
57 37 0
57 38 0
57 39 0
57 40 0
57 41 0
57 42 -2147483648
57 43 -2147483648
57 44 -2147483648
57 45 -2147483648
57 46 -2147483648
57 47 -2147483648
57 48 0
57 49 0
57 50 0
57 51 0
57 52 0
57 53 0
57 54 -2147483648
57 55 -2147483648
57 56 -2147483648
57 58 -2147483648
57 59 -2147483648
58 0 -2147483648
58 1 0
58 2 0
58 3 0
58 4 0
58 5 0
58 6 0
58 7 0
58 8 0
58 9 -2147483648
58 10 0
58 11 0
58 12 -2147483648
58 13 0
58 14 0
58 15 0
58 16 0
58 17 0
58 18 -2147483648
58 19 -2147483648
58 20 -2147483648
58 21 5
58 22 -2147483648
58 23 -2147483648
58 24 -2147483648
58 25 -2147483648
58 26 -2147483648
58 27 -2147483648
58 28 -2147483648
58 29 -2147483648
58 30 -2147483648
58 31 3
58 32 -2147483648
58 33 -2147483648
58 34 -2147483648
58 35 -2147483648
58 36 -2147483648
58 37 0
58 38 0
58 39 0
58 40 0
58 41 0
58 42 -2147483648
58 43 -2147483648
58 44 -2147483648
58 45 -2147483648
58 46 -2147483648
58 47 -2147483648
58 48 0
58 49 0
58 50 0
58 51 0
58 52 0
58 53 0
58 54 -2147483648
58 55 -2147483648
58 56 -2147483648
58 57 -2147483648
58 59 -2147483648
59 0 -2147483648
59 1 0
59 2 0
59 3 0
59 4 0
59 5 0
59 6 0
59 7 0
59 8 0
59 9 -2147483648
59 10 0
59 11 0
59 12 -2147483648
59 13 0
59 14 0
59 15 0
59 16 0
59 17 0
59 18 -2147483648
59 19 -2147483648
59 20 -2147483648
59 21 -2147483648
59 22 5
59 23 -2147483648
59 24 -2147483648
59 25 -2147483648
59 26 -2147483648
59 27 -2147483648
59 28 -2147483648
59 29 -2147483648
59 30 -2147483648
59 31 -2147483648
59 32 -2147483648
59 33 -2147483648
59 34 -2147483648
59 35 -2147483648
59 36 -2147483648
59 37 -2147483648
59 38 0
59 39 0
59 40 0
59 41 0
59 42 -2147483648
59 43 -2147483648
59 44 -2147483648
59 45 -2147483648
59 46 -2147483648
59 47 -2147483648
59 48 0
59 49 0
59 50 0
59 51 0
59 52 0
59 53 0
59 54 -2147483648
59 55 -2147483648
59 56 -2147483648
59 57 -2147483648
59 58 -2147483648
