1 2 
1 3 2 
1 6 7 4 2 
1 3 9 10 5 4 2 
1 6 7 8 9 3 2 
1 6 11 12 14 4 2 
1 3 9 8 7 4 2 
1 3 9 10 12 14 4 2 
1 6 11 12 10 9 3 2 
1 6 11 13 10 9 3 2 
1 6 11 12 10 5 4 2 
1 3 
1 2 3 
1 6 7 8 9 3 
1 6 7 4 2 3 
1 2 4 5 10 9 3 
1 6 11 12 10 9 3 
1 2 4 7 8 9 3 
1 6 11 13 10 9 3 
1 6 7 4 5 10 9 3 
1 6 11 12 14 4 2 3 
1 2 4 14 12 10 9 3 
1 2 4 
1 6 7 4 
1 3 9 10 5 4 
1 6 11 12 14 4 
1 3 9 8 7 4 
1 3 9 10 12 14 4 
1 6 11 12 10 5 4 
1 6 11 13 10 5 4 
1 6 11 13 10 12 14 4 
1 6 7 8 9 10 5 4 
1 3 9 10 12 11 6 7 4 
1 2 4 5 
1 3 9 10 5 
1 6 11 12 10 5 
1 6 11 13 10 5 
1 6 7 8 9 10 5 
1 6 7 4 14 12 10 5 
1 6 7 4 2 3 9 10 5 
1 3 9 8 7 4 14 12 10 5 
1 3 9 8 7 6 11 12 10 5 
1 6 7 4 14 12 11 13 10 5 
1 3 9 8 7 6 11 13 10 5 
1 6 
1 2 4 7 6 
1 3 9 8 7 6 
1 3 2 4 7 6 
1 2 4 14 12 11 6 
1 2 3 9 8 7 6 
1 3 9 10 12 11 6 
1 3 9 10 13 11 6 
1 3 2 4 14 12 11 6 
1 2 4 5 10 13 11 6 
1 2 3 9 10 12 11 6 
1 6 7 
1 2 4 7 
1 3 9 8 7 
1 3 2 4 7 
1 2 3 9 8 7 
1 3 9 10 5 4 7 
1 2 4 5 10 9 8 7 
1 2 3 9 10 5 4 7 
1 3 9 10 12 14 4 7 
1 3 2 4 5 10 9 8 7 
1 2 4 14 12 10 9 8 7 
1 3 9 8 
1 6 7 8 
1 2 4 7 8 
1 6 11 12 14 4 7 8 
1 6 11 12 10 5 4 7 8 
1 6 11 13 10 5 4 7 8 
1 2 4 14 12 11 6 7 8 
1 2 4 5 10 12 11 6 7 8 
1 6 11 13 10 12 14 4 7 8 
1 2 4 5 10 13 11 6 7 8 
1 6 11 12 10 9 3 2 4 7 8 
1 3 9 
1 6 7 8 9 
1 2 4 5 10 9 
1 6 11 12 10 9 
1 2 4 7 8 9 
1 6 11 13 10 9 
1 2 4 14 12 10 9 
1 6 7 4 5 10 9 
1 6 7 4 14 12 10 9 
1 2 4 7 6 11 12 10 9 
1 2 4 14 12 11 13 10 9 
1 3 9 10 
1 2 4 5 10 
1 6 11 12 10 
1 6 11 13 10 
1 2 4 14 12 10 
1 6 7 4 5 10 
1 6 7 4 14 12 10 
1 6 11 12 14 4 5 10 
1 2 4 14 12 11 13 10 
1 2 4 7 6 11 12 10 
1 2 4 7 6 11 13 10 
1 6 11 
1 3 9 10 12 11 
1 3 9 10 13 11 
1 2 4 14 12 11 
1 2 3 9 10 12 11 
1 2 4 5 10 13 11 
1 3 2 4 14 12 11 
1 2 3 9 10 13 11 
1 2 4 5 10 12 11 
1 2 4 14 12 10 13 11 
1 3 2 4 5 10 13 11 
1 6 11 12 
1 3 9 10 12 
1 2 4 14 12 
1 3 2 4 14 12 
1 2 4 5 10 12 
1 2 3 9 10 12 
1 3 2 4 5 10 12 
1 3 9 8 7 4 14 12 
1 3 9 10 5 4 14 12 
1 2 4 7 8 9 10 12 
1 2 3 9 8 7 4 14 12 
1 6 11 13 
1 3 9 10 13 
1 2 4 5 10 13 
1 2 3 9 10 13 
1 3 2 4 5 10 13 
1 2 4 14 12 10 13 
1 2 4 7 8 9 10 13 
1 3 2 4 14 12 10 13 
1 3 9 8 7 4 5 10 13 
1 3 2 4 7 8 9 10 13 
1 2 3 9 8 7 4 5 10 13 
1 2 4 14 
1 6 11 12 14 
1 3 9 10 12 14 
1 6 11 13 10 12 14 
1 6 7 4 5 10 12 14 
1 6 7 8 9 10 12 14 
1 3 9 10 13 11 12 14 
1 3 9 8 7 6 11 12 14 
1 3 9 8 7 4 5 10 12 14 
1 6 7 4 5 10 13 11 12 14 
1 6 7 4 2 3 9 10 12 14 
2 3 
2 1 3 
2 4 5 10 9 3 
2 4 7 6 1 3 
2 4 7 8 9 3 
2 1 6 7 8 9 3 
2 4 14 12 10 9 3 
2 1 6 11 12 10 9 3 
2 4 14 12 11 6 1 3 
2 1 6 11 13 10 9 3 
2 4 5 10 12 11 6 1 3 
2 4 
2 1 6 7 4 
2 3 9 10 5 4 
2 3 9 8 7 4 
2 3 1 6 7 4 
2 1 6 11 12 14 4 
2 1 3 9 10 5 4 
2 3 9 10 12 14 4 
2 1 3 9 8 7 4 
2 3 1 6 11 12 14 4 
2 1 6 11 12 10 5 4 
2 4 5 
2 3 9 10 5 
2 1 3 9 10 5 
2 1 6 11 12 10 5 
2 1 6 11 13 10 5 
2 1 6 7 8 9 10 5 
2 3 1 6 11 12 10 5 
2 3 1 6 11 13 10 5 
2 1 6 7 4 14 12 10 5 
2 3 1 6 7 8 9 10 5 
2 3 9 8 7 4 14 12 10 5 
2 1 6 
2 4 7 6 
2 3 9 8 7 6 
2 4 14 12 11 6 
2 3 9 10 12 11 6 
2 4 5 10 13 11 6 
2 3 9 10 13 11 6 
2 4 5 10 12 11 6 
2 4 14 12 10 13 11 6 
2 3 9 10 5 4 7 6 
2 4 5 10 9 8 7 6 
2 4 7 
2 1 6 7 
2 3 9 8 7 
2 3 1 6 7 
2 1 3 9 8 7 
2 3 9 10 12 11 6 7 
2 3 9 10 13 11 6 7 
2 1 6 11 12 10 9 8 7 
2 1 6 11 13 10 9 8 7 
2 1 3 9 10 12 11 6 7 
2 1 3 9 10 13 11 6 7 
2 3 9 8 
2 4 7 8 
2 1 6 7 8 
2 4 14 12 11 6 7 8 
2 4 5 10 12 11 6 7 8 
2 1 6 11 12 14 4 7 8 
2 4 5 10 13 11 6 7 8 
2 4 5 10 9 3 1 6 7 8 
2 4 14 12 10 13 11 6 7 8 
2 1 6 11 12 10 5 4 7 8 
2 1 6 11 13 10 5 4 7 8 
2 3 9 
2 4 5 10 9 
2 4 7 8 9 
2 1 6 7 8 9 
2 4 14 12 10 9 
2 1 6 11 12 10 9 
2 1 6 11 13 10 9 
2 1 6 7 4 5 10 9 
2 4 14 12 11 13 10 9 
2 4 7 6 11 12 10 9 
2 4 7 6 11 13 10 9 
2 3 9 10 
2 4 5 10 
2 4 14 12 10 
2 1 6 11 12 10 
2 1 6 11 13 10 
2 4 14 12 11 13 10 
2 4 7 6 11 12 10 
2 4 7 6 11 13 10 
2 1 6 7 4 5 10 
2 1 6 7 4 14 12 10 
2 1 6 11 12 14 4 5 10 
2 1 6 11 
2 4 14 12 11 
2 3 9 10 12 11 
2 4 5 10 12 11 
2 3 9 10 13 11 
2 4 5 10 13 11 
2 4 14 12 10 13 11 
2 4 7 8 9 10 12 11 
2 4 7 8 9 10 13 11 
2 3 9 8 7 4 14 12 11 
2 3 9 10 5 4 14 12 11 
2 4 14 12 
2 1 6 11 12 
2 3 9 10 12 
2 1 3 9 10 12 
2 3 1 6 11 12 
2 1 6 11 13 10 12 
2 3 9 10 13 11 12 
2 1 3 9 10 13 11 12 
2 3 1 6 11 13 10 12 
2 1 6 7 4 5 10 12 
2 1 6 7 8 9 10 12 
2 1 6 11 13 
2 3 9 10 13 
2 4 5 10 13 
2 4 14 12 10 13 
2 4 7 8 9 10 13 
2 4 7 6 1 3 9 10 13 
2 3 9 8 7 4 5 10 13 
2 3 9 8 7 4 14 12 10 13 
2 4 14 12 11 6 1 3 9 10 13 
2 4 14 12 11 6 7 8 9 10 13 
2 4 14 
2 1 6 11 12 14 
2 3 9 10 12 14 
2 1 3 9 10 12 14 
2 3 1 6 11 12 14 
2 1 6 11 13 10 12 14 
2 3 9 10 13 11 12 14 
2 1 6 7 4 5 10 12 14 
2 1 6 7 8 9 10 12 14 
2 3 9 8 7 6 11 12 14 
2 3 1 6 11 13 10 12 14 
3 2 4 
3 1 6 7 4 
3 9 10 5 4 
3 9 8 7 4 
3 9 10 12 14 4 
3 1 6 11 12 14 4 
3 9 10 12 11 6 7 4 
3 9 10 13 11 6 7 4 
3 1 6 11 12 10 5 4 
3 1 6 11 13 10 5 4 
3 9 10 13 11 12 14 4 
3 2 4 5 
3 9 10 5 
3 1 6 11 12 10 5 
3 1 6 11 13 10 5 
3 1 6 7 8 9 10 5 
3 9 8 7 4 14 12 10 5 
3 9 8 7 6 11 12 10 5 
3 1 6 7 4 14 12 10 5 
3 9 8 7 6 11 13 10 5 
3 9 8 7 4 14 12 11 13 10 5 
3 1 6 7 4 14 12 11 13 10 5 
3 1 6 
3 2 4 7 6 
3 9 8 7 6 
3 9 10 12 11 6 
3 9 10 13 11 6 
3 2 4 14 12 11 6 
3 9 10 5 4 7 6 
3 9 10 12 14 4 7 6 
3 2 4 5 10 13 11 6 
3 2 4 5 10 12 11 6 
3 2 4 14 12 10 13 11 6 
3 1 6 7 
3 2 4 7 
3 9 8 7 
3 9 10 5 4 7 
3 9 10 12 14 4 7 
3 2 4 5 10 9 8 7 
3 9 10 13 11 12 14 4 7 
3 2 4 14 12 10 9 8 7 
3 9 10 12 11 6 1 2 4 7 
3 9 10 13 11 6 1 2 4 7 
3 2 4 14 12 11 13 10 9 8 7 
3 9 8 
3 1 6 7 8 
3 2 4 7 8 
3 1 2 4 7 8 
3 2 1 6 7 8 
3 1 6 11 12 14 4 7 8 
3 2 4 14 12 11 6 7 8 
3 2 4 5 10 12 11 6 7 8 
3 1 6 11 12 10 5 4 7 8 
3 1 6 11 13 10 5 4 7 8 
3 2 1 6 11 12 14 4 7 8 
3 9 
3 1 6 7 8 9 
3 2 4 5 10 9 
3 2 4 7 8 9 
3 1 6 11 12 10 9 
3 1 2 4 5 10 9 
3 2 1 6 7 8 9 
3 2 4 14 12 10 9 
3 1 6 11 13 10 9 
3 1 2 4 7 8 9 
3 1 6 7 4 5 10 9 
3 9 10 
3 2 4 5 10 
3 2 4 14 12 10 
3 1 6 11 12 10 
3 1 6 11 13 10 
3 1 2 4 5 10 
3 2 1 6 11 12 10 
3 1 2 4 14 12 10 
3 2 1 6 11 13 10 
3 1 6 7 4 5 10 
3 2 4 14 12 11 13 10 
3 1 6 11 
3 9 10 12 11 
3 9 10 13 11 
3 2 4 14 12 11 
3 2 4 5 10 12 11 
3 2 4 5 10 13 11 
3 2 4 14 12 10 13 11 
3 9 8 7 4 14 12 11 
3 9 10 5 4 14 12 11 
3 2 4 7 8 9 10 12 11 
3 2 4 7 8 9 10 13 11 
3 9 10 12 
3 1 6 11 12 
3 2 4 14 12 
3 1 2 4 14 12 
3 2 1 6 11 12 
3 1 6 7 4 14 12 
3 2 4 7 6 11 12 
3 2 4 5 10 13 11 12 
3 2 1 6 7 4 14 12 
3 1 2 4 7 6 11 12 
3 1 2 4 5 10 13 11 12 
3 9 10 13 
3 1 6 11 13 
3 2 1 6 11 13 
3 2 4 7 6 11 13 
3 2 4 14 12 11 13 
3 2 4 5 10 12 11 13 
3 1 2 4 7 6 11 13 
3 1 2 4 14 12 11 13 
3 1 2 4 5 10 12 11 13 
3 1 6 7 4 14 12 11 13 
3 1 6 7 4 5 10 12 11 13 
3 2 4 14 
3 9 10 12 14 
3 1 6 11 12 14 
3 9 10 13 11 12 14 
3 1 6 11 13 10 12 14 
3 9 8 7 6 11 12 14 
3 9 8 7 4 5 10 12 14 
3 1 6 7 4 5 10 12 14 
3 1 6 7 8 9 10 12 14 
3 9 10 5 4 7 6 11 12 14 
3 9 8 7 6 11 13 10 12 14 
4 5 
4 14 12 10 5 
4 2 3 9 10 5 
4 7 8 9 10 5 
4 14 12 11 13 10 5 
4 2 1 3 9 10 5 
4 7 6 11 12 10 5 
4 7 6 11 13 10 5 
4 2 1 6 11 12 10 5 
4 7 6 1 3 9 10 5 
4 2 1 6 11 13 10 5 
4 7 6 
4 2 1 6 
4 2 3 1 6 
4 14 12 11 6 
4 5 10 13 11 6 
4 5 10 12 11 6 
4 14 12 10 13 11 6 
4 5 10 9 3 1 6 
4 2 3 9 10 12 11 6 
4 14 12 10 9 3 1 6 
4 5 10 9 3 2 1 6 
4 7 
4 2 1 6 7 
4 2 3 9 8 7 
4 5 10 9 8 7 
4 2 3 1 6 7 
4 14 12 11 6 7 
4 2 1 3 9 8 7 
4 5 10 12 11 6 7 
4 14 12 10 9 8 7 
4 5 10 13 11 6 7 
4 5 10 9 3 1 6 7 
4 7 8 
4 2 3 9 8 
4 5 10 9 8 
4 14 12 10 9 8 
4 2 1 3 9 8 
4 14 12 11 13 10 9 8 
4 2 1 6 11 12 10 9 8 
4 14 12 11 6 1 3 9 8 
4 2 1 6 11 13 10 9 8 
4 2 3 1 6 11 12 10 9 8 
4 5 10 12 11 6 1 3 9 8 
4 2 3 9 
4 5 10 9 
4 7 8 9 
4 14 12 10 9 
4 14 12 11 13 10 9 
4 7 6 11 12 10 9 
4 7 6 11 13 10 9 
4 14 12 11 6 7 8 9 
4 5 10 12 11 6 7 8 9 
4 5 10 13 11 6 7 8 9 
4 14 12 10 13 11 6 7 8 9 
4 5 10 
4 14 12 10 
4 2 3 9 10 
4 7 8 9 10 
4 14 12 11 13 10 
4 2 1 3 9 10 
4 7 6 11 12 10 
4 7 6 11 13 10 
4 2 1 6 11 12 10 
4 7 6 1 3 9 10 
4 2 1 6 11 13 10 
4 7 6 11 
4 14 12 11 
4 5 10 12 11 
4 5 10 13 11 
4 14 12 10 13 11 
4 2 3 9 10 12 11 
4 2 3 9 10 13 11 
4 2 1 3 9 10 12 11 
4 2 1 3 9 10 13 11 
4 2 1 6 7 8 9 10 12 11 
4 2 1 6 7 8 9 10 13 11 
4 14 12 
4 5 10 12 
4 7 6 11 12 
4 5 10 13 11 12 
4 7 8 9 10 12 
4 2 3 9 10 12 
4 2 1 6 11 12 
4 7 6 11 13 10 12 
4 2 3 1 6 11 12 
4 2 1 3 9 10 12 
4 7 6 1 3 9 10 12 
4 5 10 13 
4 7 6 11 13 
4 14 12 11 13 
4 2 1 6 11 13 
4 2 3 1 6 11 13 
4 7 8 9 10 12 11 13 
4 2 3 9 10 12 11 13 
4 7 8 9 3 1 6 11 13 
4 2 3 9 8 7 6 11 13 
4 2 1 3 9 10 12 11 13 
4 14 12 10 9 3 1 6 11 13 
4 14 
4 5 10 12 14 
4 7 6 11 12 14 
4 5 10 13 11 12 14 
4 7 8 9 10 12 14 
4 2 3 9 10 12 14 
4 2 1 6 11 12 14 
4 7 6 11 13 10 12 14 
4 2 3 1 6 11 12 14 
4 2 1 3 9 10 12 14 
4 7 6 1 3 9 10 12 14 
5 4 7 6 
5 10 12 11 6 
5 10 13 11 6 
5 10 9 3 1 6 
5 10 9 3 2 1 6 
5 10 12 14 4 2 1 6 
5 10 9 8 7 4 2 1 6 
5 10 12 14 4 2 3 1 6 
5 10 9 3 2 4 14 12 11 6 
5 10 13 11 12 14 4 2 1 6 
5 10 9 8 7 4 2 3 1 6 
5 4 7 
5 10 9 8 7 
5 10 12 11 6 7 
5 10 13 11 6 7 
5 10 9 3 1 6 7 
5 10 9 3 2 1 6 7 
5 10 12 14 4 2 1 6 7 
5 10 12 11 6 1 3 9 8 7 
5 10 12 14 4 2 3 9 8 7 
5 10 13 11 6 1 3 9 8 7 
5 10 12 14 4 2 3 1 6 7 
5 4 7 8 
5 10 9 8 
5 10 12 11 6 1 3 9 8 
5 10 12 14 4 2 3 9 8 
5 10 13 11 6 1 3 9 8 
5 10 12 11 6 1 2 3 9 8 
5 10 12 14 4 2 1 3 9 8 
5 10 13 11 6 1 2 3 9 8 
5 10 12 11 6 7 4 2 3 9 8 
5 10 13 11 6 7 4 2 3 9 8 
5 10 13 11 12 14 4 2 3 9 8 
5 10 9 
5 4 2 3 9 
5 4 7 8 9 
5 4 2 1 3 9 
5 4 7 6 1 3 9 
5 4 2 1 6 7 8 9 
5 4 7 6 1 2 3 9 
5 4 2 3 1 6 7 8 9 
5 4 14 12 11 6 1 3 9 
5 4 14 12 11 6 7 8 9 
5 4 14 12 11 6 1 2 3 9 
5 10 
5 4 14 12 10 
5 4 2 3 9 10 
5 4 7 8 9 10 
5 4 14 12 11 13 10 
5 4 2 1 3 9 10 
5 4 7 6 11 12 10 
5 4 7 6 11 13 10 
5 4 2 1 6 11 12 10 
5 4 7 6 1 3 9 10 
5 4 2 1 6 11 13 10 
5 10 12 11 
5 4 7 6 11 
5 4 2 1 6 11 
5 4 14 12 10 13 11 
5 4 2 3 1 6 11 
5 4 7 8 9 10 13 11 
5 4 2 3 9 10 13 11 
5 4 7 8 9 3 1 6 11 
5 4 2 3 9 8 7 6 11 
5 4 2 1 3 9 10 13 11 
5 4 14 12 10 9 3 1 6 11 
5 10 12 
5 4 14 12 
5 4 7 6 11 12 
5 4 2 1 6 11 12 
5 4 2 3 1 6 11 12 
5 4 7 8 9 10 13 11 12 
5 4 2 3 9 10 13 11 12 
5 4 7 8 9 3 1 6 11 12 
5 4 2 3 9 8 7 6 11 12 
5 4 2 1 3 9 10 13 11 12 
5 4 2 1 3 9 8 7 6 11 12 
5 10 13 
5 4 7 6 11 13 
5 4 14 12 11 13 
5 4 2 1 6 11 13 
5 4 2 3 1 6 11 13 
5 4 7 8 9 10 12 11 13 
5 4 2 3 9 10 12 11 13 
5 4 7 8 9 3 1 6 11 13 
5 4 2 3 9 8 7 6 11 13 
5 4 2 1 3 9 10 12 11 13 
5 4 14 12 10 9 3 1 6 11 13 
5 4 14 
5 10 12 14 
5 10 13 11 12 14 
5 10 9 8 7 6 11 12 14 
5 10 9 3 1 6 11 12 14 
5 10 9 3 2 1 6 11 12 14 
5 10 9 3 2 4 7 6 11 12 14 
5 10 9 8 7 4 2 1 6 11 12 14 
5 10 9 3 1 2 4 7 6 11 12 14 
5 10 9 8 7 4 2 3 1 6 11 12 14 
6 7 
6 1 2 4 7 
6 1 3 9 8 7 
6 11 12 14 4 7 
6 1 3 2 4 7 
6 1 2 3 9 8 7 
6 11 12 10 9 8 7 
6 11 13 10 9 8 7 
6 11 12 10 5 4 7 
6 11 13 10 5 4 7 
6 1 3 9 10 5 4 7 
6 7 8 
6 1 3 9 8 
6 11 12 10 9 8 
6 1 2 3 9 8 
6 11 13 10 9 8 
6 1 2 4 5 10 9 8 
6 1 3 2 4 5 10 9 8 
6 11 12 14 4 2 3 9 8 
6 1 2 4 14 12 10 9 8 
6 11 12 14 4 5 10 9 8 
6 11 12 10 5 4 2 3 9 8 
6 1 3 9 
6 7 8 9 
6 11 12 10 9 
6 11 13 10 9 
6 7 4 5 10 9 
6 7 4 14 12 10 9 
6 11 12 14 4 5 10 9 
6 11 12 14 4 7 8 9 
6 7 4 14 12 11 13 10 9 
6 11 12 10 5 4 7 8 9 
6 11 13 10 5 4 7 8 9 
6 11 12 10 
6 1 3 9 10 
6 7 4 5 10 
6 7 8 9 10 
6 1 2 4 5 10 
6 1 2 3 9 10 
6 1 3 2 4 5 10 
6 7 4 2 3 9 10 
6 7 4 14 12 11 13 10 
6 1 2 4 7 8 9 10 
6 7 4 2 1 3 9 10 
6 11 
6 7 4 14 12 11 
6 7 4 5 10 13 11 
6 7 8 9 10 13 11 
6 1 3 9 10 13 11 
6 7 4 5 10 12 11 
6 7 8 9 10 12 11 
6 1 3 9 10 12 11 
6 1 2 4 14 12 11 
6 7 4 14 12 10 13 11 
6 1 3 2 4 14 12 11 
6 11 12 
6 7 4 14 12 
6 7 4 5 10 12 
6 7 8 9 10 12 
6 1 3 9 10 12 
6 1 2 4 14 12 
6 1 3 2 4 14 12 
6 1 2 4 5 10 12 
6 1 2 3 9 10 12 
6 7 4 2 3 9 10 12 
6 1 3 2 4 5 10 12 
6 11 13 
6 1 3 9 10 13 
6 7 4 5 10 13 
6 7 8 9 10 13 
6 1 2 4 5 10 13 
6 1 2 3 9 10 13 
6 7 4 14 12 10 13 
6 1 3 2 4 5 10 13 
6 7 4 2 3 9 10 13 
6 1 2 4 14 12 10 13 
6 1 2 4 7 8 9 10 13 
6 7 4 14 
6 11 12 14 
6 11 13 10 12 14 
6 1 3 9 10 12 14 
6 1 2 4 5 10 12 14 
6 1 2 3 9 10 12 14 
6 1 3 2 4 5 10 12 14 
6 1 3 9 10 13 11 12 14 
6 1 2 4 5 10 13 11 12 14 
6 1 2 4 7 8 9 10 12 14 
6 1 2 3 9 10 13 11 12 14 
7 8 
7 6 1 3 9 8 
7 4 5 10 9 8 
7 4 2 3 9 8 
7 6 1 2 3 9 8 
7 6 11 12 10 9 8 
7 4 2 1 3 9 8 
7 4 14 12 10 9 8 
7 6 11 13 10 9 8 
7 6 1 2 4 5 10 9 8 
7 4 14 12 11 13 10 9 8 
7 8 9 
7 6 1 3 9 
7 4 5 10 9 
7 4 2 3 9 
7 6 1 2 3 9 
7 6 11 12 10 9 
7 4 2 1 3 9 
7 4 14 12 10 9 
7 6 11 13 10 9 
7 6 1 2 4 5 10 9 
7 4 14 12 11 13 10 9 
7 4 5 10 
7 8 9 10 
7 6 11 12 10 
7 6 11 13 10 
7 6 1 3 9 10 
7 6 1 2 3 9 10 
7 6 1 2 4 14 12 10 
7 8 9 3 2 4 14 12 10 
7 8 9 3 1 6 11 12 10 
7 6 1 3 2 4 14 12 10 
7 8 9 3 1 6 11 13 10 
7 6 11 
7 4 14 12 11 
7 8 9 10 13 11 
7 4 5 10 12 11 
7 8 9 10 12 11 
7 4 5 10 13 11 
7 4 14 12 10 13 11 
7 4 2 3 9 10 12 11 
7 4 2 3 9 10 13 11 
7 4 2 1 3 9 10 12 11 
7 8 9 10 5 4 14 12 11 
7 6 11 12 
7 4 14 12 
7 4 5 10 12 
7 8 9 10 12 
7 4 2 3 9 10 12 
7 8 9 3 2 4 14 12 
7 4 2 1 3 9 10 12 
7 8 9 10 5 4 14 12 
7 8 9 3 2 4 5 10 12 
7 8 9 3 1 2 4 14 12 
7 8 9 3 1 2 4 5 10 12 
7 6 11 13 
7 4 5 10 13 
7 8 9 10 13 
7 4 14 12 10 13 
7 4 2 3 9 10 13 
7 4 2 1 3 9 10 13 
7 8 9 3 2 4 5 10 13 
7 8 9 3 1 2 4 5 10 13 
7 8 9 3 2 4 14 12 10 13 
7 4 14 12 11 6 1 3 9 10 13 
7 8 9 3 1 2 4 14 12 10 13 
7 4 14 
7 6 11 12 14 
7 8 9 10 12 14 
7 6 11 13 10 12 14 
7 6 1 3 9 10 12 14 
7 8 9 10 13 11 12 14 
7 6 1 2 4 5 10 12 14 
7 6 1 2 3 9 10 12 14 
7 8 9 3 1 6 11 12 14 
7 6 1 3 2 4 5 10 12 14 
7 8 9 3 2 4 5 10 12 14 
8 9 
8 7 6 1 3 9 
8 7 4 5 10 9 
8 7 4 2 3 9 
8 7 6 1 2 3 9 
8 7 6 11 12 10 9 
8 7 4 2 1 3 9 
8 7 4 14 12 10 9 
8 7 6 11 13 10 9 
8 7 6 1 2 4 5 10 9 
8 7 4 14 12 11 13 10 9 
8 9 10 
8 7 4 5 10 
8 7 4 14 12 10 
8 7 6 11 12 10 
8 7 6 11 13 10 
8 7 4 14 12 11 13 10 
8 7 6 1 2 4 5 10 
8 7 6 11 12 14 4 5 10 
8 7 6 1 3 2 4 5 10 
8 7 4 2 1 6 11 12 10 
8 7 6 1 2 4 14 12 10 
8 7 6 11 
8 9 10 12 11 
8 9 10 13 11 
8 9 3 2 4 14 12 11 
8 9 10 5 4 14 12 11 
8 9 3 1 2 4 14 12 11 
8 9 3 2 4 5 10 12 11 
8 9 3 2 4 5 10 13 11 
8 9 3 1 6 7 4 14 12 11 
8 9 3 2 4 14 12 10 13 11 
8 9 3 1 2 4 5 10 12 11 
8 9 10 12 
8 7 4 14 12 
8 7 6 11 12 
8 7 6 1 2 4 14 12 
8 7 4 5 10 13 11 12 
8 7 4 2 1 6 11 12 
8 7 6 1 3 2 4 14 12 
8 7 4 2 3 1 6 11 12 
8 7 6 11 13 10 5 4 14 12 
8 7 4 5 10 9 3 1 6 11 12 
8 7 6 1 2 4 5 10 13 11 12 
8 9 10 13 
8 7 6 11 13 
8 7 4 14 12 11 13 
8 7 4 5 10 12 11 13 
8 7 4 2 1 6 11 13 
8 7 4 2 3 1 6 11 13 
8 7 6 1 2 4 14 12 11 13 
8 7 4 5 10 9 3 1 6 11 13 
8 7 6 1 2 4 5 10 12 11 13 
8 7 6 1 3 2 4 14 12 11 13 
8 7 4 14 12 10 9 3 1 6 11 13 
8 7 4 14 
8 9 10 12 14 
8 9 10 13 11 12 14 
8 9 3 1 6 11 12 14 
8 9 3 2 4 5 10 12 14 
8 9 3 2 1 6 11 12 14 
8 9 10 5 4 7 6 11 12 14 
8 9 3 1 2 4 5 10 12 14 
8 9 3 1 6 11 13 10 12 14 
8 9 3 2 4 7 6 11 12 14 
8 9 3 2 4 5 10 13 11 12 14 
9 10 
9 3 2 4 5 10 
9 8 7 4 5 10 
9 3 2 4 14 12 10 
9 3 1 6 11 12 10 
9 8 7 4 14 12 10 
9 8 7 6 11 12 10 
9 3 1 6 11 13 10 
9 3 1 2 4 5 10 
9 8 7 6 11 13 10 
9 3 2 1 6 11 12 10 
9 10 12 11 
9 3 1 6 11 
9 8 7 6 11 
9 3 2 1 6 11 
9 3 2 4 7 6 11 
9 8 7 4 2 1 6 11 
9 3 1 2 4 7 6 11 
9 3 2 4 5 10 13 11 
9 8 7 4 5 10 13 11 
9 8 7 4 14 12 10 13 11 
9 3 2 4 14 12 10 13 11 
9 10 12 
9 3 2 4 14 12 
9 3 1 6 11 12 
9 8 7 6 11 12 
9 8 7 4 14 12 
9 3 2 1 6 11 12 
9 3 1 2 4 14 12 
9 3 1 6 7 4 14 12 
9 3 2 4 7 6 11 12 
9 8 7 6 1 2 4 14 12 
9 3 2 4 5 10 13 11 12 
9 10 13 
9 3 1 6 11 13 
9 8 7 6 11 13 
9 3 2 1 6 11 13 
9 3 2 4 7 6 11 13 
9 8 7 4 14 12 11 13 
9 3 2 4 14 12 11 13 
9 3 2 4 5 10 12 11 13 
9 8 7 4 5 10 12 11 13 
9 3 1 2 4 7 6 11 13 
9 8 7 4 2 1 6 11 13 
9 10 12 14 
9 3 2 4 14 
9 8 7 4 14 
9 3 1 2 4 14 
9 3 1 6 7 4 14 
9 8 7 6 1 2 4 14 
9 3 2 1 6 7 4 14 
9 8 7 6 1 3 2 4 14 
9 8 7 6 11 12 10 5 4 14 
9 3 1 6 11 12 10 5 4 14 
9 8 7 6 11 13 10 5 4 14 
10 12 11 
10 13 11 
10 9 3 1 6 11 
10 9 8 7 6 11 
10 5 4 7 6 11 
10 9 3 2 1 6 11 
10 5 4 2 1 6 11 
10 5 4 2 3 1 6 11 
10 9 3 2 4 7 6 11 
10 9 8 7 4 2 1 6 11 
10 9 3 1 2 4 7 6 11 
10 12 
10 13 11 12 
10 5 4 14 12 
10 5 4 7 6 11 12 
10 9 3 1 6 11 12 
10 9 3 2 4 14 12 
10 9 8 7 4 14 12 
10 9 8 7 6 11 12 
10 13 11 6 7 4 14 12 
10 5 4 2 1 6 11 12 
10 9 3 1 2 4 14 12 
10 13 
10 12 11 13 
10 9 3 1 6 11 13 
10 9 8 7 6 11 13 
10 5 4 14 12 11 13 
10 5 4 7 6 11 13 
10 12 14 4 7 6 11 13 
10 9 3 2 1 6 11 13 
10 5 4 2 1 6 11 13 
10 9 8 7 4 14 12 11 13 
10 12 14 4 2 1 6 11 13 
10 12 14 
10 5 4 14 
10 9 3 2 4 14 
10 9 8 7 4 14 
10 13 11 6 7 4 14 
10 9 3 1 2 4 14 
10 13 11 6 1 2 4 14 
10 9 3 1 6 7 4 14 
10 9 8 7 6 1 2 4 14 
10 13 11 6 1 3 2 4 14 
10 9 3 2 1 6 7 4 14 
11 12 
11 13 10 12 
11 6 7 4 14 12 
11 13 10 5 4 14 12 
11 6 7 4 5 10 12 
11 6 7 8 9 10 12 
11 6 1 3 9 10 12 
11 6 1 2 4 14 12 
11 6 1 3 2 4 14 12 
11 6 1 2 4 5 10 12 
11 6 1 2 3 9 10 12 
11 13 
11 12 10 13 
11 12 14 4 5 10 13 
11 6 1 3 9 10 13 
11 6 7 4 5 10 13 
11 6 7 8 9 10 13 
11 6 1 2 4 5 10 13 
11 6 7 4 14 12 10 13 
11 6 1 2 3 9 10 13 
11 12 14 4 2 3 9 10 13 
11 6 1 3 2 4 5 10 13 
11 12 14 
11 6 7 4 14 
11 6 1 2 4 14 
11 13 10 5 4 14 
11 6 1 3 2 4 14 
11 13 10 9 3 2 4 14 
11 13 10 9 8 7 4 14 
11 6 7 8 9 10 5 4 14 
11 6 7 8 9 3 2 4 14 
11 13 10 9 3 1 2 4 14 
11 6 1 3 9 10 5 4 14 
12 10 13 
12 11 13 
12 14 4 7 6 11 13 
12 14 4 2 1 6 11 13 
12 14 4 2 3 1 6 11 13 
12 14 4 5 10 9 3 1 6 11 13 
12 14 4 7 8 9 3 1 6 11 13 
12 14 4 2 3 9 8 7 6 11 13 
12 14 4 5 10 9 8 7 6 11 13 
12 14 4 2 1 3 9 8 7 6 11 13 
12 14 4 5 10 9 3 2 1 6 11 13 
12 14 
12 10 5 4 14 
12 11 6 7 4 14 
12 10 9 3 2 4 14 
12 11 6 1 2 4 14 
12 11 13 10 5 4 14 
12 10 9 8 7 4 14 
12 10 9 3 1 2 4 14 
12 10 13 11 6 7 4 14 
12 11 6 1 3 2 4 14 
12 11 13 10 9 3 2 4 14 
13 10 12 14 
13 11 6 7 4 14 
13 11 12 10 5 4 14 
13 11 6 1 2 4 14 
13 11 6 1 3 2 4 14 
13 11 12 10 9 3 2 4 14 
13 11 12 10 9 8 7 4 14 
13 11 6 7 8 9 10 5 4 14 
13 11 6 7 8 9 3 2 4 14 
13 11 12 10 9 3 1 2 4 14 
13 11 6 1 3 9 10 5 4 14 
1 23 24 21 20 3 2 
1 23 22 2 
1 23 22 21 20 3 2 
1 23 22 21 20 3 2 
1 23 24 21 20 3 2 
1 2 
1 23 22 2 
1 23 22 21 20 3 2 
1 23 22 2 
1 23 24 21 22 2 
1 23 24 21 22 2 
1 23 22 21 20 3 2 
1 23 22 2 
1 23 24 21 22 2 
1 23 24 21 20 3 2 
1 23 24 21 20 3 2 
1 23 22 21 20 3 2 
1 23 22 21 20 3 2 
1 2 
1 23 22 21 20 3 2 
1 2 
1 23 22 2 
1 2 
1 23 24 21 20 3 2 
1 2 
1 23 24 21 22 2 
1 2 
1 2 
1 23 24 21 20 3 2 
1 23 22 2 
1 23 24 21 22 2 
1 23 24 21 20 3 2 
1 23 22 21 20 3 2 
1 23 22 2 
1 23 22 21 20 3 2 
1 23 24 21 22 2 
1 23 24 21 22 2 
1 23 24 21 20 3 2 
1 23 22 2 
1 23 22 21 20 3 2 
1 23 24 21 22 2 
1 23 22 21 20 3 2 
1 23 24 21 22 2 
1 23 24 21 20 3 2 
1 23 22 2 
1 23 22 2 
1 23 24 21 20 3 2 
1 23 24 21 20 3 2 
1 2 
1 23 24 21 20 3 2 
1 23 24 21 22 2 
1 2 
1 2 
1 23 22 21 20 3 2 
1 23 24 21 20 3 2 
1 23 22 2 
1 2 
1 2 
1 23 24 21 22 2 
1 2 
1 23 22 2 
1 23 24 21 20 3 2 
1 23 24 21 20 3 2 
1 23 24 21 20 3 2 
1 23 22 2 
1 23 24 21 22 2 
1 23 22 2 
1 23 22 21 20 3 2 
1 23 24 21 22 2 
1 23 22 21 20 3 2 
1 23 24 21 22 2 
1 2 
1 23 24 21 22 2 
1 23 24 21 20 3 2 
1 23 24 21 20 3 2 
1 23 22 21 20 3 2 
1 23 22 2 
1 23 22 21 20 3 2 
1 23 22 21 20 3 2 
1 23 22 2 
1 23 22 21 20 3 2 
1 2 
1 23 24 21 22 2 
1 23 24 21 20 3 2 
1 23 24 21 20 3 2 
1 23 22 2 
1 23 22 2 
1 23 24 21 20 3 2 
1 23 22 2 
1 23 22 21 20 3 2 
1 23 24 21 20 3 2 
1 23 24 21 22 2 
1 23 22 21 20 3 2 
1 23 24 21 20 3 2 
1 23 24 21 22 2 
1 23 24 21 20 3 2 
1 23 22 2 
1 23 24 21 20 3 2 
1 23 22 21 20 3 2 
1 23 24 21 20 3 2 
1 23 24 21 22 2 
1 23 22 2 
1 23 24 21 20 3 2 
1 23 24 21 20 3 2 
1 2 
1 23 24 21 20 3 2 
1 23 22 21 20 3 2 
1 23 24 21 22 2 
1 23 22 21 20 3 2 
1 23 22 2 
1 23 22 21 20 3 2 
1 23 22 2 
1 23 24 21 22 2 
1 23 22 2 
1 2 
1 23 22 2 
1 23 24 21 22 2 
1 23 24 21 22 2 
1 2 
1 23 24 21 20 3 2 
1 2 
1 2 
1 23 24 21 22 2 
1 23 22 21 20 3 2 
1 23 24 21 20 3 2 
1 23 24 21 20 3 2 
1 23 22 21 20 3 2 
1 23 22 2 
1 23 22 21 20 3 2 
1 23 22 2 
1 23 22 2 
1 23 22 2 
1 23 24 21 22 2 
1 23 22 2 
1 2 
1 23 22 21 20 3 2 
1 2 
1 23 22 21 20 3 2 
1 2 
1 23 22 21 20 3 2 
1 2 
1 23 24 21 20 3 2 
1 2 
1 23 24 21 22 2 
1 2 
1 23 22 2 
1 23 22 21 20 3 2 
1 23 22 21 20 3 2 
1 23 22 21 20 3 2 
1 23 24 21 20 3 2 
1 23 22 21 20 3 2 
1 23 22 21 20 3 2 
1 2 
1 2 
1 23 24 21 22 2 
1 2 
1 2 
1 23 22 2 
1 23 24 21 22 2 
1 23 24 21 20 3 2 
1 23 24 21 22 2 
1 23 22 21 20 3 2 
1 2 
1 2 
1 23 24 21 20 3 2 
1 23 22 2 
1 23 24 21 20 3 2 
1 2 
1 23 24 21 20 3 2 
1 2 
1 23 24 21 20 3 2 
1 2 
1 2 
1 23 24 21 20 3 2 
1 23 24 21 22 2 
1 2 
1 2 
1 23 22 2 
1 23 24 21 20 3 2 
1 23 24 21 20 3 2 
1 23 22 2 
1 23 24 21 22 2 
1 23 24 21 22 2 
1 23 24 21 22 2 
1 23 22 21 20 3 2 
1 2 
1 23 24 21 22 2 
1 23 22 21 20 3 2 
1 23 22 2 
1 23 24 21 20 3 2 
1 23 24 21 22 2 
1 23 24 21 20 3 2 
1 23 22 21 20 3 2 
1 23 22 21 20 3 2 
1 2 
1 23 22 21 20 3 2 
1 23 24 21 20 3 2 
1 23 24 21 20 3 2 
1 23 24 21 20 3 2 
1 23 24 21 20 3 2 
1 23 24 21 20 3 2 
1 23 22 21 20 3 2 
1 23 24 21 20 3 2 
1 23 24 21 20 3 2 
1 23 22 21 20 3 2 
1 23 24 21 22 2 
1 2 
1 23 24 21 20 3 2 
1 23 24 21 20 3 2 
1 2 
1 23 22 21 20 3 2 
1 23 22 2 
1 23 22 21 20 3 2 
1 23 22 2 
1 23 22 21 20 3 2 
1 23 22 2 
1 23 22 2 
1 23 22 2 
1 2 
1 23 22 21 20 3 2 
1 23 22 2 
1 23 22 21 20 3 2 
1 23 24 21 22 2 
1 23 24 21 20 3 2 
1 23 22 2 
1 23 24 21 22 2 
1 23 22 21 20 3 2 
1 2 
1 23 24 21 22 2 
1 23 24 21 22 2 
1 23 24 21 20 3 2 
1 23 24 21 22 2 
1 23 22 2 
1 23 24 21 20 3 2 
1 23 24 21 22 2 
1 2 
1 23 22 2 
1 23 24 21 22 2 
1 23 24 21 20 3 2 
1 23 22 2 
1 23 22 21 20 3 2 
1 23 24 21 22 2 
1 23 24 21 22 2 
1 23 22 2 
1 23 22 21 20 3 2 
1 2 
1 23 22 21 20 3 2 
1 2 
1 23 24 21 22 2 
1 23 22 21 20 3 2 
1 23 22 21 20 3 2 
1 23 22 21 20 3 2 
1 23 22 2 
1 2 
1 23 22 21 20 3 2 
1 23 22 21 20 3 2 
1 23 22 21 20 3 2 
1 23 22 2 
1 23 22 21 20 3 2 
1 23 22 2 
1 23 24 21 20 3 2 
1 23 22 21 20 3 2 
1 23 22 21 20 3 2 
1 23 22 2 
1 23 24 21 22 2 
1 2 
1 23 22 2 
1 23 24 21 20 3 2 
1 23 22 21 20 3 2 
1 2 
1 2 
1 23 22 2 
1 23 24 21 22 2 
1 23 24 21 22 2 
1 23 22 21 20 3 2 
1 23 22 2 
1 23 22 21 20 3 2 
1 23 22 2 
1 23 22 2 
1 2 
1 23 24 21 20 3 2 
1 2 
1 23 24 21 20 3 2 
1 23 22 2 
1 2 
1 23 24 21 22 2 
1 23 24 21 20 3 2 
1 23 24 21 20 3 2 
1 23 22 21 20 3 2 
1 23 22 21 20 3 2 
1 2 
1 23 22 21 20 3 2 
1 23 22 2 
1 23 22 21 20 3 2 
1 23 24 21 20 3 2 
1 23 24 21 20 3 2 
1 23 24 21 20 3 2 
1 23 22 2 
1 23 22 21 20 3 2 
1 23 24 21 22 2 
1 23 22 2 
1 23 24 21 20 3 2 
1 23 24 21 20 3 2 
1 23 24 21 20 3 2 
1 23 24 21 22 2 
1 23 24 21 22 2 
1 2 
1 23 22 2 
1 23 24 21 20 3 2 
1 23 24 21 22 2 
1 23 24 21 22 2 
1 23 24 21 20 3 2 
1 23 24 21 22 2 
1 23 22 2 
1 2 
1 23 22 21 20 3 2 
1 23 22 21 20 3 2 
1 2 
1 23 22 21 20 3 2 
1 23 24 21 22 2 
1 23 24 21 20 3 2 
1 23 22 21 20 3 2 
1 2 
1 23 22 2 
1 23 24 21 22 2 
1 2 
1 2 
1 23 22 2 
1 23 22 2 
1 23 24 21 20 3 2 
1 23 24 21 20 3 2 
1 23 22 21 20 3 2 
1 23 24 21 20 3 2 
1 23 24 21 20 3 2 
1 23 24 21 22 2 
1 23 22 2 
1 23 22 2 
1 23 22 21 20 3 2 
1 23 22 21 20 3 2 
1 23 22 2 
1 2 
1 2 
1 2 
1 23 22 21 20 3 2 
1 23 22 2 
1 23 22 2 
1 23 22 2 
1 2 
1 23 24 21 22 2 
1 23 24 21 20 3 2 
1 23 24 21 22 2 
1 23 22 2 
1 23 22 21 20 3 2 
1 23 22 21 20 3 2 
1 23 24 21 22 2 
1 2 
1 23 24 21 20 3 2 
1 23 22 21 20 3 2 
1 23 24 21 22 2 
1 23 22 2 
1 23 24 21 22 2 
1 23 24 21 22 2 
1 23 24 21 20 3 2 
1 23 22 2 
1 23 22 2 
1 23 22 2 
1 23 22 21 20 3 2 
1 23 22 21 20 3 2 
1 23 24 21 20 3 2 
1 23 22 2 
1 23 24 21 20 3 2 
1 2 
1 23 24 21 22 2 
1 2 
1 23 22 21 20 3 2 
1 23 22 21 20 3 2 
1 23 22 2 
1 2 
1 23 24 21 20 3 2 
1 23 22 21 20 3 2 
1 2 
1 23 24 21 22 2 
1 23 24 21 20 3 2 
1 23 22 21 20 3 2 
1 23 22 2 
1 23 24 21 22 2 
1 23 24 21 20 3 2 
1 2 
1 2 
1 23 22 2 
1 23 22 2 
1 23 22 21 20 3 2 
1 23 24 21 20 3 2 
1 2 
1 2 
1 2 
1 23 24 21 22 2 
1 23 22 21 20 3 2 
1 23 22 21 20 3 2 
1 23 24 21 22 2 
1 2 
1 23 24 21 22 2 
1 23 24 21 22 2 
1 23 24 21 22 2 
1 23 24 21 22 2 
1 23 22 2 
1 23 22 2 
1 23 24 21 20 3 2 
1 23 24 21 22 2 
1 2 
1 23 22 21 20 3 2 
1 23 24 21 22 2 
1 23 22 21 20 3 2 
1 23 24 21 22 2 
1 23 22 2 
1 23 24 21 20 3 2 
1 2 
1 2 
1 23 24 21 20 3 2 
1 2 
1 23 24 21 22 2 
1 23 22 2 
1 23 24 21 20 3 2 
1 23 22 2 
1 23 22 2 
1 23 24 21 20 3 2 
1 23 22 2 
1 23 24 21 20 3 2 
1 23 22 21 20 3 2 
1 2 
1 23 22 2 
1 23 22 21 20 3 2 
1 23 22 21 20 3 2 
1 23 24 21 20 3 2 
1 23 22 2 
1 23 22 2 
1 2 
1 23 22 21 20 3 2 
1 2 
1 23 22 21 20 3 2 
1 23 22 21 20 3 2 
1 23 22 21 20 3 2 
1 23 22 2 
1 23 24 21 22 2 
1 23 22 2 
1 23 24 21 22 2 
1 23 22 2 
1 23 22 2 
1 23 24 21 22 2 
1 2 
1 23 24 21 22 2 
1 2 
1 23 22 2 
1 23 22 2 
1 23 22 2 
1 23 22 21 20 3 2 
1 23 22 2 
1 23 22 21 20 3 2 
1 23 24 21 22 2 
1 23 24 21 20 3 2 
1 23 22 21 20 3 2 
1 23 24 21 20 3 2 
1 23 22 21 20 3 2 
1 23 22 2 
1 23 22 21 20 3 2 
1 2 
1 23 24 21 22 2 
1 23 24 21 20 3 2 
1 23 22 21 20 3 2 
1 23 22 21 20 3 2 
1 23 24 21 22 2 
1 23 24 21 22 2 
1 23 22 2 
1 23 22 21 20 3 2 
1 23 24 21 20 3 2 
1 23 22 21 20 3 2 
1 2 
1 2 
1 2 
1 23 22 21 20 3 2 
1 2 
1 23 22 21 20 3 2 
1 23 22 21 20 3 2 
1 23 24 21 22 2 
1 2 
1 2 
1 23 22 2 
1 23 22 2 
1 23 22 21 20 3 2 
1 23 24 21 20 3 2 
1 2 
1 23 22 2 
1 23 22 21 20 3 2 
1 23 24 21 20 3 2 
1 23 22 21 20 3 2 
1 23 22 2 
1 23 24 21 20 3 2 
1 2 
1 2 
1 23 24 21 22 2 
1 23 24 21 20 3 2 
1 23 22 21 20 3 2 
1 23 24 21 20 3 2 
1 2 
1 23 22 2 
1 23 22 21 20 3 2 
1 23 24 21 20 3 2 
1 23 24 21 22 2 
1 23 22 21 20 3 2 
1 23 24 21 20 3 2 
1 23 22 2 
1 23 24 21 20 3 2 
1 23 24 21 22 2 
1 23 24 21 20 3 2 
1 23 24 21 22 2 
1 23 24 21 22 2 
1 23 24 21 20 3 2 
1 23 22 21 20 3 2 
1 23 24 21 20 3 2 
1 23 24 21 22 2 
1 23 22 21 20 3 2 
1 23 24 21 20 3 2 
1 23 24 21 20 3 2 
1 23 22 2 
1 23 24 21 20 3 2 
1 23 24 21 22 2 
1 23 22 21 20 3 2 
1 23 22 21 20 3 2 
1 23 22 21 20 3 2 
1 23 22 21 20 3 2 
1 23 22 2 
1 23 22 21 20 3 2 
1 23 24 21 22 2 
1 2 
1 23 22 21 20 3 2 
1 23 24 21 20 3 2 
1 23 24 21 20 3 2 
1 23 22 21 20 3 2 
1 23 24 21 22 2 
1 23 22 21 20 3 2 
1 23 24 21 22 2 
1 23 22 21 20 3 2 
1 23 24 21 22 2 
1 2 
1 23 24 21 22 2 
1 2 
1 23 22 21 20 3 2 
1 23 24 21 22 2 
1 23 24 21 20 3 2 
1 23 24 21 22 2 
1 2 
1 23 24 21 22 2 
1 23 24 21 22 2 
1 2 
1 23 24 21 20 3 2 
1 23 22 2 
1 23 22 21 20 3 2 
1 23 24 21 22 2 
1 2 
1 23 24 21 22 2 
1 23 22 2 
1 23 24 21 22 2 
1 2 
1 23 22 21 20 3 2 
1 23 24 21 22 2 
1 23 24 21 20 3 2 
1 23 24 21 22 2 
1 23 24 21 22 2 
1 23 24 21 22 2 
1 23 24 21 20 3 2 
1 2 
1 2 
1 23 22 21 20 3 2 
1 23 24 21 22 2 
1 23 22 2 
1 23 22 2 
1 23 22 21 20 3 2 
1 23 24 21 20 3 2 
1 23 22 21 20 3 2 
1 23 24 21 22 2 
1 23 24 21 22 2 
1 23 24 21 20 3 2 
1 23 24 21 20 3 2 
1 23 24 21 20 3 2 
1 23 24 21 20 3 2 
1 23 22 21 20 3 2 
1 23 22 2 
1 23 24 21 22 2 
1 23 22 2 
1 23 24 21 22 2 
1 23 24 21 20 3 2 
1 23 24 21 22 2 
1 23 24 21 20 3 2 
1 23 24 21 20 3 2 
1 2 
1 23 24 21 22 2 
1 23 22 21 20 3 2 
1 23 22 21 20 3 2 
1 23 24 21 20 3 2 
1 23 22 2 
1 23 22 21 20 3 2 
1 23 24 21 20 3 2 
1 23 22 2 
1 23 24 21 22 2 
1 23 24 21 22 2 
1 23 24 21 22 2 
1 23 22 21 20 3 2 
1 2 
1 23 24 21 22 2 
1 23 22 2 
1 23 22 21 20 3 2 
1 23 24 21 20 3 2 
1 23 22 2 
1 23 22 21 20 3 2 
1 23 24 21 20 3 2 
1 2 
1 23 22 2 
1 2 
1 23 22 21 20 3 2 
1 23 24 21 22 2 
1 23 22 21 20 3 2 
1 23 24 21 22 2 
1 2 
1 23 24 21 22 2 
1 23 24 21 22 2 
1 23 22 2 
1 2 
1 23 22 2 
1 2 
1 23 24 21 20 3 2 
1 23 22 21 20 3 2 
1 23 22 21 20 3 2 
1 23 24 21 20 3 2 
1 23 24 21 20 3 2 
1 2 
1 23 24 21 22 2 
1 23 24 21 22 2 
1 23 22 21 20 3 2 
1 23 22 21 20 3 2 
1 23 24 21 20 3 2 
1 2 
1 23 22 2 
1 23 24 21 20 3 2 
1 23 22 2 
1 23 24 21 20 3 2 
1 23 22 21 20 3 2 
1 23 24 21 22 2 
1 23 22 2 
1 23 24 21 20 3 2 
1 2 
1 23 24 21 20 3 2 
1 23 22 21 20 3 2 
1 23 22 21 20 3 2 
1 23 24 21 20 3 2 
1 2 
1 23 22 2 
1 2 
1 23 22 2 
1 23 22 21 20 3 2 
1 2 
1 2 
1 23 22 2 
1 23 24 21 20 3 2 
1 2 
1 2 
1 2 
1 23 24 21 22 2 
1 23 22 21 20 3 2 
1 23 24 21 20 3 2 
1 2 
1 23 22 21 20 3 2 
1 2 
1 23 22 2 
1 23 24 21 22 2 
1 23 24 21 22 2 
1 23 22 2 
1 23 22 2 
1 23 24 21 20 3 2 
1 23 24 21 22 2 
1 2 
1 2 
1 23 24 21 22 2 
1 23 24 21 20 3 2 
1 23 22 21 20 3 2 
1 23 22 2 
1 23 24 21 20 3 2 
1 2 
1 23 24 21 22 2 
1 23 22 2 
1 23 22 21 20 3 2 
1 23 22 21 20 3 2 
1 23 22 2 
1 23 24 21 20 3 2 
1 23 22 21 20 3 2 
1 23 22 2 
1 2 
1 23 22 21 20 3 2 
1 23 24 21 20 3 2 
1 23 22 21 20 3 2 
1 23 22 21 20 3 2 
1 23 24 21 20 3 2 
1 23 22 2 
1 23 22 21 20 3 2 
1 23 22 2 
1 23 24 21 20 3 2 
1 2 
1 23 24 21 22 2 
1 2 
1 2 
1 2 
1 23 22 2 
1 2 
1 23 24 21 22 2 
1 2 
1 23 24 21 20 3 2 
1 23 24 21 20 3 2 
1 2 
1 23 24 21 20 3 2 
1 23 24 21 22 2 
1 23 22 2 
1 23 24 21 22 2 
1 2 
1 23 24 21 22 2 
1 23 24 21 22 2 
1 23 24 21 20 3 2 
1 23 24 21 20 3 2 
1 23 24 21 22 2 
1 23 24 21 22 2 
1 23 22 21 20 3 2 
1 23 22 2 
1 23 22 2 
1 23 22 21 20 3 2 
1 23 24 21 22 2 
1 2 
1 23 24 21 20 3 2 
1 23 22 2 
1 23 22 2 
1 23 24 21 22 2 
1 23 24 21 22 2 
1 23 22 2 
1 23 22 21 20 3 2 
1 23 22 21 20 3 2 
1 23 24 21 22 2 
1 23 22 2 
1 23 22 21 20 3 2 
1 23 22 2 
1 23 22 2 
1 23 22 21 20 3 2 
1 23 22 2 
1 23 22 21 20 3 2 
1 2 
1 23 24 21 20 3 2 
1 23 24 21 20 3 2 
1 23 22 21 20 3 2 
1 23 22 2 
1 23 22 21 20 3 2 
1 23 24 21 22 2 
1 23 24 21 20 3 2 
1 23 22 2 
1 23 22 2 
1 2 
1 23 24 21 22 2 
1 23 24 21 20 3 2 
1 23 22 21 20 3 2 
1 23 24 21 22 2 
1 23 24 21 20 3 2 
1 23 24 21 20 3 2 
1 23 22 21 20 3 2 
1 23 22 2 
1 23 22 2 
1 2 
1 2 
1 2 
1 23 24 21 22 2 
1 23 22 2 
1 23 22 21 20 3 2 
1 23 24 21 20 3 2 
1 23 24 21 22 2 
1 23 24 21 22 2 
1 2 
1 2 
1 23 24 21 22 2 
1 23 24 21 20 3 2 
1 2 
1 2 
1 23 22 2 
1 23 22 21 20 3 2 
1 23 22 21 20 3 2 
1 2 
1 23 24 21 20 3 2 
1 23 24 21 20 3 2 
1 2 
1 23 24 21 22 2 
1 23 22 21 20 3 2 
1 23 22 21 20 3 2 
1 2 
1 23 24 21 22 2 
1 23 22 21 20 3 2 
1 23 22 21 20 3 2 
1 23 24 21 20 3 2 
1 2 
1 23 22 21 20 3 2 
1 23 24 21 20 3 2 
1 2 
1 23 22 2 
1 23 22 2 
1 23 24 21 20 3 2 
1 2 
1 23 22 21 20 3 2 
1 23 22 2 
1 2 
1 23 24 21 20 3 2 
1 23 22 21 20 3 2 
1 2 
1 23 24 21 20 3 2 
1 23 24 21 20 3 2 
1 23 22 2 
1 23 22 21 20 3 2 
1 23 24 21 22 2 
1 23 24 21 22 2 
1 23 22 21 20 3 2 
1 23 22 2 
1 23 22 21 20 3 2 
1 2 
1 2 
1 23 22 2 
1 2 
1 23 22 21 20 3 2 
1 2 
1 23 24 21 20 3 2 
1 23 24 21 22 2 
1 23 22 2 
1 23 22 21 20 3 2 
1 23 24 21 22 2 
1 23 22 2 
1 23 24 21 20 3 2 
1 23 22 21 20 3 2 
1 2 
1 2 
1 23 24 21 22 2 
1 23 22 2 
1 23 22 2 
1 23 24 21 22 2 
1 2 
1 23 22 2 
1 23 24 21 22 2 
1 2 
1 23 22 21 20 3 2 
1 2 
1 23 24 21 22 2 
1 2 
1 23 22 21 20 3 2 
1 23 22 21 20 3 2 
1 23 22 21 20 3 2 
1 23 24 21 20 3 2 
1 23 24 21 20 3 2 
1 2 
1 2 
1 23 24 21 22 2 
1 2 
1 23 24 21 20 3 2 
1 2 
1 23 22 2 
1 23 24 21 22 2 
1 23 22 21 20 3 2 
1 23 22 21 20 3 2 
1 23 24 21 22 2 
1 23 24 21 22 2 
1 23 24 21 20 3 2 
1 23 24 21 22 2 
1 23 24 21 20 3 2 
1 23 22 2 
1 23 22 21 20 3 2 
1 23 22 2 
1 23 22 2 
1 2 
1 23 24 21 20 3 2 
1 23 22 2 
1 23 22 21 20 3 2 
1 23 24 21 20 3 2 
1 23 24 21 20 3 2 
1 23 24 21 20 3 2 
1 23 22 21 20 3 2 
1 23 22 21 20 3 2 
1 23 24 21 22 2 
1 23 22 21 20 3 2 
1 23 24 21 22 2 
1 23 24 21 22 2 
1 23 22 21 20 3 2 
1 2 
1 23 22 21 20 3 2 
1 23 24 21 22 2 
1 2 
1 2 
1 2 
1 23 22 21 20 3 2 
1 23 24 21 20 3 2 
1 23 22 21 20 3 2 
1 2 
1 23 22 21 20 3 2 
1 23 22 2 
1 2 
1 23 24 21 20 3 2 
1 2 
1 23 24 21 22 2 
1 23 22 2 
1 2 
1 23 22 2 
1 23 22 21 20 3 2 
1 23 24 21 20 3 2 
1 23 22 2 
1 23 24 21 22 2 
1 23 22 21 20 3 2 
1 23 24 21 20 3 2 
1 2 
1 23 22 2 
1 23 24 21 22 2 
1 23 22 21 20 3 2 
1 23 24 21 20 3 2 
1 23 22 2 
1 23 22 21 20 3 2 
1 23 22 21 20 3 2 
1 23 24 21 20 3 2 
1 23 24 21 20 3 2 
1 23 22 21 20 3 2 
1 2 
1 23 24 21 22 2 
1 23 22 21 20 3 2 
1 23 22 21 20 3 2 
1 23 22 21 20 3 2 
1 23 22 2 
1 2 
1 23 24 21 20 3 2 
1 2 
1 2 
1 23 22 2 
1 23 24 21 22 2 
1 23 22 2 
1 23 22 21 20 3 2 
1 2 
1 23 22 2 
1 23 24 21 20 3 2 
1 23 22 21 20 3 2 
1 2 
1 23 24 21 20 3 2 
1 23 22 21 20 3 2 
1 23 22 2 
1 23 22 2 
1 23 22 2 
1 23 22 2 
1 23 24 21 22 2 
1 2 
1 23 24 21 20 3 2 
1 23 24 21 22 2 
1 23 24 21 20 3 2 
1 23 22 21 20 3 2 
1 23 24 21 22 2 
1 23 24 21 22 2 
1 23 22 2 
1 23 22 2 
1 23 22 2 
1 23 24 21 22 2 
1 23 22 2 
1 2 
1 23 22 21 20 3 2 
1 23 24 21 22 2 
1 23 24 21 22 2 
1 2 
1 23 24 21 20 3 2 
1 2 
1 23 22 2 
1 2 
1 2 
1 23 24 21 20 3 2 
1 23 22 2 
1 23 24 21 20 3 2 
1 23 22 21 20 3 2 
1 23 22 21 20 3 2 
1 2 
1 2 
1 23 24 21 20 3 2 
1 23 22 21 20 3 2 
1 2 
1 23 24 21 20 3 2 
1 23 22 2 
1 23 24 21 20 3 2 
1 23 24 21 22 2 
1 23 22 21 20 3 2 
1 23 24 21 22 2 
1 23 24 21 20 3 2 
1 23 24 21 20 3 2 
1 23 22 21 20 3 2 
1 23 24 21 22 2 
1 2 
1 23 24 21 20 3 2 
1 2 
1 23 22 21 20 3 2 
1 23 22 2 
1 23 22 2 
1 23 24 21 22 2 
1 23 24 21 22 2 
1 23 22 21 20 3 2 
1 23 22 21 20 3 2 
1 23 24 21 22 2 
1 23 24 21 22 2 
1 2 
1 23 22 2 
1 2 
1 23 22 21 20 3 2 
1 23 24 21 22 2 
1 23 22 2 
1 23 22 21 20 3 2 
1 23 22 2 
1 23 22 2 
1 23 24 21 22 2 
1 23 24 21 22 2 
1 23 22 2 
1 2 
1 2 
1 23 24 21 20 3 2 
1 23 24 21 20 3 2 
1 23 24 21 20 3 2 
1 23 24 21 22 2 
1 23 22 2 
1 2 
1 23 22 2 
1 23 24 21 22 2 
1 23 24 21 20 3 2 
1 23 22 21 20 3 2 
1 23 22 21 20 3 2 
1 23 22 2 
1 2 
1 23 24 21 22 2 
1 2 
1 23 22 21 20 3 2 
1 23 24 21 20 3 2 
1 23 22 21 20 3 
1 23 22 21 19 18 17 4 
1 23 22 21 19 18 17 15 6 5 
1 23 24 21 19 18 16 15 6 
1 2 3 4 5 6 7 
1 23 22 21 20 17 15 14 13 8 
1 23 24 21 20 17 15 14 13 8 11 10 9 
1 23 22 21 20 17 15 14 13 12 11 10 
1 23 24 21 20 17 15 14 13 12 11 
1 23 24 21 19 18 16 15 6 7 8 11 12 
1 23 24 21 19 18 16 15 6 7 8 13 
1 23 22 21 19 18 16 15 6 7 14 
1 23 24 21 19 18 16 15 
1 2 3 4 17 18 30 31 16 
1 23 24 21 19 18 17 
1 2 3 20 17 15 16 18 
1 2 3 20 17 18 19 
1 2 3 20 
1 2 3 20 19 21 
1 23 22 
1 2 22 23 
1 23 24 
1 2 22 21 19 27 26 25 
1 23 24 26 
1 2 22 21 19 27 
1 23 24 26 27 28 
1 23 24 26 27 28 29 
1 2 3 20 17 15 16 31 30 
1 2 3 4 17 18 30 31 
1 2 3 20 17 15 14 33 32 
1 23 24 21 19 18 30 31 32 33 
1 23 22 21 19 18 30 31 32 33 34 
1 23 24 26 27 28 29 38 37 36 35 
1 2 3 4 17 15 14 33 34 35 36 
1 2 3 4 17 15 16 31 32 37 
1 2 3 4 17 18 30 29 38 
1 2 3 4 17 18 30 29 39 
1 2 22 21 26 25 41 40 
1 2 22 21 19 27 40 41 
1 23 24 26 27 28 29 38 43 44 42 
1 2 3 4 17 18 30 29 38 37 36 43 
1 2 3 4 17 15 14 33 34 42 44 
1 2 3 20 17 15 14 33 34 42 44 45 
1 2 3 4 17 15 14 13 34 42 44 45 46 
2 22 21 20 3 
2 22 21 20 19 18 17 4 
2 22 21 19 20 17 15 6 5 
2 3 4 5 6 
2 22 21 19 20 17 15 14 7 
2 22 21 19 18 16 15 14 13 8 
2 3 4 5 6 7 8 9 
2 3 4 5 6 7 8 9 10 
2 22 21 19 18 17 15 14 13 12 11 
2 22 21 20 17 18 16 15 6 7 8 11 12 
2 22 21 19 18 16 15 6 7 8 13 
2 3 4 17 15 14 
2 3 4 17 15 
2 22 21 20 17 18 16 
2 3 4 17 
2 22 21 19 18 
2 22 21 26 27 19 
2 1 23 24 21 20 
2 3 4 17 20 21 
2 1 23 22 
