1 1 
1 2 
1 3 
1 2 3 
1 2 4 
1 2 4 5 
1 6 
1 6 7 
1 2 4 7 
1 6 7 8 
1 2 4 7 8 
1 3 9 
1 2 3 9 
1 6 7 8 9 
1 2 4 7 8 9 
1 3 9 10 
1 2 4 5 10 
1 2 3 9 10 
1 6 7 8 9 10 
1 2 4 7 8 9 10 
1 6 11 
1 6 11 12 
1 3 9 10 12 
1 2 4 5 10 12 
1 2 3 9 10 12 
1 6 7 8 9 10 12 
1 2 4 7 8 9 10 12 
1 6 11 13 
1 3 9 10 13 
1 2 4 5 10 13 
1 2 3 9 10 13 
1 6 7 8 9 10 13 
1 2 4 7 8 9 10 13 
1 2 4 14 
1 6 11 12 14 
1 3 9 10 12 14 
1 2 4 5 10 12 14 
1 2 3 9 10 12 14 
1 6 7 8 9 10 12 14 
1 2 4 7 8 9 10 12 14 
2 2 
2 3 
2 4 
2 4 5 
2 4 7 
2 4 7 8 
2 3 9 
2 4 7 8 9 
2 3 9 10 
2 4 5 10 
2 4 7 8 9 10 
2 3 9 10 12 
2 4 5 10 12 
2 4 7 8 9 10 12 
2 3 9 10 13 
2 4 5 10 13 
2 4 7 8 9 10 13 
2 4 14 
2 4 5 10 12 14 
2 3 9 10 12 14 
2 4 7 8 9 10 12 14 
3 3 
3 9 
3 9 10 
3 9 10 12 
3 9 10 13 
3 9 10 12 14 
4 4 
4 5 
4 7 
4 7 8 
4 7 8 9 
4 5 10 
4 7 8 9 10 
4 5 10 12 
4 7 8 9 10 12 
4 5 10 13 
4 7 8 9 10 13 
4 14 
4 5 10 12 14 
4 7 8 9 10 12 14 
5 5 
5 10 
5 10 12 
5 10 13 
5 10 12 14 
6 6 
6 7 
6 7 8 
6 7 8 9 
6 7 8 9 10 
6 11 
6 11 12 
6 7 8 9 10 12 
6 11 13 
6 7 8 9 10 13 
6 11 12 14 
6 7 8 9 10 12 14 
7 7 
7 8 
7 8 9 
7 8 9 10 
7 8 9 10 12 
7 8 9 10 13 
7 8 9 10 12 14 
8 8 
8 9 
8 9 10 
8 9 10 12 
8 9 10 13 
8 9 10 12 14 
9 9 
9 10 
9 10 12 
9 10 13 
9 10 12 14 
10 10 
10 12 
10 13 
10 12 14 
11 11 
11 12 
11 13 
11 12 14 
12 12 
12 14 
13 13 
14 14 
