0 1 -2147483648
0 2 -2147483648
0 3 0
0 4 -2147483648
0 5 0
0 6 -2147483648
0 7 0
0 8 -2147483648
0 9 0
0 10 -2147483648
0 11 -2147483648
0 12 -2147483648
0 13 1
0 14 0
0 15 0
0 16 0
0 17 0
0 18 0
0 19 -2147483648
1 0 -2147483648
1 2 -2147483648
1 3 0
1 4 0
1 5 0
1 6 -2147483648
1 7 0
1 8 -2147483648
1 9 0
1 10 -2147483648
1 11 -2147483648
1 12 0
1 13 -2147483648
1 14 0
1 15 0
1 16 0
1 17 0
1 18 0
1 19 2
2 0 -2147483648
2 1 -2147483648
2 3 0
2 4 1
2 5 0
2 6 -2147483648
2 7 0
2 8 0
2 9 0
2 10 -2147483648
2 11 0
2 12 1
2 13 0
2 14 0
2 15 0
2 16 0
2 17 0
2 18 0
2 19 -2147483648
3 0 0
3 1 0
3 2 0
3 4 -2147483648
3 5 2
3 6 0
3 7 3
3 8 1
3 9 -2147483648
3 10 -2147483648
3 11 2
3 12 3
3 13 -2147483648
3 14 -2147483648
3 15 -2147483648
3 16 1
3 17 2
3 18 3
3 19 0
4 0 -2147483648
4 1 0
4 2 1
4 3 -2147483648
4 5 -2147483648
4 6 -2147483648
4 7 -2147483648
4 8 0
4 9 -2147483648
4 10 -2147483648
4 11 1
4 12 -2147483648
4 13 -2147483648
4 14 1
4 15 -2147483648
4 16 0
4 17 1
4 18 -2147483648
4 19 -2147483648
5 0 0
5 1 0
5 2 0
5 3 2
5 4 -2147483648
5 6 0
5 7 1
5 8 0
5 9 -2147483648
5 10 1
5 11 0
5 12 2
5 13 -2147483648
5 14 -2147483648
5 15 -2147483648
5 16 1
5 17 0
5 18 2
5 19 0
6 0 -2147483648
6 1 -2147483648
6 2 -2147483648
6 3 0
6 4 -2147483648
6 5 0
6 7 0
6 8 -2147483648
6 9 -2147483648
6 10 -2147483648
6 11 0
6 12 -2147483648
6 13 0
6 14 -2147483648
6 15 0
6 16 -2147483648
6 17 0
6 18 0
6 19 -2147483648
7 0 0
7 1 0
7 2 0
7 3 3
7 4 -2147483648
7 5 1
7 6 0
7 8 1
7 9 -2147483648
7 10 -2147483648
7 11 2
7 12 2
7 13 -2147483648
7 14 -2147483648
7 15 -2147483648
7 16 0
7 17 2
7 18 2
7 19 0
8 0 -2147483648
8 1 -2147483648
8 2 0
8 3 1
8 4 0
8 5 0
8 6 -2147483648
8 7 1
8 9 0
8 10 0
8 11 2
8 12 0
8 13 -2147483648
8 14 -2147483648
8 15 0
8 16 0
8 17 1
8 18 0
8 19 -2147483648
9 0 0
9 1 0
9 2 0
9 3 -2147483648
9 4 -2147483648
9 5 -2147483648
9 6 -2147483648
9 7 -2147483648
9 8 0
9 10 -2147483648
9 11 -2147483648
9 12 -2147483648
9 13 1
9 14 -2147483648
9 15 2
9 16 -2147483648
9 17 -2147483648
9 18 -2147483648
9 19 0
10 0 -2147483648
10 1 -2147483648
10 2 -2147483648
10 3 -2147483648
10 4 -2147483648
10 5 1
10 6 -2147483648
10 7 -2147483648
10 8 0
10 9 -2147483648
10 11 -2147483648
10 12 -2147483648
10 13 0
10 14 -2147483648
10 15 -2147483648
10 16 2
10 17 -2147483648
10 18 -2147483648
10 19 -2147483648
11 0 -2147483648
11 1 -2147483648
11 2 0
11 3 2
11 4 1
11 5 0
11 6 0
11 7 2
11 8 2
11 9 -2147483648
11 10 -2147483648
11 12 1
11 13 -2147483648
11 14 0
11 15 -2147483648
11 16 0
11 17 2
11 18 1
11 19 -2147483648
12 0 -2147483648
12 1 0
12 2 1
12 3 3
12 4 -2147483648
12 5 2
12 6 -2147483648
12 7 2
12 8 0
12 9 -2147483648
12 10 -2147483648
12 11 1
12 13 -2147483648
12 14 -2147483648
12 15 -2147483648
12 16 1
12 17 1
12 18 3
12 19 -2147483648
13 0 1
13 1 -2147483648
13 2 0
13 3 -2147483648
13 4 -2147483648
13 5 -2147483648
13 6 0
13 7 -2147483648
13 8 -2147483648
13 9 1
13 10 0
13 11 -2147483648
13 12 -2147483648
13 14 -2147483648
13 15 0
13 16 0
13 17 -2147483648
13 18 -2147483648
13 19 -2147483648
14 0 0
14 1 0
14 2 0
14 3 -2147483648
14 4 1
14 5 -2147483648
14 6 -2147483648
14 7 -2147483648
14 8 -2147483648
14 9 -2147483648
14 10 -2147483648
14 11 0
14 12 -2147483648
14 13 -2147483648
14 15 1
14 16 -2147483648
14 17 0
14 18 -2147483648
14 19 0
15 0 0
15 1 0
15 2 0
15 3 -2147483648
15 4 -2147483648
15 5 -2147483648
15 6 0
15 7 -2147483648
15 8 0
15 9 2
15 10 -2147483648
15 11 -2147483648
15 12 -2147483648
15 13 0
15 14 1
15 16 -2147483648
15 17 -2147483648
15 18 -2147483648
15 19 0
16 0 0
16 1 0
16 2 0
16 3 1
16 4 0
16 5 1
16 6 -2147483648
16 7 0
16 8 0
16 9 -2147483648
16 10 2
16 11 0
16 12 1
16 13 0
16 14 -2147483648
16 15 -2147483648
16 17 0
16 18 1
16 19 0
17 0 0
17 1 0
17 2 0
17 3 2
17 4 1
17 5 0
17 6 0
17 7 2
17 8 1
17 9 -2147483648
17 10 -2147483648
17 11 2
17 12 1
17 13 -2147483648
17 14 0
17 15 -2147483648
17 16 0
17 18 1
17 19 0
18 0 0
18 1 0
18 2 0
18 3 3
18 4 -2147483648
18 5 2
18 6 0
18 7 2
18 8 0
18 9 -2147483648
18 10 -2147483648
18 11 1
18 12 3
18 13 -2147483648
18 14 -2147483648
18 15 -2147483648
18 16 1
18 17 1
18 19 0
19 0 -2147483648
19 1 2
19 2 -2147483648
19 3 0
19 4 -2147483648
19 5 0
19 6 -2147483648
19 7 0
19 8 -2147483648
19 9 0
19 10 -2147483648
19 11 -2147483648
19 12 -2147483648
19 13 -2147483648
19 14 0
19 15 0
19 16 0
19 17 0
19 18 0
