12 10 9 3 1 6 11 13 
12 10 9 3 1 6 11 13 
5 10 9 3 1 6 11 
5 4 7 6 11 12 14 
13 11 12 10 5 4 14 
3 9 10 5 4 
9 3 2 4 14 12 10 
2 1 3 9 8 7 6 
7 6 1 2 4 14 12 
7 6 11 13 10 12 14 
6 1 2 4 5 10 13 
4 14 12 11 13 10 5 
1 2 4 5 10 12 14 
1 6 11 12 14 4 7 
5 4 7 8 9 10 13 
3 9 10 5 4 7 8 
5 10 9 3 1 6 11 
6 1 2 4 5 10 13 
10 9 3 1 6 11 13 
5 4 7 6 1 3 9 
6 1 2 4 5 10 13 
3 9 8 7 6 11 13 
4 7 6 11 
5 4 14 12 11 13 10 
2 4 5 10 9 8 7 
8 7 6 1 2 3 9 
7 6 11 12 10 9 
8 7 6 11 12 10 9 
5 4 7 8 9 10 13 
5 4 7 8 9 10 12 
3 2 4 14 12 10 5 
2 4 5 10 9 8 7 
6 7 4 5 10 13 11 
1 6 11 12 10 9 8 
5 10 12 11 6 7 8 
10 5 4 7 6 11 12 
2 1 3 9 10 13 
4 2 1 6 7 8 
5 4 2 1 6 7 
2 1 6 7 8 9 
2 4 7 6 11 12 
3 1 6 11 12 14 
4 7 6 1 3 9 
7 6 1 2 3 9 
7 4 2 1 6 11 
2 1 6 7 8 9 
3 1 6 11 12 14 
7 4 2 3 9 10 
4 14 12 10 13 11 
2 4 7 8 9 10 
4 5 10 13 11 12 
4 5 10 12 11 13 
7 6 1 2 3 9 
3 9 10 13 11 12 
2 1 3 9 10 13 
3 9 10 5 4 7 
4 5 10 13 11 12 
3 2 4 14 12 11 
9 3 2 4 14 12 
2 1 6 7 8 9 
1 3 2 4 5 10 
10 9 3 1 6 11 
3 1 2 4 7 6 
4 5 10 13 11 6 
4 14 12 10 13 11 
3 9 10 5 4 7 
1 6 11 13 10 12 
1 3 2 4 5 10 
3 2 4 5 10 12 
4 7 6 1 3 9 
7 6 1 3 9 
1 6 11 13 10 12 
6 11 13 10 
1 2 3 9 10 5 
