2 1 6 11 13 
3 2 1 6 11 
4 2 3 9 8 
5 4 2 3 9 
9 3 2 4 5 10 
2 4 5 10 12 
7 4 14 12 
6 7 4 14 12 11 
4 14 12 10 5 
5 4 14 12 10 
5 10 12 11 
4 5 10 12 
7 6 1 3 9 
1 3 9 10 
5 10 12 14 
4 5 10 12 
13 11 12 14 
9 10 13 11 12 
2 1 3 9 
1 3 9 10 12 
2 3 1 6 
3 1 6 7 8 
4 2 3 9 
2 3 9 10 
7 6 1 3 9 
1 3 9 10 5 
7 6 11 12 14 
4 7 6 11 
7 4 14 12 11 
5 4 14 12 
6 11 12 10 13 
3 1 6 11 12 
1 2 4 14 
3 1 2 4 
2 1 3 9 
1 3 9 10 12 
5 10 12 11 13 
10 12 11 
5 10 13 11 
10 13 11 12 
7 4 5 10 
4 5 10 9 
6 11 12 10 13 
3 1 6 11 12 
3 9 10 13 
1 3 9 10 
2 1 6 7 
3 2 1 6 
7 6 1 3 9 
1 3 9 8 
2 1 6 11 13 
4 2 1 6 
3 2 4 14 
4 14 12 11 
1 2 4 7 
4 7 6 11 
12 10 13 
6 11 12 10 
8 7 6 1 3 9 
3 9 10 5 
3 2 4 7 
5 4 7 8 
3 2 4 14 
6 11 13 
5 10 13 
2 3 9 
2 4 7 
3 1 6 7 
7 8 9 
8 9 
5 4 2 3 9 10 
4 2 3 9 10 5 
4 2 1 6 7 8 
5 4 2 1 6 7 
9 3 2 4 5 10 
3 2 4 5 10 13 
2 3 9 8 7 6 
4 2 3 9 8 7 
5 4 2 3 9 10 
4 2 3 9 10 5 
8 9 10 5 4 14 
9 10 5 4 14 12 
4 2 1 6 7 8 
5 4 2 1 6 7 
9 3 2 4 5 10 
3 2 4 5 10 13 
8 9 10 5 4 14 
9 10 5 4 14 12 
3 9 10 12 14 
2 3 9 10 12 
7 4 5 10 12 
4 5 10 12 11 
2 1 6 11 13 
7 4 2 1 6 11 
5 4 7 6 11 12 14 
10 5 4 7 6 11 12 
4 2 1 6 7 8 
5 4 2 1 6 7 
9 3 2 4 5 10 
3 2 4 5 10 13 
4 2 3 9 10 5 
5 4 2 3 9 10 
4 5 10 13 11 12 
6 7 4 5 10 13 11 
2 1 6 11 13 
4 2 1 6 11 
5 10 13 11 
4 5 10 13 11 12 
7 6 1 3 9 
6 1 3 9 10 13 
13 10 5 4 14 
9 10 5 4 14 12 
2 4 5 10 9 
1 2 4 5 10 
2 4 5 10 12 
7 4 5 10 12 14 
3 1 2 4 14 
1 2 4 14 12 
7 4 5 10 12 
4 5 10 12 11 
4 2 3 9 
5 4 2 3 9 8 
7 6 1 3 9 
6 1 3 9 10 13 
7 4 14 12 11 
4 14 12 11 13 
12 14 4 7 6 11 13 
5 4 7 6 11 
1 3 2 4 14 
3 2 4 14 12 
1 2 4 7 
3 1 2 4 7 8 
2 4 5 10 9 
1 2 4 5 10 
5 10 12 11 13 
4 5 10 12 11 
3 1 2 4 14 
1 2 4 14 12 
7 4 5 10 
6 7 4 5 10 13 
10 9 3 1 6 11 13 
3 1 6 11 
5 4 2 1 3 9 
2 1 3 9 10 
2 3 9 8 7 
8 7 4 2 3 9 
7 6 1 3 9 
6 1 3 9 10 
2 3 9 10 13 
3 9 10 13 11 12 
3 1 2 4 7 
1 2 4 7 8 
3 1 6 7 4 
2 3 1 6 7 
10 9 8 7 6 11 
3 9 8 7 6 
3 9 8 7 4 5 
8 7 4 5 10 9 
12 14 4 5 10 13 
5 10 13 11 12 
5 4 7 6 11 13 
4 7 6 
2 1 3 9 
1 3 9 10 5 
3 2 4 7 
4 7 8 9 
7 8 9 
