0 1 7
0 2 5
0 3 -2147483648
0 4 -2147483648
0 5 -2147483648
0 6 -2147483648
0 7 -2147483648
0 8 -2147483648
0 9 -2147483648
0 10 -2147483648
0 11 -2147483648
0 12 -2147483648
0 13 -2147483648
0 14 -2147483648
0 15 -2147483648
0 16 5
0 17 -2147483648
0 18 6
0 19 -2147483648
0 20 -2147483648
0 21 -2147483648
0 22 1
0 23 -2147483648
0 24 -2147483648
0 25 -2147483648
0 26 -2147483648
0 27 -2147483648
0 28 -2147483648
0 29 -2147483648
0 30 -2147483648
0 31 -2147483648
0 32 -2147483648
0 33 -2147483648
0 34 -2147483648
0 35 -2147483648
0 36 -2147483648
0 37 -2147483648
0 38 -2147483648
0 39 -2147483648
0 40 -2147483648
0 41 -2147483648
0 42 -2147483648
0 43 -2147483648
0 44 2
0 45 -2147483648
0 46 -2147483648
0 47 -2147483648
0 48 -2147483648
0 49 -2147483648
0 50 -2147483648
0 51 -2147483648
0 52 -2147483648
0 53 -2147483648
0 54 -2147483648
0 55 -2147483648
0 56 -2147483648
0 57 -2147483648
0 58 -2147483648
0 59 -2147483648
0 60 -2147483648
0 61 5
0 62 -2147483648
0 63 -2147483648
0 64 -2147483648
0 65 -2147483648
0 66 -2147483648
0 67 -2147483648
0 68 -2147483648
0 69 -2147483648
0 70 -2147483648
0 71 -2147483648
0 72 2
0 73 -2147483648
1 0 7
1 2 5
1 3 -2147483648
1 4 -2147483648
1 5 -2147483648
1 6 -2147483648
1 7 -2147483648
1 8 -2147483648
1 9 -2147483648
1 10 -2147483648
1 11 -2147483648
1 12 -2147483648
1 13 -2147483648
1 14 -2147483648
1 15 -2147483648
1 16 5
1 17 -2147483648
1 18 6
1 19 -2147483648
1 20 -2147483648
1 21 -2147483648
1 22 1
1 23 -2147483648
1 24 -2147483648
1 25 -2147483648
1 26 -2147483648
1 27 -2147483648
1 28 -2147483648
1 29 -2147483648
1 30 -2147483648
1 31 -2147483648
1 32 -2147483648
1 33 -2147483648
1 34 -2147483648
1 35 -2147483648
1 36 -2147483648
1 37 -2147483648
1 38 -2147483648
1 39 -2147483648
1 40 -2147483648
1 41 -2147483648
1 42 -2147483648
1 43 -2147483648
1 44 2
1 45 -2147483648
1 46 -2147483648
1 47 -2147483648
1 48 -2147483648
1 49 -2147483648
1 50 -2147483648
1 51 -2147483648
1 52 -2147483648
1 53 -2147483648
1 54 -2147483648
1 55 -2147483648
1 56 -2147483648
1 57 -2147483648
1 58 -2147483648
1 59 -2147483648
1 60 -2147483648
1 61 5
1 62 -2147483648
1 63 -2147483648
1 64 -2147483648
1 65 -2147483648
1 66 -2147483648
1 67 -2147483648
1 68 -2147483648
1 69 -2147483648
1 70 -2147483648
1 71 -2147483648
1 72 2
1 73 -2147483648
2 0 5
2 1 5
2 3 -2147483648
2 4 -2147483648
2 5 -2147483648
2 6 -2147483648
2 7 -2147483648
2 8 -2147483648
2 9 -2147483648
2 10 -2147483648
2 11 -2147483648
2 12 -2147483648
2 13 2
2 14 -2147483648
2 15 -2147483648
2 16 6
2 17 -2147483648
2 18 5
2 19 -2147483648
2 20 -2147483648
2 21 -2147483648
2 22 1
2 23 -2147483648
2 24 -2147483648
2 25 -2147483648
2 26 2
2 27 2
2 28 -2147483648
2 29 -2147483648
2 30 -2147483648
2 31 -2147483648
2 32 -2147483648
2 33 -2147483648
2 34 -2147483648
2 35 -2147483648
2 36 -2147483648
2 37 -2147483648
2 38 -2147483648
2 39 -2147483648
2 40 1
2 41 3
2 42 -2147483648
2 43 -2147483648
2 44 2
2 45 -2147483648
2 46 3
2 47 -2147483648
2 48 -2147483648
2 49 -2147483648
2 50 -2147483648
2 51 -2147483648
2 52 -2147483648
2 53 -2147483648
2 54 -2147483648
2 55 -2147483648
2 56 -2147483648
2 57 -2147483648
2 58 -2147483648
2 59 -2147483648
2 60 -2147483648
2 61 5
2 62 -2147483648
2 63 -2147483648
2 64 -2147483648
2 65 -2147483648
2 66 -2147483648
2 67 -2147483648
2 68 -2147483648
2 69 -2147483648
2 70 -2147483648
2 71 -2147483648
2 72 1
2 73 -2147483648
3 0 -2147483648
3 1 -2147483648
3 2 -2147483648
3 4 -2147483648
3 5 1
3 6 -2147483648
3 7 1
3 8 -2147483648
3 9 -2147483648
3 10 -2147483648
3 11 -2147483648
3 12 -2147483648
3 13 4
3 14 -2147483648
3 15 -2147483648
3 16 -2147483648
3 17 -2147483648
3 18 -2147483648
3 19 -2147483648
3 20 -2147483648
3 21 -2147483648
3 22 3
3 23 -2147483648
3 24 -2147483648
3 25 -2147483648
3 26 -2147483648
3 27 -2147483648
3 28 -2147483648
3 29 -2147483648
3 30 -2147483648
3 31 -2147483648
3 32 -2147483648
3 33 -2147483648
3 34 -2147483648
3 35 5
3 36 0
3 37 -2147483648
3 38 -2147483648
3 39 -2147483648
3 40 4
3 41 3
3 42 -2147483648
3 43 -2147483648
3 44 -2147483648
3 45 -2147483648
3 46 3
3 47 -2147483648
3 48 -2147483648
3 49 -2147483648
3 50 -2147483648
3 51 -2147483648
3 52 -2147483648
3 53 1
3 54 0
3 55 2
3 56 -2147483648
3 57 -2147483648
3 58 -2147483648
3 59 -2147483648
3 60 -2147483648
3 61 1
3 62 2
3 63 -2147483648
3 64 -2147483648
3 65 2
3 66 -2147483648
3 67 -2147483648
3 68 -2147483648
3 69 -2147483648
3 70 -2147483648
3 71 -2147483648
3 72 -2147483648
3 73 0
4 0 -2147483648
4 1 -2147483648
4 2 -2147483648
4 3 -2147483648
4 5 2
4 6 2
4 7 0
4 8 1
4 9 -2147483648
4 10 -2147483648
4 11 -2147483648
4 12 -2147483648
4 13 -2147483648
4 14 -2147483648
4 15 -2147483648
4 16 -2147483648
4 17 -2147483648
4 18 -2147483648
4 19 -2147483648
4 20 -2147483648
4 21 -2147483648
4 22 -2147483648
4 23 -2147483648
4 24 -2147483648
4 25 0
4 26 -2147483648
4 27 -2147483648
4 28 -2147483648
4 29 -2147483648
4 30 3
4 31 -2147483648
4 32 -2147483648
4 33 -2147483648
4 34 -2147483648
4 35 -2147483648
4 36 -2147483648
4 37 -2147483648
4 38 -2147483648
4 39 0
4 40 -2147483648
4 41 -2147483648
4 42 -2147483648
4 43 0
4 44 -2147483648
4 45 0
4 46 -2147483648
4 47 -2147483648
4 48 -2147483648
4 49 -2147483648
4 50 -2147483648
4 51 -2147483648
4 52 0
4 53 -2147483648
4 54 -2147483648
4 55 -2147483648
4 56 -2147483648
4 57 -2147483648
4 58 1
4 59 0
4 60 -2147483648
4 61 -2147483648
4 62 -2147483648
4 63 -2147483648
4 64 -2147483648
4 65 -2147483648
4 66 -2147483648
4 67 -2147483648
4 68 -2147483648
4 69 -2147483648
4 70 0
4 71 -2147483648
4 72 -2147483648
4 73 1
5 0 -2147483648
5 1 -2147483648
5 2 -2147483648
5 3 1
5 4 2
5 6 -2147483648
5 7 -2147483648
5 8 0
5 9 -2147483648
5 10 -2147483648
5 11 1
5 12 -2147483648
5 13 0
5 14 -2147483648
5 15 4
5 16 -2147483648
5 17 -2147483648
5 18 -2147483648
5 19 2
5 20 -2147483648
5 21 -2147483648
5 22 0
5 23 1
5 24 -2147483648
5 25 1
5 26 -2147483648
5 27 -2147483648
5 28 -2147483648
5 29 -2147483648
5 30 -2147483648
5 31 -2147483648
5 32 -2147483648
5 33 -2147483648
5 34 -2147483648
5 35 2
5 36 -2147483648
5 37 0
5 38 1
5 39 0
5 40 0
5 41 -2147483648
5 42 1
5 43 1
5 44 0
5 45 0
5 46 -2147483648
5 47 2
5 48 -2147483648
5 49 1
5 50 -2147483648
5 51 -2147483648
5 52 1
5 53 -2147483648
5 54 -2147483648
5 55 4
5 56 -2147483648
5 57 -2147483648
5 58 -2147483648
5 59 0
5 60 -2147483648
5 61 -2147483648
5 62 -2147483648
5 63 -2147483648
5 64 -2147483648
5 65 4
5 66 -2147483648
5 67 -2147483648
5 68 -2147483648
5 69 1
5 70 1
5 71 -2147483648
5 72 0
5 73 3
6 0 -2147483648
6 1 -2147483648
6 2 -2147483648
6 3 -2147483648
6 4 2
6 5 -2147483648
6 7 -2147483648
6 8 3
6 9 -2147483648
6 10 -2147483648
6 11 -2147483648
6 12 -2147483648
6 13 -2147483648
6 14 -2147483648
6 15 -2147483648
6 16 -2147483648
6 17 -2147483648
6 18 -2147483648
6 19 -2147483648
6 20 -2147483648
6 21 -2147483648
6 22 -2147483648
6 23 -2147483648
6 24 -2147483648
6 25 -2147483648
6 26 1
6 27 1
6 28 -2147483648
6 29 -2147483648
6 30 5
6 31 -2147483648
6 32 -2147483648
6 33 -2147483648
6 34 -2147483648
6 35 -2147483648
6 36 -2147483648
6 37 -2147483648
6 38 -2147483648
6 39 -2147483648
6 40 -2147483648
6 41 -2147483648
6 42 -2147483648
6 43 -2147483648
6 44 -2147483648
6 45 -2147483648
6 46 -2147483648
6 47 -2147483648
6 48 3
6 49 -2147483648
6 50 -2147483648
6 51 -2147483648
6 52 -2147483648
6 53 -2147483648
6 54 -2147483648
6 55 -2147483648
6 56 -2147483648
6 57 -2147483648
6 58 5
6 59 -2147483648
6 60 -2147483648
6 61 -2147483648
6 62 -2147483648
6 63 -2147483648
6 64 3
6 65 -2147483648
6 66 0
6 67 -2147483648
6 68 -2147483648
6 69 -2147483648
6 70 -2147483648
6 71 0
6 72 0
6 73 -2147483648
7 0 -2147483648
7 1 -2147483648
7 2 -2147483648
7 3 1
7 4 0
7 5 -2147483648
7 6 -2147483648
7 8 -2147483648
7 9 1
7 10 -2147483648
7 11 0
7 12 -2147483648
7 13 -2147483648
7 14 -2147483648
7 15 -2147483648
7 16 -2147483648
7 17 -2147483648
7 18 -2147483648
7 19 3
7 20 -2147483648
7 21 4
7 22 1
7 23 0
7 24 -2147483648
7 25 -2147483648
7 26 1
7 27 2
7 28 -2147483648
7 29 -2147483648
7 30 -2147483648
7 31 -2147483648
7 32 -2147483648
7 33 -2147483648
7 34 -2147483648
7 35 1
7 36 -2147483648
7 37 -2147483648
7 38 -2147483648
7 39 -2147483648
7 40 -2147483648
7 41 -2147483648
7 42 3
7 43 -2147483648
7 44 -2147483648
7 45 -2147483648
7 46 -2147483648
7 47 -2147483648
7 48 0
7 49 -2147483648
7 50 0
7 51 0
7 52 -2147483648
7 53 -2147483648
7 54 -2147483648
7 55 -2147483648
7 56 0
7 57 -2147483648
7 58 -2147483648
7 59 -2147483648
7 60 -2147483648
7 61 -2147483648
7 62 -2147483648
7 63 0
7 64 0
7 65 -2147483648
7 66 -2147483648
7 67 -2147483648
7 68 -2147483648
7 69 3
7 70 3
7 71 -2147483648
7 72 0
7 73 -2147483648
8 0 -2147483648
8 1 -2147483648
8 2 -2147483648
8 3 -2147483648
8 4 1
8 5 0
8 6 3
8 7 -2147483648
8 9 -2147483648
8 10 -2147483648
8 11 2
8 12 -2147483648
8 13 -2147483648
8 14 -2147483648
8 15 -2147483648
8 16 -2147483648
8 17 -2147483648
8 18 -2147483648
8 19 -2147483648
8 20 -2147483648
8 21 -2147483648
8 22 -2147483648
8 23 2
8 24 -2147483648
8 25 -2147483648
8 26 -2147483648
8 27 -2147483648
8 28 -2147483648
8 29 -2147483648
8 30 3
8 31 -2147483648
8 32 -2147483648
8 33 -2147483648
8 34 -2147483648
8 35 -2147483648
8 36 -2147483648
8 37 -2147483648
8 38 -2147483648
8 39 -2147483648
8 40 -2147483648
8 41 -2147483648
8 42 -2147483648
8 43 -2147483648
8 44 -2147483648
8 45 -2147483648
8 46 -2147483648
8 47 -2147483648
8 48 2
8 49 -2147483648
8 50 -2147483648
8 51 -2147483648
8 52 -2147483648
8 53 0
8 54 -2147483648
8 55 -2147483648
8 56 -2147483648
8 57 3
8 58 3
8 59 -2147483648
8 60 -2147483648
8 61 -2147483648
8 62 -2147483648
8 63 -2147483648
8 64 2
8 65 -2147483648
8 66 -2147483648
8 67 -2147483648
8 68 -2147483648
8 69 -2147483648
8 70 -2147483648
8 71 -2147483648
8 72 -2147483648
8 73 -2147483648
9 0 -2147483648
9 1 -2147483648
9 2 -2147483648
9 3 -2147483648
9 4 -2147483648
9 5 -2147483648
9 6 -2147483648
9 7 1
9 8 -2147483648
9 10 -2147483648
9 11 -2147483648
9 12 2
9 13 -2147483648
9 14 -2147483648
9 15 -2147483648
9 16 -2147483648
9 17 -2147483648
9 18 -2147483648
9 19 -2147483648
9 20 -2147483648
9 21 3
9 22 2
9 23 -2147483648
9 24 -2147483648
9 25 -2147483648
9 26 -2147483648
9 27 -2147483648
9 28 -2147483648
9 29 -2147483648
9 30 -2147483648
9 31 -2147483648
9 32 -2147483648
9 33 -2147483648
9 34 -2147483648
9 35 -2147483648
9 36 -2147483648
9 37 -2147483648
9 38 -2147483648
9 39 -2147483648
9 40 -2147483648
9 41 -2147483648
9 42 -2147483648
9 43 -2147483648
9 44 -2147483648
9 45 -2147483648
9 46 -2147483648
9 47 -2147483648
9 48 -2147483648
9 49 -2147483648
9 50 -2147483648
9 51 -2147483648
9 52 -2147483648
9 53 -2147483648
9 54 -2147483648
9 55 -2147483648
9 56 -2147483648
9 57 -2147483648
9 58 0
9 59 -2147483648
9 60 0
9 61 -2147483648
9 62 1
9 63 -2147483648
9 64 -2147483648
9 65 -2147483648
9 66 4
9 67 0
9 68 1
9 69 -2147483648
9 70 -2147483648
9 71 4
9 72 3
9 73 -2147483648
10 0 -2147483648
10 1 -2147483648
10 2 -2147483648
10 3 -2147483648
10 4 -2147483648
10 5 -2147483648
10 6 -2147483648
10 7 -2147483648
10 8 -2147483648
10 9 -2147483648
10 11 -2147483648
10 12 -2147483648
10 13 -2147483648
10 14 -2147483648
10 15 -2147483648
10 16 -2147483648
10 17 6
10 18 -2147483648
10 19 -2147483648
10 20 6
10 21 -2147483648
10 22 -2147483648
10 23 -2147483648
10 24 -2147483648
10 25 -2147483648
10 26 -2147483648
10 27 -2147483648
10 28 -2147483648
10 29 -2147483648
10 30 -2147483648
10 31 -2147483648
10 32 -2147483648
10 33 -2147483648
10 34 -2147483648
10 35 -2147483648
10 36 -2147483648
10 37 -2147483648
10 38 -2147483648
10 39 -2147483648
10 40 -2147483648
10 41 -2147483648
10 42 -2147483648
10 43 -2147483648
10 44 -2147483648
10 45 -2147483648
10 46 -2147483648
10 47 -2147483648
10 48 -2147483648
10 49 -2147483648
10 50 3
10 51 -2147483648
10 52 -2147483648
10 53 1
10 54 -2147483648
10 55 -2147483648
10 56 3
10 57 -2147483648
10 58 -2147483648
10 59 -2147483648
10 60 -2147483648
10 61 -2147483648
10 62 -2147483648
10 63 3
10 64 -2147483648
10 65 -2147483648
10 66 -2147483648
10 67 -2147483648
10 68 -2147483648
10 69 -2147483648
10 70 -2147483648
10 71 -2147483648
10 72 -2147483648
10 73 -2147483648
11 0 -2147483648
11 1 -2147483648
11 2 -2147483648
11 3 -2147483648
11 4 -2147483648
11 5 1
11 6 -2147483648
11 7 0
11 8 2
11 9 -2147483648
11 10 -2147483648
11 12 -2147483648
11 13 -2147483648
11 14 -2147483648
11 15 -2147483648
11 16 -2147483648
11 17 -2147483648
11 18 -2147483648
11 19 -2147483648
11 20 -2147483648
11 21 1
11 22 -2147483648
11 23 5
11 24 -2147483648
11 25 0
11 26 -2147483648
11 27 -2147483648
11 28 -2147483648
11 29 -2147483648
11 30 -2147483648
11 31 -2147483648
11 32 -2147483648
11 33 -2147483648
11 34 -2147483648
11 35 -2147483648
11 36 -2147483648
11 37 -2147483648
11 38 -2147483648
11 39 0
11 40 -2147483648
11 41 -2147483648
11 42 -2147483648
11 43 0
11 44 -2147483648
11 45 0
11 46 -2147483648
11 47 -2147483648
11 48 -2147483648
11 49 -2147483648
11 50 -2147483648
11 51 -2147483648
11 52 0
11 53 -2147483648
11 54 -2147483648
11 55 -2147483648
11 56 -2147483648
11 57 3
11 58 2
11 59 0
11 60 -2147483648
11 61 -2147483648
11 62 -2147483648
11 63 -2147483648
11 64 -2147483648
11 65 -2147483648
11 66 -2147483648
11 67 -2147483648
11 68 -2147483648
11 69 -2147483648
11 70 0
11 71 -2147483648
11 72 2
11 73 1
12 0 -2147483648
12 1 -2147483648
12 2 -2147483648
12 3 -2147483648
12 4 -2147483648
12 5 -2147483648
12 6 -2147483648
12 7 -2147483648
12 8 -2147483648
12 9 2
12 10 -2147483648
12 11 -2147483648
12 13 -2147483648
12 14 -2147483648
12 15 -2147483648
12 16 -2147483648
12 17 -2147483648
12 18 -2147483648
12 19 -2147483648
12 20 -2147483648
12 21 0
12 22 -2147483648
12 23 -2147483648
12 24 -2147483648
12 25 -2147483648
12 26 -2147483648
12 27 -2147483648
12 28 -2147483648
12 29 -2147483648
12 30 -2147483648
12 31 -2147483648
12 32 -2147483648
12 33 -2147483648
12 34 -2147483648
12 35 -2147483648
12 36 -2147483648
12 37 -2147483648
12 38 -2147483648
12 39 -2147483648
12 40 -2147483648
12 41 -2147483648
12 42 -2147483648
12 43 -2147483648
12 44 -2147483648
12 45 -2147483648
12 46 -2147483648
12 47 -2147483648
12 48 -2147483648
12 49 -2147483648
12 50 -2147483648
12 51 -2147483648
12 52 -2147483648
12 53 -2147483648
12 54 -2147483648
12 55 -2147483648
12 56 -2147483648
12 57 -2147483648
12 58 -2147483648
12 59 -2147483648
12 60 -2147483648
12 61 -2147483648
12 62 -2147483648
12 63 -2147483648
12 64 -2147483648
12 65 -2147483648
12 66 -2147483648
12 67 -2147483648
12 68 4
12 69 -2147483648
12 70 -2147483648
12 71 -2147483648
12 72 0
12 73 -2147483648
13 0 -2147483648
13 1 -2147483648
13 2 2
13 3 4
13 4 -2147483648
13 5 0
13 6 -2147483648
13 7 -2147483648
13 8 -2147483648
13 9 -2147483648
13 10 -2147483648
13 11 -2147483648
13 12 -2147483648
13 14 1
13 15 1
13 16 2
13 17 -2147483648
13 18 -2147483648
13 19 -2147483648
13 20 -2147483648
13 21 -2147483648
13 22 2
13 23 -2147483648
13 24 -2147483648
13 25 -2147483648
13 26 -2147483648
13 27 -2147483648
13 28 1
13 29 1
13 30 -2147483648
13 31 -2147483648
13 32 -2147483648
13 33 -2147483648
13 34 -2147483648
13 35 3
13 36 -2147483648
13 37 -2147483648
13 38 -2147483648
13 39 -2147483648
13 40 3
13 41 4
13 42 -2147483648
13 43 -2147483648
13 44 -2147483648
13 45 -2147483648
13 46 4
13 47 -2147483648
13 48 -2147483648
13 49 1
13 50 -2147483648
13 51 -2147483648
13 52 -2147483648
13 53 1
13 54 -2147483648
13 55 1
13 56 -2147483648
13 57 -2147483648
13 58 -2147483648
13 59 -2147483648
13 60 -2147483648
13 61 2
13 62 -2147483648
13 63 -2147483648
13 64 -2147483648
13 65 1
13 66 -2147483648
13 67 -2147483648
13 68 -2147483648
13 69 -2147483648
13 70 -2147483648
13 71 -2147483648
13 72 -2147483648
13 73 -2147483648
14 0 -2147483648
14 1 -2147483648
14 2 -2147483648
14 3 -2147483648
14 4 -2147483648
14 5 -2147483648
14 6 -2147483648
14 7 -2147483648
14 8 -2147483648
14 9 -2147483648
14 10 -2147483648
14 11 -2147483648
14 12 -2147483648
14 13 1
14 15 -2147483648
14 16 -2147483648
14 17 -2147483648
14 18 -2147483648
14 19 -2147483648
14 20 -2147483648
14 21 -2147483648
14 22 -2147483648
14 23 -2147483648
14 24 -2147483648
14 25 -2147483648
14 26 -2147483648
14 27 -2147483648
14 28 6
14 29 -2147483648
14 30 -2147483648
14 31 -2147483648
14 32 -2147483648
14 33 -2147483648
14 34 -2147483648
14 35 -2147483648
14 36 2
14 37 -2147483648
14 38 -2147483648
14 39 2
14 40 -2147483648
14 41 0
14 42 -2147483648
14 43 -2147483648
14 44 -2147483648
14 45 2
14 46 0
14 47 -2147483648
14 48 -2147483648
14 49 4
14 50 -2147483648
14 51 -2147483648
14 52 -2147483648
14 53 2
14 54 2
14 55 -2147483648
14 56 -2147483648
14 57 -2147483648
14 58 -2147483648
14 59 2
14 60 -2147483648
14 61 -2147483648
14 62 -2147483648
14 63 -2147483648
14 64 -2147483648
14 65 -2147483648
14 66 -2147483648
14 67 -2147483648
14 68 -2147483648
14 69 -2147483648
14 70 -2147483648
14 71 -2147483648
14 72 0
14 73 -2147483648
15 0 -2147483648
15 1 -2147483648
15 2 -2147483648
15 3 -2147483648
15 4 -2147483648
15 5 4
15 6 -2147483648
15 7 -2147483648
15 8 -2147483648
15 9 -2147483648
15 10 -2147483648
15 11 -2147483648
15 12 -2147483648
15 13 1
15 14 -2147483648
15 16 -2147483648
15 17 -2147483648
15 18 -2147483648
15 19 -2147483648
15 20 -2147483648
15 21 -2147483648
15 22 -2147483648
15 23 -2147483648
15 24 -2147483648
15 25 -2147483648
15 26 -2147483648
15 27 -2147483648
15 28 -2147483648
15 29 -2147483648
15 30 -2147483648
15 31 -2147483648
15 32 -2147483648
15 33 -2147483648
15 34 -2147483648
15 35 -2147483648
15 36 -2147483648
15 37 -2147483648
15 38 -2147483648
15 39 1
15 40 -2147483648
15 41 -2147483648
15 42 -2147483648
15 43 -2147483648
15 44 -2147483648
15 45 1
15 46 -2147483648
15 47 -2147483648
15 48 -2147483648
15 49 3
15 50 -2147483648
15 51 -2147483648
15 52 -2147483648
15 53 -2147483648
15 54 -2147483648
15 55 5
15 56 -2147483648
15 57 -2147483648
15 58 -2147483648
15 59 1
15 60 -2147483648
15 61 -2147483648
15 62 -2147483648
15 63 -2147483648
15 64 -2147483648
15 65 5
15 66 -2147483648
15 67 -2147483648
15 68 -2147483648
15 69 -2147483648
15 70 -2147483648
15 71 -2147483648
15 72 0
15 73 3
16 0 5
16 1 5
16 2 6
16 3 -2147483648
16 4 -2147483648
16 5 -2147483648
16 6 -2147483648
16 7 -2147483648
16 8 -2147483648
16 9 -2147483648
16 10 -2147483648
16 11 -2147483648
16 12 -2147483648
16 13 2
16 14 -2147483648
16 15 -2147483648
16 17 -2147483648
16 18 5
16 19 -2147483648
16 20 -2147483648
16 21 -2147483648
16 22 1
16 23 -2147483648
16 24 -2147483648
16 25 -2147483648
16 26 2
16 27 2
16 28 -2147483648
16 29 -2147483648
16 30 -2147483648
16 31 -2147483648
16 32 -2147483648
16 33 -2147483648
16 34 -2147483648
16 35 -2147483648
16 36 -2147483648
16 37 -2147483648
16 38 -2147483648
16 39 -2147483648
16 40 1
16 41 3
16 42 -2147483648
16 43 -2147483648
16 44 2
16 45 -2147483648
16 46 3
16 47 -2147483648
16 48 -2147483648
16 49 -2147483648
16 50 -2147483648
16 51 -2147483648
16 52 -2147483648
16 53 -2147483648
16 54 -2147483648
16 55 -2147483648
16 56 -2147483648
16 57 -2147483648
16 58 -2147483648
16 59 -2147483648
16 60 -2147483648
16 61 5
16 62 -2147483648
16 63 -2147483648
16 64 -2147483648
16 65 -2147483648
16 66 -2147483648
16 67 -2147483648
16 68 -2147483648
16 69 -2147483648
16 70 -2147483648
16 71 -2147483648
16 72 1
16 73 -2147483648
17 0 -2147483648
17 1 -2147483648
17 2 -2147483648
17 3 -2147483648
17 4 -2147483648
17 5 -2147483648
17 6 -2147483648
17 7 -2147483648
17 8 -2147483648
17 9 -2147483648
17 10 6
17 11 -2147483648
17 12 -2147483648
17 13 -2147483648
17 14 -2147483648
17 15 -2147483648
17 16 -2147483648
17 18 -2147483648
17 19 -2147483648
17 20 6
17 21 -2147483648
17 22 -2147483648
17 23 -2147483648
17 24 -2147483648
17 25 -2147483648
17 26 -2147483648
17 27 -2147483648
17 28 -2147483648
17 29 -2147483648
17 30 -2147483648
17 31 -2147483648
17 32 -2147483648
17 33 -2147483648
17 34 -2147483648
17 35 -2147483648
17 36 -2147483648
17 37 -2147483648
17 38 -2147483648
17 39 -2147483648
17 40 -2147483648
17 41 -2147483648
17 42 -2147483648
17 43 -2147483648
17 44 -2147483648
17 45 -2147483648
17 46 -2147483648
17 47 -2147483648
17 48 -2147483648
17 49 -2147483648
17 50 3
17 51 -2147483648
17 52 -2147483648
17 53 1
17 54 -2147483648
17 55 -2147483648
17 56 3
17 57 -2147483648
17 58 -2147483648
17 59 -2147483648
17 60 -2147483648
17 61 -2147483648
17 62 -2147483648
17 63 3
17 64 -2147483648
17 65 -2147483648
17 66 -2147483648
17 67 -2147483648
17 68 -2147483648
17 69 -2147483648
17 70 -2147483648
17 71 -2147483648
17 72 -2147483648
17 73 -2147483648
18 0 6
18 1 6
18 2 5
18 3 -2147483648
18 4 -2147483648
18 5 -2147483648
18 6 -2147483648
18 7 -2147483648
18 8 -2147483648
18 9 -2147483648
18 10 -2147483648
18 11 -2147483648
18 12 -2147483648
18 13 -2147483648
18 14 -2147483648
18 15 -2147483648
18 16 5
18 17 -2147483648
18 19 -2147483648
18 20 -2147483648
18 21 -2147483648
18 22 1
18 23 1
18 24 -2147483648
18 25 -2147483648
18 26 -2147483648
18 27 -2147483648
18 28 -2147483648
18 29 -2147483648
18 30 -2147483648
18 31 -2147483648
18 32 -2147483648
18 33 -2147483648
18 34 -2147483648
18 35 -2147483648
18 36 -2147483648
18 37 -2147483648
18 38 -2147483648
18 39 -2147483648
18 40 -2147483648
18 41 -2147483648
18 42 -2147483648
18 43 -2147483648
18 44 2
18 45 -2147483648
18 46 -2147483648
18 47 -2147483648
18 48 -2147483648
18 49 -2147483648
18 50 -2147483648
18 51 -2147483648
18 52 -2147483648
18 53 -2147483648
18 54 -2147483648
18 55 -2147483648
18 56 -2147483648
18 57 -2147483648
18 58 -2147483648
18 59 -2147483648
18 60 -2147483648
18 61 5
18 62 -2147483648
18 63 -2147483648
18 64 -2147483648
18 65 -2147483648
18 66 -2147483648
18 67 -2147483648
18 68 -2147483648
18 69 -2147483648
18 70 -2147483648
18 71 -2147483648
18 72 2
18 73 -2147483648
19 0 -2147483648
19 1 -2147483648
19 2 -2147483648
19 3 -2147483648
19 4 -2147483648
19 5 2
19 6 -2147483648
19 7 3
19 8 -2147483648
19 9 -2147483648
19 10 -2147483648
19 11 -2147483648
19 12 -2147483648
19 13 -2147483648
19 14 -2147483648
19 15 -2147483648
19 16 -2147483648
19 17 -2147483648
19 18 -2147483648
19 20 -2147483648
19 21 -2147483648
19 22 -2147483648
19 23 -2147483648
19 24 -2147483648
19 25 -2147483648
19 26 -2147483648
19 27 -2147483648
19 28 -2147483648
19 29 -2147483648
19 30 -2147483648
19 31 -2147483648
19 32 -2147483648
19 33 -2147483648
19 34 -2147483648
19 35 -2147483648
19 36 2
19 37 -2147483648
19 38 -2147483648
19 39 -2147483648
19 40 -2147483648
19 41 -2147483648
19 42 5
19 43 -2147483648
19 44 -2147483648
19 45 -2147483648
19 46 -2147483648
19 47 -2147483648
19 48 -2147483648
19 49 -2147483648
19 50 -2147483648
19 51 -2147483648
19 52 -2147483648
19 53 1
19 54 2
19 55 3
19 56 -2147483648
19 57 -2147483648
19 58 -2147483648
19 59 -2147483648
19 60 -2147483648
19 61 -2147483648
19 62 -2147483648
19 63 -2147483648
19 64 -2147483648
19 65 3
19 66 -2147483648
19 67 -2147483648
19 68 -2147483648
19 69 5
19 70 4
19 71 -2147483648
19 72 -2147483648
19 73 -2147483648
20 0 -2147483648
20 1 -2147483648
20 2 -2147483648
20 3 -2147483648
20 4 -2147483648
20 5 -2147483648
20 6 -2147483648
20 7 -2147483648
20 8 -2147483648
20 9 -2147483648
20 10 6
20 11 -2147483648
20 12 -2147483648
20 13 -2147483648
20 14 -2147483648
20 15 -2147483648
20 16 -2147483648
20 17 6
20 18 -2147483648
20 19 -2147483648
20 21 -2147483648
20 22 -2147483648
20 23 -2147483648
20 24 -2147483648
20 25 -2147483648
20 26 -2147483648
20 27 -2147483648
20 28 -2147483648
20 29 -2147483648
20 30 -2147483648
20 31 -2147483648
20 32 -2147483648
20 33 -2147483648
20 34 -2147483648
20 35 -2147483648
20 36 -2147483648
20 37 -2147483648
20 38 -2147483648
20 39 -2147483648
20 40 -2147483648
20 41 -2147483648
20 42 -2147483648
20 43 -2147483648
20 44 -2147483648
20 45 -2147483648
20 46 -2147483648
20 47 -2147483648
20 48 -2147483648
20 49 -2147483648
20 50 3
20 51 -2147483648
20 52 -2147483648
20 53 1
20 54 -2147483648
20 55 -2147483648
20 56 3
20 57 -2147483648
20 58 -2147483648
20 59 -2147483648
20 60 -2147483648
20 61 -2147483648
20 62 -2147483648
20 63 3
20 64 -2147483648
20 65 -2147483648
20 66 -2147483648
20 67 -2147483648
20 68 -2147483648
20 69 -2147483648
20 70 -2147483648
20 71 -2147483648
20 72 -2147483648
20 73 -2147483648
21 0 -2147483648
21 1 -2147483648
21 2 -2147483648
21 3 -2147483648
21 4 -2147483648
21 5 -2147483648
21 6 -2147483648
21 7 4
21 8 -2147483648
21 9 3
21 10 -2147483648
21 11 1
21 12 0
21 13 -2147483648
21 14 -2147483648
21 15 -2147483648
21 16 -2147483648
21 17 -2147483648
21 18 -2147483648
21 19 -2147483648
21 20 -2147483648
21 22 2
21 23 1
21 24 2
21 25 -2147483648
21 26 -2147483648
21 27 -2147483648
21 28 -2147483648
21 29 -2147483648
21 30 -2147483648
21 31 2
21 32 -2147483648
21 33 -2147483648
21 34 -2147483648
21 35 -2147483648
21 36 -2147483648
21 37 -2147483648
21 38 -2147483648
21 39 -2147483648
21 40 -2147483648
21 41 -2147483648
21 42 -2147483648
21 43 -2147483648
21 44 -2147483648
21 45 -2147483648
21 46 -2147483648
21 47 -2147483648
21 48 0
21 49 -2147483648
21 50 -2147483648
21 51 1
21 52 -2147483648
21 53 -2147483648
21 54 -2147483648
21 55 -2147483648
21 56 -2147483648
21 57 -2147483648
21 58 -2147483648
21 59 -2147483648
21 60 -2147483648
21 61 -2147483648
21 62 -2147483648
21 63 -2147483648
21 64 0
21 65 -2147483648
21 66 2
21 67 -2147483648
21 68 -2147483648
21 69 -2147483648
21 70 -2147483648
21 71 2
21 72 2
21 73 -2147483648
22 0 1
22 1 1
22 2 1
22 3 3
22 4 -2147483648
22 5 0
22 6 -2147483648
22 7 1
22 8 -2147483648
22 9 2
22 10 -2147483648
22 11 -2147483648
22 12 -2147483648
22 13 2
22 14 -2147483648
22 15 -2147483648
22 16 1
22 17 -2147483648
22 18 1
22 19 -2147483648
22 20 -2147483648
22 21 2
22 23 -2147483648
22 24 -2147483648
22 25 -2147483648
22 26 2
22 27 2
22 28 -2147483648
22 29 -2147483648
22 30 -2147483648
22 31 -2147483648
22 32 -2147483648
22 33 1
22 34 -2147483648
22 35 3
22 36 0
22 37 -2147483648
22 38 -2147483648
22 39 -2147483648
22 40 3
22 41 1
22 42 -2147483648
22 43 -2147483648
22 44 -2147483648
22 45 -2147483648
22 46 1
22 47 -2147483648
22 48 -2147483648
22 49 -2147483648
22 50 -2147483648
22 51 -2147483648
22 52 -2147483648
22 53 0
22 54 0
22 55 1
22 56 -2147483648
22 57 -2147483648
22 58 -2147483648
22 59 -2147483648
22 60 -2147483648
22 61 1
22 62 2
22 63 -2147483648
22 64 -2147483648
22 65 1
22 66 1
22 67 -2147483648
22 68 -2147483648
22 69 -2147483648
22 70 -2147483648
22 71 1
22 72 1
22 73 0
23 0 -2147483648
23 1 -2147483648
23 2 -2147483648
23 3 -2147483648
23 4 -2147483648
23 5 1
23 6 -2147483648
23 7 0
23 8 2
23 9 -2147483648
23 10 -2147483648
23 11 5
23 12 -2147483648
23 13 -2147483648
23 14 -2147483648
23 15 -2147483648
23 16 -2147483648
23 17 -2147483648
23 18 1
23 19 -2147483648
23 20 -2147483648
23 21 1
23 22 -2147483648
23 24 -2147483648
23 25 0
23 26 -2147483648
23 27 -2147483648
23 28 -2147483648
23 29 -2147483648
23 30 -2147483648
23 31 -2147483648
23 32 -2147483648
23 33 -2147483648
23 34 -2147483648
23 35 -2147483648
23 36 0
23 37 -2147483648
23 38 -2147483648
23 39 0
23 40 -2147483648
23 41 -2147483648
23 42 -2147483648
23 43 0
23 44 -2147483648
23 45 0
23 46 -2147483648
23 47 -2147483648
23 48 -2147483648
23 49 -2147483648
23 50 -2147483648
23 51 -2147483648
23 52 0
23 53 -2147483648
23 54 0
23 55 -2147483648
23 56 -2147483648
23 57 3
23 58 2
23 59 0
23 60 -2147483648
23 61 0
23 62 -2147483648
23 63 -2147483648
23 64 -2147483648
23 65 -2147483648
23 66 2
23 67 -2147483648
23 68 -2147483648
23 69 -2147483648
23 70 0
23 71 2
23 72 2
23 73 0
24 0 -2147483648
24 1 -2147483648
24 2 -2147483648
24 3 -2147483648
24 4 -2147483648
24 5 -2147483648
24 6 -2147483648
24 7 -2147483648
24 8 -2147483648
24 9 -2147483648
24 10 -2147483648
24 11 -2147483648
24 12 -2147483648
24 13 -2147483648
24 14 -2147483648
24 15 -2147483648
24 16 -2147483648
24 17 -2147483648
24 18 -2147483648
24 19 -2147483648
24 20 -2147483648
24 21 2
24 22 -2147483648
24 23 -2147483648
24 25 -2147483648
24 26 1
24 27 2
24 28 -2147483648
24 29 -2147483648
24 30 -2147483648
24 31 6
24 32 -2147483648
24 33 2
24 34 -2147483648
24 35 -2147483648
24 36 -2147483648
24 37 -2147483648
24 38 -2147483648
24 39 -2147483648
24 40 -2147483648
24 41 0
24 42 -2147483648
24 43 -2147483648
24 44 -2147483648
24 45 -2147483648
24 46 0
24 47 -2147483648
24 48 -2147483648
24 49 -2147483648
24 50 -2147483648
24 51 -2147483648
24 52 -2147483648
24 53 -2147483648
24 54 -2147483648
24 55 -2147483648
24 56 -2147483648
24 57 -2147483648
24 58 -2147483648
24 59 -2147483648
24 60 3
24 61 -2147483648
24 62 -2147483648
24 63 -2147483648
24 64 -2147483648
24 65 -2147483648
24 66 -2147483648
24 67 3
24 68 -2147483648
24 69 -2147483648
24 70 0
24 71 -2147483648
24 72 0
24 73 -2147483648
25 0 -2147483648
25 1 -2147483648
25 2 -2147483648
25 3 -2147483648
25 4 0
25 5 1
25 6 -2147483648
25 7 -2147483648
25 8 -2147483648
25 9 -2147483648
25 10 -2147483648
25 11 0
25 12 -2147483648
25 13 -2147483648
25 14 -2147483648
25 15 -2147483648
25 16 -2147483648
25 17 -2147483648
25 18 -2147483648
25 19 -2147483648
25 20 -2147483648
25 21 -2147483648
25 22 -2147483648
25 23 0
25 24 -2147483648
25 26 -2147483648
25 27 -2147483648
25 28 -2147483648
25 29 -2147483648
25 30 -2147483648
25 31 -2147483648
25 32 -2147483648
25 33 -2147483648
25 34 -2147483648
25 35 -2147483648
25 36 -2147483648
25 37 -2147483648
25 38 -2147483648
25 39 -2147483648
25 40 -2147483648
25 41 -2147483648
25 42 -2147483648
25 43 5
25 44 -2147483648
25 45 -2147483648
25 46 -2147483648
25 47 -2147483648
25 48 0
25 49 -2147483648
25 50 0
25 51 0
25 52 5
25 53 1
25 54 -2147483648
25 55 1
25 56 0
25 57 -2147483648
25 58 -2147483648
25 59 -2147483648
25 60 -2147483648
25 61 -2147483648
25 62 -2147483648
25 63 0
25 64 0
25 65 1
25 66 -2147483648
25 67 -2147483648
25 68 -2147483648
25 69 -2147483648
25 70 -2147483648
25 71 -2147483648
25 72 -2147483648
25 73 3
26 0 -2147483648
26 1 -2147483648
26 2 2
26 3 -2147483648
26 4 -2147483648
26 5 -2147483648
26 6 1
26 7 1
26 8 -2147483648
26 9 -2147483648
26 10 -2147483648
26 11 -2147483648
26 12 -2147483648
26 13 -2147483648
26 14 -2147483648
26 15 -2147483648
26 16 2
26 17 -2147483648
26 18 -2147483648
26 19 -2147483648
26 20 -2147483648
26 21 -2147483648
26 22 2
26 23 -2147483648
26 24 1
26 25 -2147483648
26 27 5
26 28 -2147483648
26 29 -2147483648
26 30 -2147483648
26 31 1
26 32 -2147483648
26 33 4
26 34 -2147483648
26 35 -2147483648
26 36 -2147483648
26 37 -2147483648
26 38 -2147483648
26 39 -2147483648
26 40 3
26 41 -2147483648
26 42 -2147483648
26 43 -2147483648
26 44 -2147483648
26 45 -2147483648
26 46 -2147483648
26 47 -2147483648
26 48 -2147483648
26 49 -2147483648
26 50 -2147483648
26 51 -2147483648
26 52 -2147483648
26 53 -2147483648
26 54 -2147483648
26 55 -2147483648
26 56 -2147483648
26 57 -2147483648
26 58 0
26 59 -2147483648
26 60 0
26 61 2
26 62 1
26 63 -2147483648
26 64 -2147483648
26 65 -2147483648
26 66 -2147483648
26 67 0
26 68 -2147483648
26 69 -2147483648
26 70 -2147483648
26 71 -2147483648
26 72 -2147483648
26 73 -2147483648
27 0 -2147483648
27 1 -2147483648
27 2 2
27 3 -2147483648
27 4 -2147483648
27 5 -2147483648
27 6 1
27 7 2
27 8 -2147483648
27 9 -2147483648
27 10 -2147483648
27 11 -2147483648
27 12 -2147483648
27 13 -2147483648
27 14 -2147483648
27 15 -2147483648
27 16 2
27 17 -2147483648
27 18 -2147483648
27 19 -2147483648
27 20 -2147483648
27 21 -2147483648
27 22 2
27 23 -2147483648
27 24 2
27 25 -2147483648
27 26 5
27 28 -2147483648
27 29 -2147483648
27 30 -2147483648
27 31 2
27 32 -2147483648
27 33 4
27 34 -2147483648
27 35 -2147483648
27 36 -2147483648
27 37 -2147483648
27 38 -2147483648
27 39 -2147483648
27 40 3
27 41 -2147483648
27 42 -2147483648
27 43 -2147483648
27 44 -2147483648
27 45 -2147483648
27 46 -2147483648
27 47 -2147483648
27 48 -2147483648
27 49 -2147483648
27 50 -2147483648
27 51 -2147483648
27 52 -2147483648
27 53 -2147483648
27 54 -2147483648
27 55 -2147483648
27 56 -2147483648
27 57 -2147483648
27 58 0
27 59 -2147483648
27 60 0
27 61 2
27 62 1
27 63 -2147483648
27 64 -2147483648
27 65 -2147483648
27 66 -2147483648
27 67 0
27 68 -2147483648
27 69 -2147483648
27 70 -2147483648
27 71 -2147483648
27 72 -2147483648
27 73 -2147483648
28 0 -2147483648
28 1 -2147483648
28 2 -2147483648
28 3 -2147483648
28 4 -2147483648
28 5 -2147483648
28 6 -2147483648
28 7 -2147483648
28 8 -2147483648
28 9 -2147483648
28 10 -2147483648
28 11 -2147483648
28 12 -2147483648
28 13 1
28 14 6
28 15 -2147483648
28 16 -2147483648
28 17 -2147483648
28 18 -2147483648
28 19 -2147483648
28 20 -2147483648
28 21 -2147483648
28 22 -2147483648
28 23 -2147483648
28 24 -2147483648
28 25 -2147483648
28 26 -2147483648
28 27 -2147483648
28 29 -2147483648
28 30 -2147483648
28 31 -2147483648
28 32 -2147483648
28 33 -2147483648
28 34 -2147483648
28 35 -2147483648
28 36 2
28 37 -2147483648
28 38 -2147483648
28 39 2
28 40 -2147483648
28 41 0
28 42 -2147483648
28 43 -2147483648
28 44 -2147483648
28 45 2
28 46 0
28 47 -2147483648
28 48 -2147483648
28 49 4
28 50 -2147483648
28 51 -2147483648
28 52 -2147483648
28 53 2
28 54 2
28 55 -2147483648
28 56 -2147483648
28 57 -2147483648
28 58 -2147483648
28 59 2
28 60 -2147483648
28 61 -2147483648
28 62 -2147483648
28 63 -2147483648
28 64 -2147483648
28 65 -2147483648
28 66 -2147483648
28 67 -2147483648
28 68 -2147483648
28 69 -2147483648
28 70 -2147483648
28 71 -2147483648
28 72 0
28 73 -2147483648
29 0 -2147483648
29 1 -2147483648
29 2 -2147483648
29 3 -2147483648
29 4 -2147483648
29 5 -2147483648
29 6 -2147483648
29 7 -2147483648
29 8 -2147483648
29 9 -2147483648
29 10 -2147483648
29 11 -2147483648
29 12 -2147483648
29 13 1
29 14 -2147483648
29 15 -2147483648
29 16 -2147483648
29 17 -2147483648
29 18 -2147483648
29 19 -2147483648
29 20 -2147483648
29 21 -2147483648
29 22 -2147483648
29 23 -2147483648
29 24 -2147483648
29 25 -2147483648
29 26 -2147483648
29 27 -2147483648
29 28 -2147483648
29 30 -2147483648
29 31 -2147483648
29 32 -2147483648
29 33 -2147483648
29 34 -2147483648
29 35 -2147483648
29 36 -2147483648
29 37 -2147483648
29 38 -2147483648
29 39 2
29 40 -2147483648
29 41 0
29 42 -2147483648
29 43 -2147483648
29 44 -2147483648
29 45 2
29 46 0
29 47 -2147483648
29 48 -2147483648
29 49 4
29 50 -2147483648
29 51 -2147483648
29 52 -2147483648
29 53 -2147483648
29 54 -2147483648
29 55 -2147483648
29 56 -2147483648
29 57 -2147483648
29 58 -2147483648
29 59 2
29 60 -2147483648
29 61 -2147483648
29 62 -2147483648
29 63 -2147483648
29 64 -2147483648
29 65 -2147483648
29 66 1
29 67 -2147483648
29 68 -2147483648
29 69 -2147483648
29 70 -2147483648
29 71 1
29 72 0
29 73 -2147483648
30 0 -2147483648
30 1 -2147483648
30 2 -2147483648
30 3 -2147483648
30 4 3
30 5 -2147483648
30 6 5
30 7 -2147483648
30 8 3
30 9 -2147483648
30 10 -2147483648
30 11 -2147483648
30 12 -2147483648
30 13 -2147483648
30 14 -2147483648
30 15 -2147483648
30 16 -2147483648
30 17 -2147483648
30 18 -2147483648
30 19 -2147483648
30 20 -2147483648
30 21 -2147483648
30 22 -2147483648
30 23 -2147483648
30 24 -2147483648
30 25 -2147483648
30 26 -2147483648
30 27 -2147483648
30 28 -2147483648
30 29 -2147483648
30 31 -2147483648
30 32 -2147483648
30 33 -2147483648
30 34 -2147483648
30 35 -2147483648
30 36 -2147483648
30 37 -2147483648
30 38 -2147483648
30 39 -2147483648
30 40 -2147483648
30 41 -2147483648
30 42 -2147483648
30 43 -2147483648
30 44 -2147483648
30 45 -2147483648
30 46 -2147483648
30 47 -2147483648
30 48 -2147483648
30 49 -2147483648
30 50 -2147483648
30 51 -2147483648
30 52 -2147483648
30 53 -2147483648
30 54 -2147483648
30 55 -2147483648
30 56 -2147483648
30 57 -2147483648
30 58 4
30 59 -2147483648
30 60 -2147483648
30 61 -2147483648
30 62 -2147483648
30 63 -2147483648
30 64 -2147483648
30 65 -2147483648
30 66 -2147483648
30 67 -2147483648
30 68 -2147483648
30 69 -2147483648
30 70 -2147483648
30 71 -2147483648
30 72 0
30 73 -2147483648
31 0 -2147483648
31 1 -2147483648
31 2 -2147483648
31 3 -2147483648
31 4 -2147483648
31 5 -2147483648
31 6 -2147483648
31 7 -2147483648
31 8 -2147483648
31 9 -2147483648
31 10 -2147483648
31 11 -2147483648
31 12 -2147483648
31 13 -2147483648
31 14 -2147483648
31 15 -2147483648
31 16 -2147483648
31 17 -2147483648
31 18 -2147483648
31 19 -2147483648
31 20 -2147483648
31 21 2
31 22 -2147483648
31 23 -2147483648
31 24 6
31 25 -2147483648
31 26 1
31 27 2
31 28 -2147483648
31 29 -2147483648
31 30 -2147483648
31 32 -2147483648
31 33 2
31 34 -2147483648
31 35 -2147483648
31 36 -2147483648
31 37 -2147483648
31 38 -2147483648
31 39 -2147483648
31 40 -2147483648
31 41 0
31 42 -2147483648
31 43 -2147483648
31 44 -2147483648
31 45 -2147483648
31 46 0
31 47 -2147483648
31 48 -2147483648
31 49 -2147483648
31 50 -2147483648
31 51 -2147483648
31 52 -2147483648
31 53 -2147483648
31 54 -2147483648
31 55 -2147483648
31 56 -2147483648
31 57 -2147483648
31 58 -2147483648
31 59 -2147483648
31 60 3
31 61 -2147483648
31 62 -2147483648
31 63 -2147483648
31 64 -2147483648
31 65 -2147483648
31 66 -2147483648
31 67 3
31 68 -2147483648
31 69 -2147483648
31 70 0
31 71 -2147483648
31 72 0
31 73 -2147483648
32 0 -2147483648
32 1 -2147483648
32 2 -2147483648
32 3 -2147483648
32 4 -2147483648
32 5 -2147483648
32 6 -2147483648
32 7 -2147483648
32 8 -2147483648
32 9 -2147483648
32 10 -2147483648
32 11 -2147483648
32 12 -2147483648
32 13 -2147483648
32 14 -2147483648
32 15 -2147483648
32 16 -2147483648
32 17 -2147483648
32 18 -2147483648
32 19 -2147483648
32 20 -2147483648
32 21 -2147483648
32 22 -2147483648
32 23 -2147483648
32 24 -2147483648
32 25 -2147483648
32 26 -2147483648
32 27 -2147483648
32 28 -2147483648
32 29 -2147483648
32 30 -2147483648
32 31 -2147483648
32 33 -2147483648
32 34 -2147483648
32 35 -2147483648
32 36 1
32 37 -2147483648
32 38 -2147483648
32 39 -2147483648
32 40 -2147483648
32 41 -2147483648
32 42 -2147483648
32 43 -2147483648
32 44 -2147483648
32 45 -2147483648
32 46 -2147483648
32 47 -2147483648
32 48 -2147483648
32 49 -2147483648
32 50 4
32 51 -2147483648
32 52 -2147483648
32 53 2
32 54 1
32 55 -2147483648
32 56 4
32 57 -2147483648
32 58 -2147483648
32 59 -2147483648
32 60 2
32 61 -2147483648
32 62 -2147483648
32 63 4
32 64 -2147483648
32 65 -2147483648
32 66 -2147483648
32 67 2
32 68 -2147483648
32 69 -2147483648
32 70 -2147483648
32 71 -2147483648
32 72 -2147483648
32 73 -2147483648
33 0 -2147483648
33 1 -2147483648
33 2 -2147483648
33 3 -2147483648
33 4 -2147483648
33 5 -2147483648
33 6 -2147483648
33 7 -2147483648
33 8 -2147483648
33 9 -2147483648
33 10 -2147483648
33 11 -2147483648
33 12 -2147483648
33 13 -2147483648
33 14 -2147483648
33 15 -2147483648
33 16 -2147483648
33 17 -2147483648
33 18 -2147483648
33 19 -2147483648
33 20 -2147483648
33 21 -2147483648
33 22 1
33 23 -2147483648
33 24 2
33 25 -2147483648
33 26 4
33 27 4
33 28 -2147483648
33 29 -2147483648
33 30 -2147483648
33 31 2
33 32 -2147483648
33 34 -2147483648
33 35 -2147483648
33 36 -2147483648
33 37 -2147483648
33 38 -2147483648
33 39 -2147483648
33 40 2
33 41 -2147483648
33 42 -2147483648
33 43 -2147483648
33 44 2
33 45 -2147483648
33 46 -2147483648
33 47 -2147483648
33 48 -2147483648
33 49 -2147483648
33 50 -2147483648
33 51 -2147483648
33 52 -2147483648
33 53 -2147483648
33 54 -2147483648
33 55 -2147483648
33 56 -2147483648
33 57 -2147483648
33 58 -2147483648
33 59 -2147483648
33 60 -2147483648
33 61 -2147483648
33 62 -2147483648
33 63 -2147483648
33 64 -2147483648
33 65 -2147483648
33 66 -2147483648
33 67 -2147483648
33 68 -2147483648
33 69 -2147483648
33 70 -2147483648
33 71 -2147483648
33 72 -2147483648
33 73 -2147483648
34 0 -2147483648
34 1 -2147483648
34 2 -2147483648
34 3 -2147483648
34 4 -2147483648
34 5 -2147483648
34 6 -2147483648
34 7 -2147483648
34 8 -2147483648
34 9 -2147483648
34 10 -2147483648
34 11 -2147483648
34 12 -2147483648
34 13 -2147483648
34 14 -2147483648
34 15 -2147483648
34 16 -2147483648
34 17 -2147483648
34 18 -2147483648
34 19 -2147483648
34 20 -2147483648
34 21 -2147483648
34 22 -2147483648
34 23 -2147483648
34 24 -2147483648
34 25 -2147483648
34 26 -2147483648
34 27 -2147483648
34 28 -2147483648
34 29 -2147483648
34 30 -2147483648
34 31 -2147483648
34 32 -2147483648
34 33 -2147483648
34 35 -2147483648
34 36 -2147483648
34 37 2
34 38 -2147483648
34 39 2
34 40 -2147483648
34 41 -2147483648
34 42 -2147483648
34 43 -2147483648
34 44 -2147483648
34 45 2
34 46 -2147483648
34 47 -2147483648
34 48 -2147483648
34 49 1
34 50 -2147483648
34 51 -2147483648
34 52 -2147483648
34 53 -2147483648
34 54 -2147483648
34 55 -2147483648
34 56 -2147483648
34 57 1
34 58 0
34 59 2
34 60 1
34 61 -2147483648
34 62 -2147483648
34 63 -2147483648
34 64 -2147483648
34 65 -2147483648
34 66 -2147483648
34 67 1
34 68 2
34 69 -2147483648
34 70 -2147483648
34 71 -2147483648
34 72 -2147483648
34 73 -2147483648
35 0 -2147483648
35 1 -2147483648
35 2 -2147483648
35 3 5
35 4 -2147483648
35 5 2
35 6 -2147483648
35 7 1
35 8 -2147483648
35 9 -2147483648
35 10 -2147483648
35 11 -2147483648
35 12 -2147483648
35 13 3
35 14 -2147483648
35 15 -2147483648
35 16 -2147483648
35 17 -2147483648
35 18 -2147483648
35 19 -2147483648
35 20 -2147483648
35 21 -2147483648
35 22 3
35 23 -2147483648
35 24 -2147483648
35 25 -2147483648
35 26 -2147483648
35 27 -2147483648
35 28 -2147483648
35 29 -2147483648
35 30 -2147483648
35 31 -2147483648
35 32 -2147483648
35 33 -2147483648
35 34 -2147483648
35 36 -2147483648
35 37 -2147483648
35 38 -2147483648
35 39 -2147483648
35 40 4
35 41 2
35 42 -2147483648
35 43 -2147483648
35 44 -2147483648
35 45 -2147483648
35 46 2
35 47 -2147483648
35 48 -2147483648
35 49 -2147483648
35 50 -2147483648
35 51 -2147483648
35 52 -2147483648
35 53 -2147483648
35 54 -2147483648
35 55 3
35 56 -2147483648
35 57 -2147483648
35 58 -2147483648
35 59 -2147483648
35 60 -2147483648
35 61 -2147483648
35 62 2
35 63 -2147483648
35 64 -2147483648
35 65 3
35 66 -2147483648
35 67 -2147483648
35 68 -2147483648
35 69 -2147483648
35 70 -2147483648
35 71 -2147483648
35 72 -2147483648
35 73 1
36 0 -2147483648
36 1 -2147483648
36 2 -2147483648
36 3 0
36 4 -2147483648
36 5 -2147483648
36 6 -2147483648
36 7 -2147483648
36 8 -2147483648
36 9 -2147483648
36 10 -2147483648
36 11 -2147483648
36 12 -2147483648
36 13 -2147483648
36 14 2
36 15 -2147483648
36 16 -2147483648
36 17 -2147483648
36 18 -2147483648
36 19 2
36 20 -2147483648
36 21 -2147483648
36 22 0
36 23 0
36 24 -2147483648
36 25 -2147483648
36 26 -2147483648
36 27 -2147483648
36 28 2
36 29 -2147483648
36 30 -2147483648
36 31 -2147483648
36 32 1
36 33 -2147483648
36 34 -2147483648
36 35 -2147483648
36 37 -2147483648
36 38 -2147483648
36 39 -2147483648
36 40 -2147483648
36 41 -2147483648
36 42 2
36 43 -2147483648
36 44 -2147483648
36 45 -2147483648
36 46 -2147483648
36 47 -2147483648
36 48 1
36 49 -2147483648
36 50 1
36 51 -2147483648
36 52 -2147483648
36 53 3
36 54 5
36 55 -2147483648
36 56 1
36 57 -2147483648
36 58 -2147483648
36 59 -2147483648
36 60 -2147483648
36 61 -2147483648
36 62 -2147483648
36 63 1
36 64 1
36 65 -2147483648
36 66 -2147483648
36 67 -2147483648
36 68 -2147483648
36 69 2
36 70 2
36 71 -2147483648
36 72 0
36 73 -2147483648
37 0 -2147483648
37 1 -2147483648
37 2 -2147483648
37 3 -2147483648
37 4 -2147483648
37 5 0
37 6 -2147483648
37 7 -2147483648
37 8 -2147483648
37 9 -2147483648
37 10 -2147483648
37 11 -2147483648
37 12 -2147483648
37 13 -2147483648
37 14 -2147483648
37 15 -2147483648
37 16 -2147483648
37 17 -2147483648
37 18 -2147483648
37 19 -2147483648
37 20 -2147483648
37 21 -2147483648
37 22 -2147483648
37 23 -2147483648
37 24 -2147483648
37 25 -2147483648
37 26 -2147483648
37 27 -2147483648
37 28 -2147483648
37 29 -2147483648
37 30 -2147483648
37 31 -2147483648
37 32 -2147483648
37 33 -2147483648
37 34 2
37 35 -2147483648
37 36 -2147483648
37 38 4
37 39 4
37 40 -2147483648
37 41 -2147483648
37 42 -2147483648
37 43 -2147483648
37 44 -2147483648
37 45 4
37 46 -2147483648
37 47 -2147483648
37 48 -2147483648
37 49 -2147483648
37 50 -2147483648
37 51 -2147483648
37 52 -2147483648
37 53 0
37 54 -2147483648
37 55 -2147483648
37 56 -2147483648
37 57 -2147483648
37 58 -2147483648
37 59 4
37 60 -2147483648
37 61 -2147483648
37 62 -2147483648
37 63 -2147483648
37 64 -2147483648
37 65 -2147483648
37 66 -2147483648
37 67 -2147483648
37 68 -2147483648
37 69 -2147483648
37 70 -2147483648
37 71 -2147483648
37 72 -2147483648
37 73 -2147483648
38 0 -2147483648
38 1 -2147483648
38 2 -2147483648
38 3 -2147483648
38 4 -2147483648
38 5 1
38 6 -2147483648
38 7 -2147483648
38 8 -2147483648
38 9 -2147483648
38 10 -2147483648
38 11 -2147483648
38 12 -2147483648
38 13 -2147483648
38 14 -2147483648
38 15 -2147483648
38 16 -2147483648
38 17 -2147483648
38 18 -2147483648
38 19 -2147483648
38 20 -2147483648
38 21 -2147483648
38 22 -2147483648
38 23 -2147483648
38 24 -2147483648
38 25 -2147483648
38 26 -2147483648
38 27 -2147483648
38 28 -2147483648
38 29 -2147483648
38 30 -2147483648
38 31 -2147483648
38 32 -2147483648
38 33 -2147483648
38 34 -2147483648
38 35 -2147483648
38 36 -2147483648
38 37 4
38 39 3
38 40 -2147483648
38 41 -2147483648
38 42 -2147483648
38 43 -2147483648
38 44 -2147483648
38 45 3
38 46 -2147483648
38 47 -2147483648
38 48 -2147483648
38 49 -2147483648
38 50 -2147483648
38 51 -2147483648
38 52 -2147483648
38 53 0
38 54 -2147483648
38 55 -2147483648
38 56 -2147483648
38 57 -2147483648
38 58 -2147483648
38 59 3
38 60 -2147483648
38 61 -2147483648
38 62 -2147483648
38 63 -2147483648
38 64 -2147483648
38 65 -2147483648
38 66 -2147483648
38 67 -2147483648
38 68 -2147483648
38 69 -2147483648
38 70 -2147483648
38 71 -2147483648
38 72 -2147483648
38 73 -2147483648
39 0 -2147483648
39 1 -2147483648
39 2 -2147483648
39 3 -2147483648
39 4 0
39 5 0
39 6 -2147483648
39 7 -2147483648
39 8 -2147483648
39 9 -2147483648
39 10 -2147483648
39 11 0
39 12 -2147483648
39 13 -2147483648
39 14 2
39 15 1
39 16 -2147483648
39 17 -2147483648
39 18 -2147483648
39 19 -2147483648
39 20 -2147483648
39 21 -2147483648
39 22 -2147483648
39 23 0
39 24 -2147483648
39 25 -2147483648
39 26 -2147483648
39 27 -2147483648
39 28 2
39 29 2
39 30 -2147483648
39 31 -2147483648
39 32 -2147483648
39 33 -2147483648
39 34 2
39 35 -2147483648
39 36 -2147483648
39 37 4
39 38 3
39 40 -2147483648
39 41 -2147483648
39 42 -2147483648
39 43 -2147483648
39 44 -2147483648
39 45 5
39 46 -2147483648
39 47 -2147483648
39 48 0
39 49 -2147483648
39 50 0
39 51 0
39 52 -2147483648
39 53 0
39 54 -2147483648
39 55 0
39 56 0
39 57 -2147483648
39 58 -2147483648
39 59 5
39 60 -2147483648
39 61 -2147483648
39 62 -2147483648
39 63 0
39 64 0
39 65 0
39 66 -2147483648
39 67 -2147483648
39 68 -2147483648
39 69 -2147483648
39 70 -2147483648
39 71 -2147483648
39 72 -2147483648
39 73 -2147483648
40 0 -2147483648
40 1 -2147483648
40 2 1
40 3 4
40 4 -2147483648
40 5 0
40 6 -2147483648
40 7 -2147483648
40 8 -2147483648
40 9 -2147483648
40 10 -2147483648
40 11 -2147483648
40 12 -2147483648
40 13 3
40 14 -2147483648
40 15 -2147483648
40 16 1
40 17 -2147483648
40 18 -2147483648
40 19 -2147483648
40 20 -2147483648
40 21 -2147483648
40 22 3
40 23 -2147483648
40 24 -2147483648
40 25 -2147483648
40 26 3
40 27 3
40 28 -2147483648
40 29 -2147483648
40 30 -2147483648
40 31 -2147483648
40 32 -2147483648
40 33 2
40 34 -2147483648
40 35 4
40 36 -2147483648
40 37 -2147483648
40 38 -2147483648
40 39 -2147483648
40 41 2
40 42 -2147483648
40 43 -2147483648
40 44 -2147483648
40 45 -2147483648
40 46 2
40 47 -2147483648
40 48 -2147483648
40 49 -2147483648
40 50 -2147483648
40 51 -2147483648
40 52 -2147483648
40 53 1
40 54 -2147483648
40 55 1
40 56 -2147483648
40 57 -2147483648
40 58 -2147483648
40 59 -2147483648
40 60 -2147483648
40 61 1
40 62 3
40 63 -2147483648
40 64 -2147483648
40 65 1
40 66 -2147483648
40 67 -2147483648
40 68 -2147483648
40 69 -2147483648
40 70 -2147483648
40 71 -2147483648
40 72 -2147483648
40 73 -2147483648
41 0 -2147483648
41 1 -2147483648
41 2 3
41 3 3
41 4 -2147483648
41 5 -2147483648
41 6 -2147483648
41 7 -2147483648
41 8 -2147483648
41 9 -2147483648
41 10 -2147483648
41 11 -2147483648
41 12 -2147483648
41 13 4
41 14 0
41 15 -2147483648
41 16 3
41 17 -2147483648
41 18 -2147483648
41 19 -2147483648
41 20 -2147483648
41 21 -2147483648
41 22 1
41 23 -2147483648
41 24 0
41 25 -2147483648
41 26 -2147483648
41 27 -2147483648
41 28 0
41 29 0
41 30 -2147483648
41 31 0
41 32 -2147483648
41 33 -2147483648
41 34 -2147483648
41 35 2
41 36 -2147483648
41 37 -2147483648
41 38 -2147483648
41 39 -2147483648
41 40 2
41 42 -2147483648
41 43 -2147483648
41 44 2
41 45 -2147483648
41 46 5
41 47 -2147483648
41 48 -2147483648
41 49 0
41 50 1
41 51 -2147483648
41 52 -2147483648
41 53 -2147483648
41 54 -2147483648
41 55 -2147483648
41 56 1
41 57 -2147483648
41 58 -2147483648
41 59 -2147483648
41 60 -2147483648
41 61 3
41 62 -2147483648
41 63 -2147483648
41 64 -2147483648
41 65 -2147483648
41 66 -2147483648
41 67 -2147483648
41 68 -2147483648
41 69 -2147483648
41 70 -2147483648
41 71 -2147483648
41 72 -2147483648
41 73 -2147483648
42 0 -2147483648
42 1 -2147483648
42 2 -2147483648
42 3 -2147483648
42 4 -2147483648
42 5 1
42 6 -2147483648
42 7 3
42 8 -2147483648
42 9 -2147483648
42 10 -2147483648
42 11 -2147483648
42 12 -2147483648
42 13 -2147483648
42 14 -2147483648
42 15 -2147483648
42 16 -2147483648
42 17 -2147483648
42 18 -2147483648
42 19 5
42 20 -2147483648
42 21 -2147483648
42 22 -2147483648
42 23 -2147483648
42 24 -2147483648
42 25 -2147483648
42 26 -2147483648
42 27 -2147483648
42 28 -2147483648
42 29 -2147483648
42 30 -2147483648
42 31 -2147483648
42 32 -2147483648
42 33 -2147483648
42 34 -2147483648
42 35 -2147483648
42 36 2
42 37 -2147483648
42 38 -2147483648
42 39 -2147483648
42 40 -2147483648
42 41 -2147483648
42 43 -2147483648
42 44 -2147483648
42 45 -2147483648
42 46 -2147483648
42 47 -2147483648
42 48 -2147483648
42 49 -2147483648
42 50 -2147483648
42 51 -2147483648
42 52 -2147483648
42 53 1
42 54 2
42 55 2
42 56 -2147483648
42 57 -2147483648
42 58 -2147483648
42 59 -2147483648
42 60 -2147483648
42 61 -2147483648
42 62 -2147483648
42 63 -2147483648
42 64 -2147483648
42 65 2
42 66 -2147483648
42 67 -2147483648
42 68 -2147483648
42 69 5
42 70 4
42 71 -2147483648
42 72 -2147483648
42 73 -2147483648
43 0 -2147483648
43 1 -2147483648
43 2 -2147483648
43 3 -2147483648
43 4 0
43 5 1
43 6 -2147483648
43 7 -2147483648
43 8 -2147483648
43 9 -2147483648
43 10 -2147483648
43 11 0
43 12 -2147483648
43 13 -2147483648
43 14 -2147483648
43 15 -2147483648
43 16 -2147483648
43 17 -2147483648
43 18 -2147483648
43 19 -2147483648
43 20 -2147483648
43 21 -2147483648
43 22 -2147483648
43 23 0
43 24 -2147483648
43 25 5
43 26 -2147483648
43 27 -2147483648
43 28 -2147483648
43 29 -2147483648
43 30 -2147483648
43 31 -2147483648
43 32 -2147483648
43 33 -2147483648
43 34 -2147483648
43 35 -2147483648
43 36 -2147483648
43 37 -2147483648
43 38 -2147483648
43 39 -2147483648
43 40 -2147483648
43 41 -2147483648
43 42 -2147483648
43 44 -2147483648
43 45 -2147483648
43 46 -2147483648
43 47 -2147483648
43 48 0
43 49 -2147483648
43 50 0
43 51 0
43 52 5
43 53 1
43 54 -2147483648
43 55 1
43 56 0
43 57 -2147483648
43 58 -2147483648
43 59 -2147483648
43 60 -2147483648
43 61 -2147483648
43 62 -2147483648
43 63 0
43 64 0
43 65 1
43 66 -2147483648
43 67 -2147483648
43 68 -2147483648
43 69 -2147483648
43 70 -2147483648
43 71 -2147483648
43 72 -2147483648
43 73 3
44 0 2
44 1 2
44 2 2
44 3 -2147483648
44 4 -2147483648
44 5 0
44 6 -2147483648
44 7 -2147483648
44 8 -2147483648
44 9 -2147483648
44 10 -2147483648
44 11 -2147483648
44 12 -2147483648
44 13 -2147483648
44 14 -2147483648
44 15 -2147483648
44 16 2
44 17 -2147483648
44 18 2
44 19 -2147483648
44 20 -2147483648
44 21 -2147483648
44 22 -2147483648
44 23 -2147483648
44 24 -2147483648
44 25 -2147483648
44 26 -2147483648
44 27 -2147483648
44 28 -2147483648
44 29 -2147483648
44 30 -2147483648
44 31 -2147483648
44 32 -2147483648
44 33 2
44 34 -2147483648
44 35 -2147483648
44 36 -2147483648
44 37 -2147483648
44 38 -2147483648
44 39 -2147483648
44 40 -2147483648
44 41 2
44 42 -2147483648
44 43 -2147483648
44 45 -2147483648
44 46 2
44 47 -2147483648
44 48 -2147483648
44 49 -2147483648
44 50 -2147483648
44 51 -2147483648
44 52 -2147483648
44 53 0
44 54 -2147483648
44 55 -2147483648
44 56 -2147483648
44 57 -2147483648
44 58 -2147483648
44 59 -2147483648
44 60 -2147483648
44 61 2
44 62 -2147483648
44 63 -2147483648
44 64 -2147483648
44 65 -2147483648
44 66 2
44 67 -2147483648
44 68 -2147483648
44 69 -2147483648
44 70 -2147483648
44 71 2
44 72 1
44 73 -2147483648
45 0 -2147483648
45 1 -2147483648
45 2 -2147483648
45 3 -2147483648
45 4 0
45 5 0
45 6 -2147483648
45 7 -2147483648
45 8 -2147483648
45 9 -2147483648
45 10 -2147483648
45 11 0
45 12 -2147483648
45 13 -2147483648
45 14 2
45 15 1
45 16 -2147483648
45 17 -2147483648
45 18 -2147483648
45 19 -2147483648
45 20 -2147483648
45 21 -2147483648
45 22 -2147483648
45 23 0
45 24 -2147483648
45 25 -2147483648
45 26 -2147483648
45 27 -2147483648
45 28 2
45 29 2
45 30 -2147483648
45 31 -2147483648
45 32 -2147483648
45 33 -2147483648
45 34 2
45 35 -2147483648
45 36 -2147483648
45 37 4
45 38 3
45 39 5
45 40 -2147483648
45 41 -2147483648
45 42 -2147483648
45 43 -2147483648
45 44 -2147483648
45 46 -2147483648
45 47 -2147483648
45 48 0
45 49 -2147483648
45 50 0
45 51 0
45 52 -2147483648
45 53 0
45 54 -2147483648
45 55 0
45 56 0
45 57 -2147483648
45 58 -2147483648
45 59 5
45 60 -2147483648
45 61 -2147483648
45 62 -2147483648
45 63 0
45 64 0
45 65 0
45 66 -2147483648
45 67 -2147483648
45 68 -2147483648
45 69 -2147483648
45 70 -2147483648
45 71 -2147483648
45 72 -2147483648
45 73 -2147483648
46 0 -2147483648
46 1 -2147483648
46 2 3
46 3 3
46 4 -2147483648
46 5 -2147483648
46 6 -2147483648
46 7 -2147483648
46 8 -2147483648
46 9 -2147483648
46 10 -2147483648
46 11 -2147483648
46 12 -2147483648
46 13 4
46 14 0
46 15 -2147483648
46 16 3
46 17 -2147483648
46 18 -2147483648
46 19 -2147483648
46 20 -2147483648
46 21 -2147483648
46 22 1
46 23 -2147483648
46 24 0
46 25 -2147483648
46 26 -2147483648
46 27 -2147483648
46 28 0
46 29 0
46 30 -2147483648
46 31 0
46 32 -2147483648
46 33 -2147483648
46 34 -2147483648
46 35 2
46 36 -2147483648
46 37 -2147483648
46 38 -2147483648
46 39 -2147483648
46 40 2
46 41 5
46 42 -2147483648
46 43 -2147483648
46 44 2
46 45 -2147483648
46 47 -2147483648
46 48 -2147483648
46 49 0
46 50 1
46 51 -2147483648
46 52 -2147483648
46 53 -2147483648
46 54 -2147483648
46 55 -2147483648
46 56 1
46 57 -2147483648
46 58 -2147483648
46 59 -2147483648
46 60 -2147483648
46 61 3
46 62 -2147483648
46 63 -2147483648
46 64 -2147483648
46 65 -2147483648
46 66 -2147483648
46 67 -2147483648
46 68 -2147483648
46 69 -2147483648
46 70 -2147483648
46 71 -2147483648
46 72 -2147483648
46 73 -2147483648
47 0 -2147483648
47 1 -2147483648
47 2 -2147483648
47 3 -2147483648
47 4 -2147483648
47 5 2
47 6 -2147483648
47 7 -2147483648
47 8 -2147483648
47 9 -2147483648
47 10 -2147483648
47 11 -2147483648
47 12 -2147483648
47 13 -2147483648
47 14 -2147483648
47 15 -2147483648
47 16 -2147483648
47 17 -2147483648
47 18 -2147483648
47 19 -2147483648
47 20 -2147483648
47 21 -2147483648
47 22 -2147483648
47 23 -2147483648
47 24 -2147483648
47 25 -2147483648
47 26 -2147483648
47 27 -2147483648
47 28 -2147483648
47 29 -2147483648
47 30 -2147483648
47 31 -2147483648
47 32 -2147483648
47 33 -2147483648
47 34 -2147483648
47 35 -2147483648
47 36 -2147483648
47 37 -2147483648
47 38 -2147483648
47 39 -2147483648
47 40 -2147483648
47 41 -2147483648
47 42 -2147483648
47 43 -2147483648
47 44 -2147483648
47 45 -2147483648
47 46 -2147483648
47 48 -2147483648
47 49 -2147483648
47 50 -2147483648
47 51 -2147483648
47 52 -2147483648
47 53 2
47 54 -2147483648
47 55 -2147483648
47 56 -2147483648
47 57 -2147483648
47 58 -2147483648
47 59 -2147483648
47 60 -2147483648
47 61 -2147483648
47 62 -2147483648
47 63 -2147483648
47 64 -2147483648
47 65 -2147483648
47 66 0
47 67 -2147483648
47 68 -2147483648
47 69 -2147483648
47 70 -2147483648
47 71 0
47 72 0
47 73 3
48 0 -2147483648
48 1 -2147483648
48 2 -2147483648
48 3 -2147483648
48 4 -2147483648
48 5 -2147483648
48 6 3
48 7 0
48 8 2
48 9 -2147483648
48 10 -2147483648
48 11 -2147483648
48 12 -2147483648
48 13 -2147483648
48 14 -2147483648
48 15 -2147483648
48 16 -2147483648
48 17 -2147483648
48 18 -2147483648
48 19 -2147483648
48 20 -2147483648
48 21 0
48 22 -2147483648
48 23 -2147483648
48 24 -2147483648
48 25 0
48 26 -2147483648
48 27 -2147483648
48 28 -2147483648
48 29 -2147483648
48 30 -2147483648
48 31 -2147483648
48 32 -2147483648
48 33 -2147483648
48 34 -2147483648
48 35 -2147483648
48 36 1
48 37 -2147483648
48 38 -2147483648
48 39 0
48 40 -2147483648
48 41 -2147483648
48 42 -2147483648
48 43 0
48 44 -2147483648
48 45 0
48 46 -2147483648
48 47 -2147483648
48 49 -2147483648
48 50 -2147483648
48 51 -2147483648
48 52 0
48 53 2
48 54 1
48 55 -2147483648
48 56 -2147483648
48 57 -2147483648
48 58 2
48 59 0
48 60 -2147483648
48 61 -2147483648
48 62 -2147483648
48 63 -2147483648
48 64 5
48 65 -2147483648
48 66 -2147483648
48 67 -2147483648
48 68 -2147483648
48 69 -2147483648
48 70 0
48 71 -2147483648
48 72 -2147483648
48 73 -2147483648
49 0 -2147483648
49 1 -2147483648
49 2 -2147483648
49 3 -2147483648
49 4 -2147483648
49 5 1
49 6 -2147483648
49 7 -2147483648
49 8 -2147483648
49 9 -2147483648
49 10 -2147483648
49 11 -2147483648
49 12 -2147483648
49 13 1
49 14 4
49 15 3
49 16 -2147483648
49 17 -2147483648
49 18 -2147483648
49 19 -2147483648
49 20 -2147483648
49 21 -2147483648
49 22 -2147483648
49 23 -2147483648
49 24 -2147483648
49 25 -2147483648
49 26 -2147483648
49 27 -2147483648
49 28 4
49 29 4
49 30 -2147483648
49 31 -2147483648
49 32 -2147483648
49 33 -2147483648
49 34 1
49 35 -2147483648
49 36 -2147483648
49 37 -2147483648
49 38 -2147483648
49 39 -2147483648
49 40 -2147483648
49 41 0
49 42 -2147483648
49 43 -2147483648
49 44 -2147483648
49 45 -2147483648
49 46 0
49 47 -2147483648
49 48 -2147483648
49 50 -2147483648
49 51 -2147483648
49 52 -2147483648
49 53 1
49 54 -2147483648
49 55 2
49 56 -2147483648
49 57 -2147483648
49 58 -2147483648
49 59 -2147483648
49 60 -2147483648
49 61 -2147483648
49 62 -2147483648
49 63 -2147483648
49 64 -2147483648
49 65 2
49 66 0
49 67 -2147483648
49 68 -2147483648
49 69 -2147483648
49 70 -2147483648
49 71 0
49 72 0
49 73 -2147483648
50 0 -2147483648
50 1 -2147483648
50 2 -2147483648
50 3 -2147483648
50 4 -2147483648
50 5 -2147483648
50 6 -2147483648
50 7 0
50 8 -2147483648
50 9 -2147483648
50 10 3
50 11 -2147483648
50 12 -2147483648
50 13 -2147483648
50 14 -2147483648
50 15 -2147483648
50 16 -2147483648
50 17 3
50 18 -2147483648
50 19 -2147483648
50 20 3
50 21 -2147483648
50 22 -2147483648
50 23 -2147483648
50 24 -2147483648
50 25 0
50 26 -2147483648
50 27 -2147483648
50 28 -2147483648
50 29 -2147483648
50 30 -2147483648
50 31 -2147483648
50 32 4
50 33 -2147483648
50 34 -2147483648
50 35 -2147483648
50 36 1
50 37 -2147483648
50 38 -2147483648
50 39 0
50 40 -2147483648
50 41 1
50 42 -2147483648
50 43 0
50 44 -2147483648
50 45 0
50 46 1
50 47 -2147483648
50 48 -2147483648
50 49 -2147483648
50 51 -2147483648
50 52 0
50 53 3
50 54 1
50 55 -2147483648
50 56 5
50 57 -2147483648
50 58 -2147483648
50 59 0
50 60 2
50 61 -2147483648
50 62 -2147483648
50 63 -2147483648
50 64 -2147483648
50 65 -2147483648
50 66 -2147483648
50 67 2
50 68 -2147483648
50 69 -2147483648
50 70 0
50 71 -2147483648
50 72 -2147483648
50 73 -2147483648
51 0 -2147483648
51 1 -2147483648
51 2 -2147483648
51 3 -2147483648
51 4 -2147483648
51 5 -2147483648
51 6 -2147483648
51 7 0
51 8 -2147483648
51 9 -2147483648
51 10 -2147483648
51 11 -2147483648
51 12 -2147483648
51 13 -2147483648
51 14 -2147483648
51 15 -2147483648
51 16 -2147483648
51 17 -2147483648
51 18 -2147483648
51 19 -2147483648
51 20 -2147483648
51 21 1
51 22 -2147483648
51 23 -2147483648
51 24 -2147483648
51 25 0
51 26 -2147483648
51 27 -2147483648
51 28 -2147483648
51 29 -2147483648
51 30 -2147483648
51 31 -2147483648
51 32 -2147483648
51 33 -2147483648
51 34 -2147483648
51 35 -2147483648
51 36 -2147483648
51 37 -2147483648
51 38 -2147483648
51 39 0
51 40 -2147483648
51 41 -2147483648
51 42 -2147483648
51 43 0
51 44 -2147483648
51 45 0
51 46 -2147483648
51 47 -2147483648
51 48 -2147483648
51 49 -2147483648
51 50 -2147483648
51 52 0
51 53 -2147483648
51 54 -2147483648
51 55 -2147483648
51 56 -2147483648
51 57 -2147483648
51 58 -2147483648
51 59 0
51 60 2
51 61 -2147483648
51 62 -2147483648
51 63 -2147483648
51 64 -2147483648
51 65 -2147483648
51 66 2
51 67 2
51 68 3
51 69 -2147483648
51 70 0
51 71 2
51 72 1
51 73 -2147483648
52 0 -2147483648
52 1 -2147483648
52 2 -2147483648
52 3 -2147483648
52 4 0
52 5 1
52 6 -2147483648
52 7 -2147483648
52 8 -2147483648
52 9 -2147483648
52 10 -2147483648
52 11 0
52 12 -2147483648
52 13 -2147483648
52 14 -2147483648
52 15 -2147483648
52 16 -2147483648
52 17 -2147483648
52 18 -2147483648
52 19 -2147483648
52 20 -2147483648
52 21 -2147483648
52 22 -2147483648
52 23 0
52 24 -2147483648
52 25 5
52 26 -2147483648
52 27 -2147483648
52 28 -2147483648
52 29 -2147483648
52 30 -2147483648
52 31 -2147483648
52 32 -2147483648
52 33 -2147483648
52 34 -2147483648
52 35 -2147483648
52 36 -2147483648
52 37 -2147483648
52 38 -2147483648
52 39 -2147483648
52 40 -2147483648
52 41 -2147483648
52 42 -2147483648
52 43 5
52 44 -2147483648
52 45 -2147483648
52 46 -2147483648
52 47 -2147483648
52 48 0
52 49 -2147483648
52 50 0
52 51 0
52 53 1
52 54 -2147483648
52 55 1
52 56 0
52 57 -2147483648
52 58 -2147483648
52 59 -2147483648
52 60 -2147483648
52 61 -2147483648
52 62 -2147483648
52 63 0
52 64 0
52 65 1
52 66 -2147483648
52 67 -2147483648
52 68 -2147483648
52 69 -2147483648
52 70 -2147483648
52 71 -2147483648
52 72 -2147483648
52 73 3
53 0 -2147483648
53 1 -2147483648
53 2 -2147483648
53 3 1
53 4 -2147483648
53 5 -2147483648
53 6 -2147483648
53 7 -2147483648
53 8 0
53 9 -2147483648
53 10 1
53 11 -2147483648
53 12 -2147483648
53 13 1
53 14 2
53 15 -2147483648
53 16 -2147483648
53 17 1
53 18 -2147483648
53 19 1
53 20 1
53 21 -2147483648
53 22 0
53 23 -2147483648
53 24 -2147483648
53 25 1
53 26 -2147483648
53 27 -2147483648
53 28 2
53 29 -2147483648
53 30 -2147483648
53 31 -2147483648
53 32 2
53 33 -2147483648
53 34 -2147483648
53 35 -2147483648
53 36 3
53 37 0
53 38 0
53 39 0
53 40 1
53 41 -2147483648
53 42 1
53 43 1
53 44 0
53 45 0
53 46 -2147483648
53 47 2
53 48 2
53 49 1
53 50 3
53 51 -2147483648
53 52 1
53 54 3
53 55 -2147483648
53 56 3
53 57 -2147483648
53 58 -2147483648
53 59 0
53 60 -2147483648
53 61 -2147483648
53 62 -2147483648
53 63 -2147483648
53 64 2
53 65 -2147483648
53 66 -2147483648
53 67 -2147483648
53 68 -2147483648
53 69 1
53 70 1
53 71 -2147483648
53 72 -2147483648
53 73 -2147483648
54 0 -2147483648
54 1 -2147483648
54 2 -2147483648
54 3 0
54 4 -2147483648
54 5 -2147483648
54 6 -2147483648
54 7 -2147483648
54 8 -2147483648
54 9 -2147483648
54 10 -2147483648
54 11 -2147483648
54 12 -2147483648
54 13 -2147483648
54 14 2
54 15 -2147483648
54 16 -2147483648
54 17 -2147483648
54 18 -2147483648
54 19 2
54 20 -2147483648
54 21 -2147483648
54 22 0
54 23 0
54 24 -2147483648
54 25 -2147483648
54 26 -2147483648
54 27 -2147483648
54 28 2
54 29 -2147483648
54 30 -2147483648
54 31 -2147483648
54 32 1
54 33 -2147483648
54 34 -2147483648
54 35 -2147483648
54 36 5
54 37 -2147483648
54 38 -2147483648
54 39 -2147483648
54 40 -2147483648
54 41 -2147483648
54 42 2
54 43 -2147483648
54 44 -2147483648
54 45 -2147483648
54 46 -2147483648
54 47 -2147483648
54 48 1
54 49 -2147483648
54 50 1
54 51 -2147483648
54 52 -2147483648
54 53 3
54 55 -2147483648
54 56 1
54 57 -2147483648
54 58 -2147483648
54 59 -2147483648
54 60 -2147483648
54 61 -2147483648
54 62 -2147483648
54 63 1
54 64 1
54 65 -2147483648
54 66 -2147483648
54 67 -2147483648
54 68 -2147483648
54 69 2
54 70 2
54 71 -2147483648
54 72 0
54 73 -2147483648
55 0 -2147483648
55 1 -2147483648
55 2 -2147483648
55 3 2
55 4 -2147483648
55 5 4
55 6 -2147483648
55 7 -2147483648
55 8 -2147483648
55 9 -2147483648
55 10 -2147483648
55 11 -2147483648
55 12 -2147483648
55 13 1
55 14 -2147483648
55 15 5
55 16 -2147483648
55 17 -2147483648
55 18 -2147483648
55 19 3
55 20 -2147483648
55 21 -2147483648
55 22 1
55 23 -2147483648
55 24 -2147483648
55 25 1
55 26 -2147483648
55 27 -2147483648
55 28 -2147483648
55 29 -2147483648
55 30 -2147483648
55 31 -2147483648
55 32 -2147483648
55 33 -2147483648
55 34 -2147483648
55 35 3
55 36 -2147483648
55 37 -2147483648
55 38 -2147483648
55 39 0
55 40 1
55 41 -2147483648
55 42 2
55 43 1
55 44 -2147483648
55 45 0
55 46 -2147483648
55 47 -2147483648
55 48 -2147483648
55 49 2
55 50 -2147483648
55 51 -2147483648
55 52 1
55 53 -2147483648
55 54 -2147483648
55 56 -2147483648
55 57 -2147483648
55 58 -2147483648
55 59 0
55 60 -2147483648
55 61 -2147483648
55 62 -2147483648
55 63 -2147483648
55 64 -2147483648
55 65 5
55 66 -2147483648
55 67 -2147483648
55 68 -2147483648
55 69 2
55 70 1
55 71 -2147483648
55 72 0
55 73 3
56 0 -2147483648
56 1 -2147483648
56 2 -2147483648
56 3 -2147483648
56 4 -2147483648
56 5 -2147483648
56 6 -2147483648
56 7 0
56 8 -2147483648
56 9 -2147483648
56 10 3
56 11 -2147483648
56 12 -2147483648
56 13 -2147483648
56 14 -2147483648
56 15 -2147483648
56 16 -2147483648
56 17 3
56 18 -2147483648
56 19 -2147483648
56 20 3
56 21 -2147483648
56 22 -2147483648
56 23 -2147483648
56 24 -2147483648
56 25 0
56 26 -2147483648
56 27 -2147483648
56 28 -2147483648
56 29 -2147483648
56 30 -2147483648
56 31 -2147483648
56 32 4
56 33 -2147483648
56 34 -2147483648
56 35 -2147483648
56 36 1
56 37 -2147483648
56 38 -2147483648
56 39 0
56 40 -2147483648
56 41 1
56 42 -2147483648
56 43 0
56 44 -2147483648
56 45 0
56 46 1
56 47 -2147483648
56 48 -2147483648
56 49 -2147483648
56 50 5
56 51 -2147483648
56 52 0
56 53 3
56 54 1
56 55 -2147483648
56 57 -2147483648
56 58 -2147483648
56 59 0
56 60 2
56 61 -2147483648
56 62 -2147483648
56 63 -2147483648
56 64 -2147483648
56 65 -2147483648
56 66 -2147483648
56 67 2
56 68 -2147483648
56 69 -2147483648
56 70 0
56 71 -2147483648
56 72 -2147483648
56 73 -2147483648
57 0 -2147483648
57 1 -2147483648
57 2 -2147483648
57 3 -2147483648
57 4 -2147483648
57 5 -2147483648
57 6 -2147483648
57 7 -2147483648
57 8 3
57 9 -2147483648
57 10 -2147483648
57 11 3
57 12 -2147483648
57 13 -2147483648
57 14 -2147483648
57 15 -2147483648
57 16 -2147483648
57 17 -2147483648
57 18 -2147483648
57 19 -2147483648
57 20 -2147483648
57 21 -2147483648
57 22 -2147483648
57 23 3
57 24 -2147483648
57 25 -2147483648
57 26 -2147483648
57 27 -2147483648
57 28 -2147483648
57 29 -2147483648
57 30 -2147483648
57 31 -2147483648
57 32 -2147483648
57 33 -2147483648
57 34 1
57 35 -2147483648
57 36 -2147483648
57 37 -2147483648
57 38 -2147483648
57 39 -2147483648
57 40 -2147483648
57 41 -2147483648
57 42 -2147483648
57 43 -2147483648
57 44 -2147483648
57 45 -2147483648
57 46 -2147483648
57 47 -2147483648
57 48 -2147483648
57 49 -2147483648
57 50 -2147483648
57 51 -2147483648
57 52 -2147483648
57 53 -2147483648
57 54 -2147483648
57 55 -2147483648
57 56 -2147483648
57 58 4
57 59 -2147483648
57 60 -2147483648
57 61 -2147483648
57 62 -2147483648
57 63 -2147483648
57 64 -2147483648
57 65 -2147483648
57 66 0
57 67 -2147483648
57 68 -2147483648
57 69 -2147483648
57 70 -2147483648
57 71 0
57 72 0
57 73 -2147483648
58 0 -2147483648
58 1 -2147483648
58 2 -2147483648
58 3 -2147483648
58 4 1
58 5 -2147483648
58 6 5
58 7 -2147483648
58 8 3
58 9 0
58 10 -2147483648
58 11 2
58 12 -2147483648
58 13 -2147483648
58 14 -2147483648
58 15 -2147483648
58 16 -2147483648
58 17 -2147483648
58 18 -2147483648
58 19 -2147483648
58 20 -2147483648
58 21 -2147483648
58 22 -2147483648
58 23 2
58 24 -2147483648
58 25 -2147483648
58 26 0
58 27 0
58 28 -2147483648
58 29 -2147483648
58 30 4
58 31 -2147483648
58 32 -2147483648
58 33 -2147483648
58 34 0
58 35 -2147483648
58 36 -2147483648
58 37 -2147483648
58 38 -2147483648
58 39 -2147483648
58 40 -2147483648
58 41 -2147483648
58 42 -2147483648
58 43 -2147483648
58 44 -2147483648
58 45 -2147483648
58 46 -2147483648
58 47 -2147483648
58 48 2
58 49 -2147483648
58 50 -2147483648
58 51 -2147483648
58 52 -2147483648
58 53 -2147483648
58 54 -2147483648
58 55 -2147483648
58 56 -2147483648
58 57 4
58 59 -2147483648
58 60 -2147483648
58 61 -2147483648
58 62 -2147483648
58 63 -2147483648
58 64 2
58 65 -2147483648
58 66 0
58 67 -2147483648
58 68 -2147483648
58 69 -2147483648
58 70 -2147483648
58 71 0
58 72 0
58 73 -2147483648
59 0 -2147483648
59 1 -2147483648
59 2 -2147483648
59 3 -2147483648
59 4 0
59 5 0
59 6 -2147483648
59 7 -2147483648
59 8 -2147483648
59 9 -2147483648
59 10 -2147483648
59 11 0
59 12 -2147483648
59 13 -2147483648
59 14 2
59 15 1
59 16 -2147483648
59 17 -2147483648
59 18 -2147483648
59 19 -2147483648
59 20 -2147483648
59 21 -2147483648
59 22 -2147483648
59 23 0
59 24 -2147483648
59 25 -2147483648
59 26 -2147483648
59 27 -2147483648
59 28 2
59 29 2
59 30 -2147483648
59 31 -2147483648
59 32 -2147483648
59 33 -2147483648
59 34 2
59 35 -2147483648
59 36 -2147483648
59 37 4
59 38 3
59 39 5
59 40 -2147483648
59 41 -2147483648
59 42 -2147483648
59 43 -2147483648
59 44 -2147483648
59 45 5
59 46 -2147483648
59 47 -2147483648
59 48 0
59 49 -2147483648
59 50 0
59 51 0
59 52 -2147483648
59 53 0
59 54 -2147483648
59 55 0
59 56 0
59 57 -2147483648
59 58 -2147483648
59 60 -2147483648
59 61 -2147483648
59 62 -2147483648
59 63 0
59 64 0
59 65 0
59 66 -2147483648
59 67 -2147483648
59 68 -2147483648
59 69 -2147483648
59 70 -2147483648
59 71 -2147483648
59 72 -2147483648
59 73 -2147483648
60 0 -2147483648
60 1 -2147483648
60 2 -2147483648
60 3 -2147483648
60 4 -2147483648
60 5 -2147483648
60 6 -2147483648
60 7 -2147483648
60 8 -2147483648
60 9 0
60 10 -2147483648
60 11 -2147483648
60 12 -2147483648
60 13 -2147483648
60 14 -2147483648
60 15 -2147483648
60 16 -2147483648
60 17 -2147483648
60 18 -2147483648
60 19 -2147483648
60 20 -2147483648
60 21 -2147483648
60 22 -2147483648
60 23 -2147483648
60 24 3
60 25 -2147483648
60 26 0
60 27 0
60 28 -2147483648
60 29 -2147483648
60 30 -2147483648
60 31 3
60 32 2
60 33 -2147483648
60 34 1
60 35 -2147483648
60 36 -2147483648
60 37 -2147483648
60 38 -2147483648
60 39 -2147483648
60 40 -2147483648
60 41 -2147483648
60 42 -2147483648
60 43 -2147483648
60 44 -2147483648
60 45 -2147483648
60 46 -2147483648
60 47 -2147483648
60 48 -2147483648
60 49 -2147483648
60 50 2
60 51 2
60 52 -2147483648
60 53 -2147483648
60 54 -2147483648
60 55 -2147483648
60 56 2
60 57 -2147483648
60 58 -2147483648
60 59 -2147483648
60 61 -2147483648
60 62 -2147483648
60 63 2
60 64 -2147483648
60 65 -2147483648
60 66 -2147483648
60 67 5
60 68 4
60 69 -2147483648
60 70 -2147483648
60 71 -2147483648
60 72 0
60 73 -2147483648
61 0 5
61 1 5
61 2 5
61 3 1
61 4 -2147483648
61 5 -2147483648
61 6 -2147483648
61 7 -2147483648
61 8 -2147483648
61 9 -2147483648
61 10 -2147483648
61 11 -2147483648
61 12 -2147483648
61 13 2
61 14 -2147483648
61 15 -2147483648
61 16 5
61 17 -2147483648
61 18 5
61 19 -2147483648
61 20 -2147483648
61 21 -2147483648
61 22 1
61 23 0
61 24 -2147483648
61 25 -2147483648
61 26 2
61 27 2
61 28 -2147483648
61 29 -2147483648
61 30 -2147483648
61 31 -2147483648
61 32 -2147483648
61 33 -2147483648
61 34 -2147483648
61 35 -2147483648
61 36 -2147483648
61 37 -2147483648
61 38 -2147483648
61 39 -2147483648
61 40 1
61 41 3
61 42 -2147483648
61 43 -2147483648
61 44 2
61 45 -2147483648
61 46 3
61 47 -2147483648
61 48 -2147483648
61 49 -2147483648
61 50 -2147483648
61 51 -2147483648
61 52 -2147483648
61 53 -2147483648
61 54 -2147483648
61 55 -2147483648
61 56 -2147483648
61 57 -2147483648
61 58 -2147483648
61 59 -2147483648
61 60 -2147483648
61 62 -2147483648
61 63 -2147483648
61 64 -2147483648
61 65 -2147483648
61 66 -2147483648
61 67 -2147483648
61 68 -2147483648
61 69 -2147483648
61 70 -2147483648
61 71 -2147483648
61 72 1
61 73 -2147483648
62 0 -2147483648
62 1 -2147483648
62 2 -2147483648
62 3 2
62 4 -2147483648
62 5 -2147483648
62 6 -2147483648
62 7 -2147483648
62 8 -2147483648
62 9 1
62 10 -2147483648
62 11 -2147483648
62 12 -2147483648
62 13 -2147483648
62 14 -2147483648
62 15 -2147483648
62 16 -2147483648
62 17 -2147483648
62 18 -2147483648
62 19 -2147483648
62 20 -2147483648
62 21 -2147483648
62 22 2
62 23 -2147483648
62 24 -2147483648
62 25 -2147483648
62 26 1
62 27 1
62 28 -2147483648
62 29 -2147483648
62 30 -2147483648
62 31 -2147483648
62 32 -2147483648
62 33 -2147483648
62 34 -2147483648
62 35 2
62 36 -2147483648
62 37 -2147483648
62 38 -2147483648
62 39 -2147483648
62 40 3
62 41 -2147483648
62 42 -2147483648
62 43 -2147483648
62 44 -2147483648
62 45 -2147483648
62 46 -2147483648
62 47 -2147483648
62 48 -2147483648
62 49 -2147483648
62 50 -2147483648
62 51 -2147483648
62 52 -2147483648
62 53 -2147483648
62 54 -2147483648
62 55 -2147483648
62 56 -2147483648
62 57 -2147483648
62 58 -2147483648
62 59 -2147483648
62 60 -2147483648
62 61 -2147483648
62 63 -2147483648
62 64 -2147483648
62 65 -2147483648
62 66 -2147483648
62 67 -2147483648
62 68 -2147483648
62 69 -2147483648
62 70 -2147483648
62 71 -2147483648
62 72 0
62 73 -2147483648
63 0 -2147483648
63 1 -2147483648
63 2 -2147483648
63 3 -2147483648
63 4 -2147483648
63 5 -2147483648
63 6 -2147483648
63 7 0
63 8 -2147483648
63 9 -2147483648
63 10 3
63 11 -2147483648
63 12 -2147483648
63 13 -2147483648
63 14 -2147483648
63 15 -2147483648
63 16 -2147483648
63 17 3
63 18 -2147483648
63 19 -2147483648
63 20 3
63 21 -2147483648
63 22 -2147483648
63 23 -2147483648
63 24 -2147483648
63 25 0
63 26 -2147483648
63 27 -2147483648
63 28 -2147483648
63 29 -2147483648
63 30 -2147483648
63 31 -2147483648
63 32 4
63 33 -2147483648
63 34 -2147483648
63 35 -2147483648
63 36 1
63 37 -2147483648
63 38 -2147483648
63 39 0
63 40 -2147483648
63 41 -2147483648
63 42 -2147483648
63 43 0
63 44 -2147483648
63 45 0
63 46 -2147483648
63 47 -2147483648
63 48 -2147483648
63 49 -2147483648
63 50 -2147483648
63 51 -2147483648
63 52 0
63 53 -2147483648
63 54 1
63 55 -2147483648
63 56 -2147483648
63 57 -2147483648
63 58 -2147483648
63 59 0
63 60 2
63 61 -2147483648
63 62 -2147483648
63 64 -2147483648
63 65 -2147483648
63 66 -2147483648
63 67 2
63 68 -2147483648
63 69 -2147483648
63 70 0
63 71 -2147483648
63 72 -2147483648
63 73 -2147483648
64 0 -2147483648
64 1 -2147483648
64 2 -2147483648
64 3 -2147483648
64 4 -2147483648
64 5 -2147483648
64 6 3
64 7 0
64 8 2
64 9 -2147483648
64 10 -2147483648
64 11 -2147483648
64 12 -2147483648
64 13 -2147483648
64 14 -2147483648
64 15 -2147483648
64 16 -2147483648
64 17 -2147483648
64 18 -2147483648
64 19 -2147483648
64 20 -2147483648
64 21 0
64 22 -2147483648
64 23 -2147483648
64 24 -2147483648
64 25 0
64 26 -2147483648
64 27 -2147483648
64 28 -2147483648
64 29 -2147483648
64 30 -2147483648
64 31 -2147483648
64 32 -2147483648
64 33 -2147483648
64 34 -2147483648
64 35 -2147483648
64 36 1
64 37 -2147483648
64 38 -2147483648
64 39 0
64 40 -2147483648
64 41 -2147483648
64 42 -2147483648
64 43 0
64 44 -2147483648
64 45 0
64 46 -2147483648
64 47 -2147483648
64 48 5
64 49 -2147483648
64 50 -2147483648
64 51 -2147483648
64 52 0
64 53 2
64 54 1
64 55 -2147483648
64 56 -2147483648
64 57 -2147483648
64 58 2
64 59 0
64 60 -2147483648
64 61 -2147483648
64 62 -2147483648
64 63 -2147483648
64 65 -2147483648
64 66 -2147483648
64 67 -2147483648
64 68 -2147483648
64 69 -2147483648
64 70 0
64 71 -2147483648
64 72 -2147483648
64 73 -2147483648
65 0 -2147483648
65 1 -2147483648
65 2 -2147483648
65 3 2
65 4 -2147483648
65 5 4
65 6 -2147483648
65 7 -2147483648
65 8 -2147483648
65 9 -2147483648
65 10 -2147483648
65 11 -2147483648
65 12 -2147483648
65 13 1
65 14 -2147483648
65 15 5
65 16 -2147483648
65 17 -2147483648
65 18 -2147483648
65 19 3
65 20 -2147483648
65 21 -2147483648
65 22 1
65 23 -2147483648
65 24 -2147483648
65 25 1
65 26 -2147483648
65 27 -2147483648
65 28 -2147483648
65 29 -2147483648
65 30 -2147483648
65 31 -2147483648
65 32 -2147483648
65 33 -2147483648
65 34 -2147483648
65 35 3
65 36 -2147483648
65 37 -2147483648
65 38 -2147483648
65 39 0
65 40 1
65 41 -2147483648
65 42 2
65 43 1
65 44 -2147483648
65 45 0
65 46 -2147483648
65 47 -2147483648
65 48 -2147483648
65 49 2
65 50 -2147483648
65 51 -2147483648
65 52 1
65 53 -2147483648
65 54 -2147483648
65 55 5
65 56 -2147483648
65 57 -2147483648
65 58 -2147483648
65 59 0
65 60 -2147483648
65 61 -2147483648
65 62 -2147483648
65 63 -2147483648
65 64 -2147483648
65 66 -2147483648
65 67 -2147483648
65 68 -2147483648
65 69 2
65 70 1
65 71 -2147483648
65 72 0
65 73 3
66 0 -2147483648
66 1 -2147483648
66 2 -2147483648
66 3 -2147483648
66 4 -2147483648
66 5 -2147483648
66 6 0
66 7 -2147483648
66 8 -2147483648
66 9 4
66 10 -2147483648
66 11 -2147483648
66 12 -2147483648
66 13 -2147483648
66 14 -2147483648
66 15 -2147483648
66 16 -2147483648
66 17 -2147483648
66 18 -2147483648
66 19 -2147483648
66 20 -2147483648
66 21 2
66 22 1
66 23 2
66 24 -2147483648
66 25 -2147483648
66 26 -2147483648
66 27 -2147483648
66 28 -2147483648
66 29 1
66 30 -2147483648
66 31 -2147483648
66 32 -2147483648
66 33 -2147483648
66 34 -2147483648
66 35 -2147483648
66 36 -2147483648
66 37 -2147483648
66 38 -2147483648
66 39 -2147483648
66 40 -2147483648
66 41 -2147483648
66 42 -2147483648
66 43 -2147483648
66 44 2
66 45 -2147483648
66 46 -2147483648
66 47 0
66 48 -2147483648
66 49 0
66 50 -2147483648
66 51 2
66 52 -2147483648
66 53 -2147483648
66 54 -2147483648
66 55 -2147483648
66 56 -2147483648
66 57 0
66 58 0
66 59 -2147483648
66 60 -2147483648
66 61 -2147483648
66 62 -2147483648
66 63 -2147483648
66 64 -2147483648
66 65 -2147483648
66 67 -2147483648
66 68 1
66 69 -2147483648
66 70 -2147483648
66 71 5
66 72 3
66 73 -2147483648
67 0 -2147483648
67 1 -2147483648
67 2 -2147483648
67 3 -2147483648
67 4 -2147483648
67 5 -2147483648
67 6 -2147483648
67 7 -2147483648
67 8 -2147483648
67 9 0
67 10 -2147483648
67 11 -2147483648
67 12 -2147483648
67 13 -2147483648
67 14 -2147483648
67 15 -2147483648
67 16 -2147483648
67 17 -2147483648
67 18 -2147483648
67 19 -2147483648
67 20 -2147483648
67 21 -2147483648
67 22 -2147483648
67 23 -2147483648
67 24 3
67 25 -2147483648
67 26 0
67 27 0
67 28 -2147483648
67 29 -2147483648
67 30 -2147483648
67 31 3
67 32 2
67 33 -2147483648
67 34 1
67 35 -2147483648
67 36 -2147483648
67 37 -2147483648
67 38 -2147483648
67 39 -2147483648
67 40 -2147483648
67 41 -2147483648
67 42 -2147483648
67 43 -2147483648
67 44 -2147483648
67 45 -2147483648
67 46 -2147483648
67 47 -2147483648
67 48 -2147483648
67 49 -2147483648
67 50 2
67 51 2
67 52 -2147483648
67 53 -2147483648
67 54 -2147483648
67 55 -2147483648
67 56 2
67 57 -2147483648
67 58 -2147483648
67 59 -2147483648
67 60 5
67 61 -2147483648
67 62 -2147483648
67 63 2
67 64 -2147483648
67 65 -2147483648
67 66 -2147483648
67 68 4
67 69 -2147483648
67 70 -2147483648
67 71 -2147483648
67 72 0
67 73 -2147483648
68 0 -2147483648
68 1 -2147483648
68 2 -2147483648
68 3 -2147483648
68 4 -2147483648
68 5 -2147483648
68 6 -2147483648
68 7 -2147483648
68 8 -2147483648
68 9 1
68 10 -2147483648
68 11 -2147483648
68 12 4
68 13 -2147483648
68 14 -2147483648
68 15 -2147483648
68 16 -2147483648
68 17 -2147483648
68 18 -2147483648
68 19 -2147483648
68 20 -2147483648
68 21 -2147483648
68 22 -2147483648
68 23 -2147483648
68 24 -2147483648
68 25 -2147483648
68 26 -2147483648
68 27 -2147483648
68 28 -2147483648
68 29 -2147483648
68 30 -2147483648
68 31 -2147483648
68 32 -2147483648
68 33 -2147483648
68 34 2
68 35 -2147483648
68 36 -2147483648
68 37 -2147483648
68 38 -2147483648
68 39 -2147483648
68 40 -2147483648
68 41 -2147483648
68 42 -2147483648
68 43 -2147483648
68 44 -2147483648
68 45 -2147483648
68 46 -2147483648
68 47 -2147483648
68 48 -2147483648
68 49 -2147483648
68 50 -2147483648
68 51 3
68 52 -2147483648
68 53 -2147483648
68 54 -2147483648
68 55 -2147483648
68 56 -2147483648
68 57 -2147483648
68 58 -2147483648
68 59 -2147483648
68 60 4
68 61 -2147483648
68 62 -2147483648
68 63 -2147483648
68 64 -2147483648
68 65 -2147483648
68 66 1
68 67 4
68 69 -2147483648
68 70 -2147483648
68 71 1
68 72 0
68 73 -2147483648
69 0 -2147483648
69 1 -2147483648
69 2 -2147483648
69 3 -2147483648
69 4 -2147483648
69 5 1
69 6 -2147483648
69 7 3
69 8 -2147483648
69 9 -2147483648
69 10 -2147483648
69 11 -2147483648
69 12 -2147483648
69 13 -2147483648
69 14 -2147483648
69 15 -2147483648
69 16 -2147483648
69 17 -2147483648
69 18 -2147483648
69 19 5
69 20 -2147483648
69 21 -2147483648
69 22 -2147483648
69 23 -2147483648
69 24 -2147483648
69 25 -2147483648
69 26 -2147483648
69 27 -2147483648
69 28 -2147483648
69 29 -2147483648
69 30 -2147483648
69 31 -2147483648
69 32 -2147483648
69 33 -2147483648
69 34 -2147483648
69 35 -2147483648
69 36 2
69 37 -2147483648
69 38 -2147483648
69 39 -2147483648
69 40 -2147483648
69 41 -2147483648
69 42 5
69 43 -2147483648
69 44 -2147483648
69 45 -2147483648
69 46 -2147483648
69 47 -2147483648
69 48 -2147483648
69 49 -2147483648
69 50 -2147483648
69 51 -2147483648
69 52 -2147483648
69 53 1
69 54 2
69 55 2
69 56 -2147483648
69 57 -2147483648
69 58 -2147483648
69 59 -2147483648
69 60 -2147483648
69 61 -2147483648
69 62 -2147483648
69 63 -2147483648
69 64 -2147483648
69 65 2
69 66 -2147483648
69 67 -2147483648
69 68 -2147483648
69 70 4
69 71 -2147483648
69 72 -2147483648
69 73 -2147483648
70 0 -2147483648
70 1 -2147483648
70 2 -2147483648
70 3 -2147483648
70 4 0
70 5 1
70 6 -2147483648
70 7 3
70 8 -2147483648
70 9 -2147483648
70 10 -2147483648
70 11 0
70 12 -2147483648
70 13 -2147483648
70 14 -2147483648
70 15 -2147483648
70 16 -2147483648
70 17 -2147483648
70 18 -2147483648
70 19 4
70 20 -2147483648
70 21 -2147483648
70 22 -2147483648
70 23 0
70 24 0
70 25 -2147483648
70 26 -2147483648
70 27 -2147483648
70 28 -2147483648
70 29 -2147483648
70 30 -2147483648
70 31 0
70 32 -2147483648
70 33 -2147483648
70 34 -2147483648
70 35 -2147483648
70 36 2
70 37 -2147483648
70 38 -2147483648
70 39 -2147483648
70 40 -2147483648
70 41 -2147483648
70 42 4
70 43 -2147483648
70 44 -2147483648
70 45 -2147483648
70 46 -2147483648
70 47 -2147483648
70 48 0
70 49 -2147483648
70 50 0
70 51 0
70 52 -2147483648
70 53 1
70 54 2
70 55 1
70 56 0
70 57 -2147483648
70 58 -2147483648
70 59 -2147483648
70 60 -2147483648
70 61 -2147483648
70 62 -2147483648
70 63 0
70 64 0
70 65 1
70 66 -2147483648
70 67 -2147483648
70 68 -2147483648
70 69 4
70 71 -2147483648
70 72 -2147483648
70 73 -2147483648
71 0 -2147483648
71 1 -2147483648
71 2 -2147483648
71 3 -2147483648
71 4 -2147483648
71 5 -2147483648
71 6 0
71 7 -2147483648
71 8 -2147483648
71 9 4
71 10 -2147483648
71 11 -2147483648
71 12 -2147483648
71 13 -2147483648
71 14 -2147483648
71 15 -2147483648
71 16 -2147483648
71 17 -2147483648
71 18 -2147483648
71 19 -2147483648
71 20 -2147483648
71 21 2
71 22 1
71 23 2
71 24 -2147483648
71 25 -2147483648
71 26 -2147483648
71 27 -2147483648
71 28 -2147483648
71 29 1
71 30 -2147483648
71 31 -2147483648
71 32 -2147483648
71 33 -2147483648
71 34 -2147483648
71 35 -2147483648
71 36 -2147483648
71 37 -2147483648
71 38 -2147483648
71 39 -2147483648
71 40 -2147483648
71 41 -2147483648
71 42 -2147483648
71 43 -2147483648
71 44 2
71 45 -2147483648
71 46 -2147483648
71 47 0
71 48 -2147483648
71 49 0
71 50 -2147483648
71 51 2
71 52 -2147483648
71 53 -2147483648
71 54 -2147483648
71 55 -2147483648
71 56 -2147483648
71 57 0
71 58 0
71 59 -2147483648
71 60 -2147483648
71 61 -2147483648
71 62 -2147483648
71 63 -2147483648
71 64 -2147483648
71 65 -2147483648
71 66 5
71 67 -2147483648
71 68 1
71 69 -2147483648
71 70 -2147483648
71 72 3
71 73 -2147483648
72 0 2
72 1 2
72 2 1
72 3 -2147483648
72 4 -2147483648
72 5 0
72 6 0
72 7 0
72 8 -2147483648
72 9 3
72 10 -2147483648
72 11 2
72 12 0
72 13 -2147483648
72 14 0
72 15 0
72 16 1
72 17 -2147483648
72 18 2
72 19 -2147483648
72 20 -2147483648
72 21 2
72 22 1
72 23 2
72 24 0
72 25 -2147483648
72 26 -2147483648
72 27 -2147483648
72 28 0
72 29 0
72 30 0
72 31 0
72 32 -2147483648
72 33 -2147483648
72 34 -2147483648
72 35 -2147483648
72 36 0
72 37 -2147483648
72 38 -2147483648
72 39 -2147483648
72 40 -2147483648
72 41 -2147483648
72 42 -2147483648
72 43 -2147483648
72 44 1
72 45 -2147483648
72 46 -2147483648
72 47 0
72 48 -2147483648
72 49 0
72 50 -2147483648
72 51 1
72 52 -2147483648
72 53 -2147483648
72 54 0
72 55 0
72 56 -2147483648
72 57 0
72 58 0
72 59 -2147483648
72 60 0
72 61 1
72 62 0
72 63 -2147483648
72 64 -2147483648
72 65 0
72 66 3
72 67 0
72 68 0
72 69 -2147483648
72 70 -2147483648
72 71 3
72 73 0
73 0 -2147483648
73 1 -2147483648
73 2 -2147483648
73 3 0
73 4 1
73 5 3
73 6 -2147483648
73 7 -2147483648
73 8 -2147483648
73 9 -2147483648
73 10 -2147483648
73 11 1
73 12 -2147483648
73 13 -2147483648
73 14 -2147483648
73 15 3
73 16 -2147483648
73 17 -2147483648
73 18 -2147483648
73 19 -2147483648
73 20 -2147483648
73 21 -2147483648
73 22 0
73 23 0
73 24 -2147483648
73 25 3
73 26 -2147483648
73 27 -2147483648
73 28 -2147483648
73 29 -2147483648
73 30 -2147483648
73 31 -2147483648
73 32 -2147483648
73 33 -2147483648
73 34 -2147483648
73 35 1
73 36 -2147483648
73 37 -2147483648
73 38 -2147483648
73 39 -2147483648
73 40 -2147483648
73 41 -2147483648
73 42 -2147483648
73 43 3
73 44 -2147483648
73 45 -2147483648
73 46 -2147483648
73 47 3
73 48 -2147483648
73 49 -2147483648
73 50 -2147483648
73 51 -2147483648
73 52 3
73 53 -2147483648
73 54 -2147483648
73 55 3
73 56 -2147483648
73 57 -2147483648
73 58 -2147483648
73 59 -2147483648
73 60 -2147483648
73 61 -2147483648
73 62 -2147483648
73 63 -2147483648
73 64 -2147483648
73 65 3
73 66 -2147483648
73 67 -2147483648
73 68 -2147483648
73 69 -2147483648
73 70 -2147483648
73 71 -2147483648
73 72 0
