24 26 27 40 39 38 37 36 35 
1 23 24 26 27 40 39 38 37 36 35 
14 33 32 37 36 43 45 46 
34 33 32 37 36 43 45 46 
4 3 20 17 18 30 31 32 
23 24 21 20 17 18 30 31 
29 39 38 31 32 33 34 35 
7 14 15 17 18 30 29 39 

1 23 24 26 27 28 29 38 37 36 35 
24 21 20 17 15 14 13 34 35 
29 30 31 32 33 14 13 34 35 
7 14 15 17 20 19 27 40 39 
4 3 20 17 18 30 31 32 
14 33 34 35 36 43 45 46 
34 35 36 37 38 43 45 46 
23 24 26 27 28 29 38 31 
27 19 21 24 25 41 
3 20 19 21 24 23 
24 26 27 40 39 38 37 36 35 
1 23 24 26 27 40 39 38 37 36 35 
14 33 32 37 36 43 45 46 
34 33 32 37 36 43 45 46 
4 17 15 14 33 32 
23 24 26 27 40 39 38 31 
7 14 15 17 18 19 27 40 39 
24 26 27 40 39 38 37 36 35 
1 23 24 26 27 40 39 38 37 36 35 
14 33 32 37 36 43 45 46 
34 33 32 37 36 43 45 46 
4 17 15 14 33 32 
23 24 26 27 40 39 38 31 
7 14 15 17 18 19 27 40 39 
24 26 27 40 39 38 37 36 35 
1 23 24 26 27 40 39 38 37 36 35 
14 33 32 37 36 43 45 46 
34 33 32 37 36 43 45 46 
4 17 15 14 33 32 
23 24 26 27 40 39 38 31 
7 14 15 17 18 19 27 40 39 
24 26 27 40 39 38 37 36 35 
1 23 24 26 27 40 39 38 37 36 35 
14 33 32 37 36 43 45 46 
34 33 32 37 36 43 45 46 
4 17 15 14 33 32 
23 24 26 27 40 39 38 31 
7 14 15 17 18 19 27 40 39 
24 26 27 40 39 38 37 36 35 
1 23 24 26 27 40 39 38 37 36 35 
14 33 32 37 36 43 45 46 
34 33 32 37 36 43 45 46 
4 17 15 14 33 32 
23 24 26 27 40 39 38 31 
7 14 15 17 18 19 27 40 39 
24 26 27 40 39 38 37 36 35 
1 23 24 26 27 40 39 38 37 36 35 
14 33 32 37 36 43 45 46 
34 33 32 37 36 43 45 46 
4 17 15 14 33 32 
23 24 26 27 40 39 38 31 
7 14 15 17 18 19 27 40 39 
24 26 27 40 39 38 37 36 35 
1 23 24 26 27 40 39 38 37 36 35 
14 33 32 37 36 43 45 46 
34 33 32 37 36 43 45 46 
4 17 15 14 33 32 
23 24 26 27 40 39 38 31 
7 14 15 17 18 19 27 40 39 
24 26 27 40 39 38 37 36 35 
1 23 24 26 27 40 39 38 37 36 35 
14 33 32 37 36 43 45 46 
34 33 32 37 36 43 45 46 
4 17 15 14 33 32 
23 24 26 27 40 39 38 31 
7 14 15 17 18 19 27 40 39 
24 26 27 40 39 38 37 36 35 
1 23 24 26 27 40 39 38 37 36 35 
14 33 32 37 36 43 45 46 
34 33 32 37 36 43 45 46 
4 17 15 14 33 32 
23 24 26 27 40 39 38 31 
7 14 15 17 18 19 27 40 39 
