10 11 12 13 14 33 34 35 36 43 45 46 
23 24 26 27 40 39 38 43 45 
24 26 27 40 39 
24 26 27 40 39 38 37 36 
6 15 16 31 38 37 
13 14 33 32 37 36 
5 4 17 15 14 13 8 7 6 
13 14 15 17 20 19 27 28 
24 26 27 28 29 
18 30 29 28 27 26 25 41 
7 14 15 16 31 30 18 
10 11 12 13 14 33 34 35 36 43 45 46 
23 24 26 27 40 39 38 43 45 
24 26 27 40 39 
24 26 27 40 39 38 37 36 
6 15 16 31 38 37 
13 14 33 32 37 36 
5 4 17 15 14 13 8 7 6 
13 14 15 17 20 19 27 28 
24 26 27 28 29 
18 30 29 28 27 26 25 41 
7 14 15 16 31 30 18 
10 11 12 13 14 33 34 35 36 43 45 46 
23 24 26 27 40 39 38 43 45 
24 26 27 40 39 
24 26 27 40 39 38 37 36 
6 15 16 31 38 37 
13 14 33 32 37 36 
5 4 17 15 14 13 8 7 6 
13 14 15 17 20 19 27 28 
24 26 27 28 29 
18 30 29 28 27 26 25 41 
7 14 15 16 31 30 18 
10 11 12 13 14 33 34 35 36 43 45 46 
23 24 26 27 40 39 38 43 45 
24 26 27 40 39 
24 26 27 40 39 38 37 36 
6 15 16 31 38 37 
13 14 33 32 37 36 
5 4 17 15 14 13 8 7 6 
13 14 15 17 20 19 27 28 
24 26 27 28 29 
18 30 29 28 27 26 25 41 
7 14 15 16 31 30 18 
10 11 12 13 14 33 34 35 36 43 45 46 
23 24 26 27 40 39 38 43 45 
24 26 27 40 39 
24 26 27 40 39 38 37 36 
6 15 16 31 38 37 
13 14 33 32 37 36 
5 4 17 15 14 13 8 7 6 
13 14 15 17 20 19 27 28 
24 26 27 28 29 
18 30 29 28 27 26 25 41 
7 14 15 16 31 30 18 
10 11 12 13 14 33 34 35 36 43 45 46 
23 22 21 20 17 15 14 13 34 42 44 45 
24 25 41 40 27 28 29 38 43 36 
6 15 16 31 38 43 36 37 
5 4 17 15 14 13 8 7 6 
24 25 41 40 27 28 29 39 
13 14 15 17 20 19 27 28 
24 26 27 28 29 
13 14 33 32 37 38 43 36 
18 30 29 28 27 26 25 41 
7 14 15 16 31 30 18 
10 11 12 13 14 33 34 35 36 43 45 46 
23 24 26 27 40 39 38 43 45 
24 26 27 40 39 
24 26 27 40 39 38 37 36 
6 15 16 31 38 37 
13 14 33 32 37 36 
5 4 17 15 14 13 8 7 6 
13 14 15 17 20 19 27 28 
24 26 27 28 29 
18 30 29 28 27 26 25 41 
7 14 15 16 31 30 18 
9 10 11 12 13 14 15 16 31 38 37 36 42 
15 16 31 38 37 36 
29 38 37 36 42 34 33 
36 42 34 33 32 37 
13 34 33 32 37 38 29 28 27 26 
6 7 14 15 16 31 38 29 28 
6 5 4 17 18 30 29 28 27 
6 5 4 17 18 30 29 28 27 
22 21 19 18 30 29 
18 30 29 39 
17 18 19 27 26 24 
9 10 11 12 13 14 15 16 31 38 37 36 42 
15 16 31 38 37 36 
29 38 37 36 42 34 33 
36 42 34 33 32 37 
13 34 33 32 37 38 29 28 27 26 
6 7 14 15 16 31 38 29 28 
6 5 4 17 18 30 29 28 27 
6 5 4 17 18 30 29 28 27 
22 21 19 18 30 29 
18 30 29 39 
17 18 19 27 26 24 
