4 17 15 14 33 32 
4 5 6 15 16 31 32 
4 3 20 17 18 30 31 32 
4 3 20 19 18 30 31 32 
4 3 20 17 18 16 31 32 
4 3 20 19 18 16 31 32 
24 21 20 17 15 14 13 34 35 
24 26 27 28 29 38 37 36 35 
24 26 27 28 29 38 43 36 35 
24 26 27 40 39 38 43 36 35 
24 25 41 40 39 38 43 36 35 
24 26 27 40 39 38 37 36 35 
14 13 34 42 44 46 
14 33 34 35 36 43 45 46 
14 33 32 31 38 43 45 46 
14 15 16 31 38 43 45 46 
14 33 32 37 36 43 45 46 
14 33 32 37 38 43 45 46 
27 40 41 
27 26 25 41 
27 26 24 25 41 
27 19 21 24 25 41 
27 26 21 24 25 41 
27 19 21 26 25 41 
29 38 37 36 35 
29 30 31 32 33 34 35 
29 39 38 43 36 42 34 35 
29 39 38 43 44 42 34 35 
29 39 38 31 32 33 34 35 
29 30 31 32 33 14 13 34 35 
1 2 3 4 17 15 14 13 34 35 
1 23 24 26 27 28 29 38 37 36 35 
1 23 24 26 27 28 29 38 43 36 35 
1 23 24 26 27 40 39 38 43 36 35 
1 23 24 26 27 40 39 38 37 36 35 
1 23 24 25 41 40 39 38 37 36 35 
3 2 1 23 
3 20 21 22 23 
3 20 21 24 23 
3 20 19 21 24 23 
3 20 21 26 24 23 
3 20 19 21 22 23 
34 42 44 46 
34 35 36 43 45 46 
34 35 36 43 44 45 46 
34 35 36 37 38 43 45 46 
34 33 32 31 38 43 45 46 
34 33 32 37 36 43 45 46 
23 22 21 19 18 16 31 
23 24 26 27 28 29 38 31 
23 24 21 20 17 18 30 31 
23 24 26 27 28 29 30 31 
23 24 26 27 40 39 38 31 
23 24 25 41 40 39 38 31 
7 6 15 16 31 38 39 
7 14 33 32 37 38 29 39 
7 14 33 32 31 30 29 39 
7 14 15 17 18 30 29 39 
7 14 15 17 20 19 27 40 39 
7 14 15 17 18 19 27 40 39 
4 17 15 14 33 32 
4 5 6 15 16 31 32 
4 3 20 17 18 30 31 32 
4 3 20 19 18 30 31 32 
4 3 20 17 18 16 31 32 
4 3 20 19 18 16 31 32 
24 21 20 17 15 14 13 34 35 
24 26 27 28 29 38 37 36 35 
24 26 27 28 29 38 43 36 35 
24 26 27 40 39 38 43 36 35 
24 25 41 40 39 38 43 36 35 
24 26 27 40 39 38 37 36 35 
14 13 34 42 44 46 
14 33 34 35 36 43 45 46 
14 33 32 31 38 43 45 46 
14 15 16 31 38 43 45 46 
14 33 32 37 36 43 45 46 
14 33 32 37 38 43 45 46 
27 40 41 
27 26 25 41 
27 26 24 25 41 
27 19 21 24 25 41 
27 26 21 24 25 41 
27 19 21 26 25 41 
29 38 37 36 35 
29 30 31 32 33 34 35 
29 39 38 43 36 42 34 35 
29 39 38 43 44 42 34 35 
29 39 38 31 32 33 34 35 
29 30 31 32 33 14 13 34 35 
1 2 3 4 17 15 14 13 34 35 
1 23 24 26 27 28 29 38 37 36 35 
1 23 24 26 27 28 29 38 43 36 35 
1 23 24 26 27 40 39 38 43 36 35 
1 23 24 26 27 40 39 38 37 36 35 
1 23 24 25 41 40 39 38 37 36 35 
3 2 1 23 
3 20 21 22 23 
3 20 21 24 23 
3 20 19 21 24 23 
3 20 21 26 24 23 
3 20 19 21 22 23 
34 42 44 46 
34 35 36 43 45 46 
34 35 36 43 44 45 46 
34 35 36 37 38 43 45 46 
34 33 32 31 38 43 45 46 
34 33 32 37 36 43 45 46 
23 22 21 19 18 16 31 
23 24 26 27 28 29 38 31 
23 24 21 20 17 18 30 31 
23 24 26 27 28 29 30 31 
23 24 26 27 40 39 38 31 
23 24 25 41 40 39 38 31 
7 6 15 16 31 38 39 
7 14 33 32 37 38 29 39 
7 14 33 32 31 30 29 39 
7 14 15 17 18 30 29 39 
7 14 15 17 20 19 27 40 39 
7 14 15 17 18 19 27 40 39 
4 17 15 14 33 32 
4 5 6 15 16 31 32 
4 3 20 17 18 30 31 32 
4 3 20 19 18 30 31 32 
4 3 20 17 18 16 31 32 
4 3 20 19 18 16 31 32 
24 21 20 17 15 14 13 34 35 
24 26 27 28 29 38 37 36 35 
24 26 27 28 29 38 43 36 35 
24 26 27 40 39 38 43 36 35 
24 25 41 40 39 38 43 36 35 
24 26 27 40 39 38 37 36 35 
14 13 34 42 44 46 
14 33 34 35 36 43 45 46 
14 33 32 31 38 43 45 46 
14 15 16 31 38 43 45 46 
14 33 32 37 36 43 45 46 
14 33 32 37 38 43 45 46 
27 40 41 
27 26 25 41 
27 26 24 25 41 
27 19 21 24 25 41 
27 26 21 24 25 41 
27 19 21 26 25 41 
29 38 37 36 35 
29 30 31 32 33 34 35 
29 39 38 43 36 42 34 35 
29 39 38 43 44 42 34 35 
29 39 38 31 32 33 34 35 
29 30 31 32 33 14 13 34 35 
1 2 3 4 17 15 14 13 34 35 
1 23 24 26 27 28 29 38 37 36 35 
1 23 24 26 27 28 29 38 43 36 35 
1 23 24 26 27 40 39 38 43 36 35 
1 23 24 26 27 40 39 38 37 36 35 
1 23 24 25 41 40 39 38 37 36 35 
3 2 1 23 
3 20 21 22 23 
3 20 21 24 23 
3 20 19 21 24 23 
3 20 21 26 24 23 
3 20 19 21 22 23 
34 42 44 46 
34 35 36 43 45 46 
34 35 36 43 44 45 46 
34 35 36 37 38 43 45 46 
34 33 32 31 38 43 45 46 
34 33 32 37 36 43 45 46 
23 22 21 19 18 16 31 
23 24 26 27 28 29 38 31 
23 24 21 20 17 18 30 31 
23 24 26 27 28 29 30 31 
23 24 26 27 40 39 38 31 
23 24 25 41 40 39 38 31 
7 6 15 16 31 38 39 
7 14 33 32 37 38 29 39 
7 14 33 32 31 30 29 39 
7 14 15 17 18 30 29 39 
7 14 15 17 20 19 27 40 39 
7 14 15 17 18 19 27 40 39 
4 17 15 14 33 32 
4 5 6 15 16 31 32 
4 3 20 17 18 30 31 32 
4 3 20 19 18 30 31 32 
4 3 20 17 18 16 31 32 
4 3 20 19 18 16 31 32 
24 21 20 17 15 14 13 34 35 
24 26 27 28 29 38 37 36 35 
24 26 27 28 29 38 43 36 35 
24 26 27 40 39 38 43 36 35 
24 25 41 40 39 38 43 36 35 
24 26 27 40 39 38 37 36 35 
14 13 34 42 44 46 
14 33 34 35 36 43 45 46 
14 33 32 31 38 43 45 46 
14 15 16 31 38 43 45 46 
14 33 32 37 36 43 45 46 
14 33 32 37 38 43 45 46 
27 40 41 
27 26 25 41 
27 26 24 25 41 
27 19 21 24 25 41 
27 26 21 24 25 41 
27 19 21 26 25 41 
29 38 37 36 35 
29 30 31 32 33 34 35 
29 39 38 43 36 42 34 35 
29 39 38 43 44 42 34 35 
29 39 38 31 32 33 34 35 
29 30 31 32 33 14 13 34 35 
1 2 3 4 17 15 14 13 34 35 
1 23 24 26 27 28 29 38 37 36 35 
1 23 24 26 27 28 29 38 43 36 35 
1 23 24 26 27 40 39 38 43 36 35 
1 23 24 26 27 40 39 38 37 36 35 
1 23 24 25 41 40 39 38 37 36 35 
3 2 1 23 
3 20 21 22 23 
3 20 21 24 23 
3 20 19 21 24 23 
3 20 21 26 24 23 
3 20 19 21 22 23 
34 42 44 46 
34 35 36 43 45 46 
34 35 36 43 44 45 46 
34 35 36 37 38 43 45 46 
34 33 32 31 38 43 45 46 
34 33 32 37 36 43 45 46 
23 22 21 19 18 16 31 
23 24 26 27 28 29 38 31 
23 24 21 20 17 18 30 31 
23 24 26 27 28 29 30 31 
23 24 26 27 40 39 38 31 
23 24 25 41 40 39 38 31 
7 6 15 16 31 38 39 
7 14 33 32 37 38 29 39 
7 14 33 32 31 30 29 39 
7 14 15 17 18 30 29 39 
7 14 15 17 20 19 27 40 39 
7 14 15 17 18 19 27 40 39 
4 17 15 14 33 32 
4 5 6 15 16 31 32 
4 3 20 17 18 30 31 32 
4 3 20 19 18 30 31 32 
4 3 20 17 18 16 31 32 
4 3 20 19 18 16 31 32 
24 21 20 17 15 14 13 34 35 
24 26 27 28 29 38 37 36 35 
24 26 27 28 29 38 43 36 35 
24 26 27 40 39 38 43 36 35 
24 25 41 40 39 38 43 36 35 
24 26 27 40 39 38 37 36 35 
14 13 34 42 44 46 
14 33 34 35 36 43 45 46 
14 33 32 31 38 43 45 46 
14 15 16 31 38 43 45 46 
14 33 32 37 36 43 45 46 
14 33 32 37 38 43 45 46 
27 40 41 
27 26 25 41 
27 26 24 25 41 
27 19 21 24 25 41 
27 26 21 24 25 41 
27 19 21 26 25 41 
29 38 37 36 35 
29 30 31 32 33 34 35 
29 39 38 43 36 42 34 35 
29 39 38 43 44 42 34 35 
29 39 38 31 32 33 34 35 
29 30 31 32 33 14 13 34 35 
1 2 3 4 17 15 14 13 34 35 
1 23 24 26 27 28 29 38 37 36 35 
1 23 24 26 27 28 29 38 43 36 35 
1 23 24 26 27 40 39 38 43 36 35 
1 23 24 26 27 40 39 38 37 36 35 
1 23 24 25 41 40 39 38 37 36 35 
3 2 1 23 
3 20 21 22 23 
3 20 21 24 23 
3 20 19 21 24 23 
3 20 21 26 24 23 
3 20 19 21 22 23 
34 42 44 46 
34 35 36 43 45 46 
34 35 36 43 44 45 46 
34 35 36 37 38 43 45 46 
34 33 32 31 38 43 45 46 
34 33 32 37 36 43 45 46 
23 22 21 19 18 16 31 
23 24 26 27 28 29 38 31 
23 24 21 20 17 18 30 31 
23 24 26 27 28 29 30 31 
23 24 26 27 40 39 38 31 
23 24 25 41 40 39 38 31 
7 6 15 16 31 38 39 
7 14 33 32 37 38 29 39 
7 14 33 32 31 30 29 39 
7 14 15 17 18 30 29 39 
7 14 15 17 20 19 27 40 39 
7 14 15 17 18 19 27 40 39 
