6 7 14 33 32 37 
6 15 16 31 38 37 
6 15 16 31 38 43 36 37 
6 15 16 18 30 29 38 37 
6 15 16 31 30 29 38 37 
6 15 14 13 34 35 36 37 
7 6 15 17 18 
7 14 15 16 18 
7 14 15 16 31 30 18 
7 14 33 32 31 30 18 
7 14 33 32 31 16 18 
7 8 13 14 15 16 18 
5 6 
5 4 17 15 6 
5 4 17 15 14 7 6 
5 4 17 18 16 15 6 
5 4 3 20 17 15 6 
5 4 17 15 14 13 8 7 6 
10 9 8 13 34 42 44 46 
10 11 12 13 14 33 34 35 36 43 45 46 
10 11 12 13 14 33 32 31 38 43 45 46 
10 11 12 13 14 15 16 31 38 43 45 46 
10 11 8 7 14 33 34 35 36 43 45 46 
10 11 8 7 14 33 32 31 38 43 45 46 
24 26 27 40 39 
24 21 19 27 28 29 39 
24 21 19 18 30 29 39 
24 25 41 40 27 28 29 39 
24 21 19 27 28 29 38 39 
24 21 19 18 30 29 38 39 
13 14 15 17 20 19 27 28 
13 34 33 32 31 30 29 28 
13 34 33 32 31 38 29 28 
13 34 33 32 37 38 29 28 
13 34 35 36 37 38 29 28 
13 34 35 36 43 38 29 28 
24 26 27 28 29 
24 21 19 18 30 29 
24 25 41 40 39 29 
24 21 19 27 40 39 29 
24 21 20 17 18 30 29 
24 25 41 40 39 38 29 
23 24 26 27 40 39 38 43 45 
23 22 21 20 17 15 14 13 34 42 44 45 
23 22 21 20 17 15 14 33 34 42 44 45 
13 34 35 36 
13 14 33 32 37 36 
13 14 33 34 42 36 
13 14 33 32 37 38 43 36 
13 14 33 32 31 38 43 36 
13 14 15 16 31 38 43 36 
24 26 27 40 39 38 37 36 
24 21 19 18 16 31 38 43 36 
24 21 19 18 30 29 38 43 36 
24 21 19 27 28 29 38 43 36 
24 21 19 18 30 31 38 43 36 
24 25 41 40 27 28 29 38 43 36 
