18 30 29 39 
18 16 31 38 39 
18 19 27 40 39 
18 19 21 26 27 40 39 
18 17 15 16 31 38 39 
18 16 31 32 37 38 39 
20 17 18 30 
20 19 18 16 31 30 
20 19 27 28 29 30 
20 21 19 18 16 31 30 
20 21 19 27 28 29 30 
20 21 26 27 28 29 30 
9 8 13 34 42 
9 10 11 12 13 14 33 34 35 36 42 
9 10 11 12 13 14 33 32 37 36 42 
9 10 11 8 7 14 33 34 35 36 42 
9 10 11 8 7 14 33 32 37 36 42 
9 10 11 12 13 14 15 16 31 38 37 36 42 
15 14 13 34 35 36 
15 16 31 38 37 36 
15 16 31 38 43 36 
15 16 31 32 37 36 
15 16 18 30 29 38 43 36 
15 17 18 30 29 38 43 36 
13 14 15 17 20 21 26 
13 8 7 6 15 16 18 19 27 26 
13 34 33 32 31 38 39 40 27 26 
13 34 35 36 37 38 39 40 27 26 
13 34 33 32 31 38 29 28 27 26 
13 34 33 32 37 38 29 28 27 26 
22 21 19 18 30 29 
22 23 24 26 27 28 29 
22 23 24 26 27 40 39 29 
22 23 24 21 26 27 28 29 
22 23 24 25 26 27 28 29 
22 2 3 20 19 27 28 29 
17 20 21 24 
17 18 19 21 26 24 
17 18 19 27 26 24 
17 18 19 21 26 25 24 
17 18 19 21 22 23 24 
17 4 3 2 1 23 24 
29 30 31 32 33 
29 38 37 36 35 34 33 
29 38 31 16 15 14 33 
29 38 43 36 35 34 33 
29 38 37 36 42 34 33 
29 38 43 44 42 34 33 
6 15 17 20 19 27 28 
6 5 4 17 18 30 29 28 
6 7 14 15 16 31 38 29 28 
6 7 14 33 32 31 38 29 28 
6 7 14 15 16 31 30 29 28 
6 7 14 33 32 31 30 29 28 
6 15 17 20 19 27 
6 5 4 3 20 21 26 27 
6 5 4 3 2 22 21 26 27 
6 5 4 17 18 19 21 26 27 
6 5 4 17 18 30 29 28 27 
6 5 4 3 20 21 24 26 27 
6 15 17 20 19 27 
6 5 4 3 20 21 26 27 
6 5 4 3 2 22 21 26 27 
6 5 4 17 18 19 21 26 27 
6 5 4 17 18 30 29 28 27 
6 5 4 3 20 21 24 26 27 
