0 1 8
0 2 -2147483648
0 3 -2147483648
0 4 0
0 5 -2147483648
0 6 -2147483648
0 7 0
1 0 8
1 2 -2147483648
1 3 -2147483648
1 4 0
1 5 -2147483648
1 6 -2147483648
1 7 0
2 0 -2147483648
2 1 -2147483648
2 3 6
2 4 0
2 5 0
2 6 -2147483648
2 7 -2147483648
3 0 -2147483648
3 1 -2147483648
3 2 6
3 4 0
3 5 0
3 6 -2147483648
3 7 0
4 0 0
4 1 0
4 2 0
4 3 0
4 5 4
4 6 1
4 7 -2147483648
5 0 -2147483648
5 1 -2147483648
5 2 0
5 3 0
5 4 4
5 6 0
5 7 -2147483648
6 0 -2147483648
6 1 -2147483648
6 2 -2147483648
6 3 -2147483648
6 4 1
6 5 0
6 7 1
7 0 0
7 1 0
7 2 -2147483648
7 3 0
7 4 -2147483648
7 5 -2147483648
7 6 1
