0 1 0
0 2 0
0 3 0
0 4 1
0 5 0
0 6 -2147483648
0 7 -2147483648
0 8 0
0 9 -2147483648
1 0 0
1 2 -2147483648
1 3 -2147483648
1 4 -2147483648
1 5 -2147483648
1 6 -2147483648
1 7 -2147483648
1 8 -2147483648
1 9 -2147483648
2 0 0
2 1 -2147483648
2 3 0
2 4 -2147483648
2 5 -2147483648
2 6 0
2 7 -2147483648
2 8 0
2 9 -2147483648
3 0 0
3 1 -2147483648
3 2 0
3 4 0
3 5 -2147483648
3 6 -2147483648
3 7 0
3 8 -2147483648
3 9 0
4 0 1
4 1 -2147483648
4 2 -2147483648
4 3 0
4 5 -2147483648
4 6 0
4 7 -2147483648
4 8 -2147483648
4 9 -2147483648
5 0 0
5 1 -2147483648
5 2 -2147483648
5 3 -2147483648
5 4 -2147483648
5 6 -2147483648
5 7 -2147483648
5 8 -2147483648
5 9 -2147483648
6 0 -2147483648
6 1 -2147483648
6 2 0
6 3 -2147483648
6 4 0
6 5 -2147483648
6 7 0
6 8 -2147483648
6 9 0
7 0 -2147483648
7 1 -2147483648
7 2 -2147483648
7 3 0
7 4 -2147483648
7 5 -2147483648
7 6 0
7 8 -2147483648
7 9 0
8 0 0
8 1 -2147483648
8 2 0
8 3 -2147483648
8 4 -2147483648
8 5 -2147483648
8 6 -2147483648
8 7 -2147483648
8 9 -2147483648
9 0 -2147483648
9 1 -2147483648
9 2 -2147483648
9 3 0
9 4 -2147483648
9 5 -2147483648
9 6 0
9 7 0
9 8 -2147483648
