0 1 1
0 2 0
0 3 0
0 4 0
0 5 -2147483648
0 6 -2147483648
0 7 -2147483648
0 8 0
0 9 0
0 10 -2147483648
1 0 1
1 2 4
1 3 -2147483648
1 4 -2147483648
1 5 0
1 6 0
1 7 -2147483648
1 8 -2147483648
1 9 -2147483648
1 10 0
2 0 0
2 1 4
2 3 4
2 4 0
2 5 0
2 6 0
2 7 -2147483648
2 8 -2147483648
2 9 -2147483648
2 10 0
3 0 0
3 1 -2147483648
3 2 4
3 4 1
3 5 1
3 6 0
3 7 -2147483648
3 8 -2147483648
3 9 -2147483648
3 10 0
4 0 0
4 1 -2147483648
4 2 0
4 3 1
4 5 0
4 6 -2147483648
4 7 -2147483648
4 8 0
4 9 0
4 10 -2147483648
5 0 -2147483648
5 1 0
5 2 0
5 3 1
5 4 0
5 6 -2147483648
5 7 -2147483648
5 8 0
5 9 0
5 10 -2147483648
6 0 -2147483648
6 1 0
6 2 0
6 3 0
6 4 -2147483648
6 5 -2147483648
6 7 -2147483648
6 8 0
6 9 0
6 10 -2147483648
7 0 -2147483648
7 1 -2147483648
7 2 -2147483648
7 3 -2147483648
7 4 -2147483648
7 5 -2147483648
7 6 -2147483648
7 8 1
7 9 -2147483648
7 10 -2147483648
8 0 0
8 1 -2147483648
8 2 -2147483648
8 3 -2147483648
8 4 0
8 5 0
8 6 0
8 7 1
8 9 -2147483648
8 10 0
9 0 0
9 1 -2147483648
9 2 -2147483648
9 3 -2147483648
9 4 0
9 5 0
9 6 0
9 7 -2147483648
9 8 -2147483648
9 10 -2147483648
10 0 -2147483648
10 1 0
10 2 0
10 3 0
10 4 -2147483648
10 5 -2147483648
10 6 -2147483648
10 7 -2147483648
10 8 0
10 9 -2147483648
