0 1 -2147483648
0 2 -2147483648
0 3 -2147483648
0 4 -2147483648
0 5 -2147483648
0 6 -2147483648
0 7 -2147483648
0 8 -2147483648
0 9 -2147483648
0 10 -2147483648
0 11 -2147483648
0 12 0
0 13 0
0 14 -2147483648
0 15 0
0 16 0
0 17 -2147483648
0 18 0
0 19 -2147483648
0 20 -2147483648
0 21 -2147483648
0 22 -2147483648
0 23 -2147483648
0 24 0
0 25 0
0 26 0
0 27 0
0 28 0
0 29 0
0 30 -2147483648
0 31 -2147483648
0 32 -2147483648
0 33 2
0 34 0
0 35 0
0 36 0
0 37 0
0 38 0
0 39 0
0 40 0
0 41 0
0 42 0
0 43 -2147483648
0 44 -2147483648
0 45 0
0 46 3
0 47 -2147483648
0 48 3
0 49 -2147483648
0 50 -2147483648
0 51 0
0 52 0
0 53 0
0 54 0
0 55 0
0 56 0
1 0 -2147483648
1 2 -2147483648
1 3 -2147483648
1 4 -2147483648
1 5 -2147483648
1 6 -2147483648
1 7 -2147483648
1 8 -2147483648
1 9 -2147483648
1 10 -2147483648
1 11 -2147483648
1 12 0
1 13 -2147483648
1 14 -2147483648
1 15 -2147483648
1 16 -2147483648
1 17 -2147483648
1 18 0
1 19 0
1 20 -2147483648
1 21 -2147483648
1 22 0
1 23 -2147483648
1 24 0
1 25 0
1 26 0
1 27 0
1 28 -2147483648
1 29 -2147483648
1 30 -2147483648
1 31 -2147483648
1 32 -2147483648
1 33 -2147483648
1 34 -2147483648
1 35 -2147483648
1 36 0
1 37 0
1 38 0
1 39 0
1 40 0
1 41 -2147483648
1 42 -2147483648
1 43 -2147483648
1 44 -2147483648
1 45 0
1 46 0
1 47 0
1 48 -2147483648
1 49 -2147483648
1 50 -2147483648
1 51 1
1 52 -2147483648
1 53 -2147483648
1 54 -2147483648
1 55 -2147483648
1 56 -2147483648
2 0 -2147483648
2 1 -2147483648
2 3 -2147483648
2 4 -2147483648
2 5 -2147483648
2 6 -2147483648
2 7 -2147483648
2 8 -2147483648
2 9 -2147483648
2 10 -2147483648
2 11 -2147483648
2 12 0
2 13 -2147483648
2 14 -2147483648
2 15 -2147483648
2 16 -2147483648
2 17 -2147483648
2 18 0
2 19 -2147483648
2 20 -2147483648
2 21 -2147483648
2 22 -2147483648
2 23 -2147483648
2 24 0
2 25 0
2 26 0
2 27 0
2 28 -2147483648
2 29 -2147483648
2 30 -2147483648
2 31 -2147483648
2 32 -2147483648
2 33 -2147483648
2 34 -2147483648
2 35 -2147483648
2 36 0
2 37 0
2 38 0
2 39 0
2 40 0
2 41 -2147483648
2 42 -2147483648
2 43 -2147483648
2 44 -2147483648
2 45 0
2 46 0
2 47 0
2 48 2
2 49 3
2 50 5
2 51 -2147483648
2 52 4
2 53 2
2 54 2
2 55 3
2 56 2
3 0 -2147483648
3 1 -2147483648
3 2 -2147483648
3 4 -2147483648
3 5 -2147483648
3 6 -2147483648
3 7 2
3 8 -2147483648
3 9 -2147483648
3 10 1
3 11 2
3 12 0
3 13 -2147483648
3 14 -2147483648
3 15 -2147483648
3 16 -2147483648
3 17 -2147483648
3 18 0
3 19 0
3 20 -2147483648
3 21 -2147483648
3 22 0
3 23 -2147483648
3 24 0
3 25 -2147483648
3 26 -2147483648
3 27 -2147483648
3 28 -2147483648
3 29 -2147483648
3 30 -2147483648
3 31 -2147483648
3 32 -2147483648
3 33 -2147483648
3 34 -2147483648
3 35 -2147483648
3 36 0
3 37 2
3 38 0
3 39 0
3 40 2
3 41 -2147483648
3 42 -2147483648
3 43 -2147483648
3 44 -2147483648
3 45 0
3 46 0
3 47 0
3 48 -2147483648
3 49 -2147483648
3 50 -2147483648
3 51 1
3 52 -2147483648
3 53 -2147483648
3 54 -2147483648
3 55 -2147483648
3 56 -2147483648
4 0 -2147483648
4 1 -2147483648
4 2 -2147483648
4 3 -2147483648
4 5 -2147483648
4 6 -2147483648
4 7 -2147483648
4 8 -2147483648
4 9 -2147483648
4 10 -2147483648
4 11 -2147483648
4 12 0
4 13 -2147483648
4 14 -2147483648
4 15 -2147483648
4 16 -2147483648
4 17 -2147483648
4 18 0
4 19 0
4 20 -2147483648
4 21 -2147483648
4 22 0
4 23 -2147483648
4 24 0
4 25 -2147483648
4 26 -2147483648
4 27 -2147483648
4 28 -2147483648
4 29 -2147483648
4 30 -2147483648
4 31 -2147483648
4 32 -2147483648
4 33 -2147483648
4 34 -2147483648
4 35 -2147483648
4 36 0
4 37 1
4 38 0
4 39 0
4 40 1
4 41 -2147483648
4 42 -2147483648
4 43 -2147483648
4 44 -2147483648
4 45 0
4 46 0
4 47 0
4 48 -2147483648
4 49 -2147483648
4 50 -2147483648
4 51 1
4 52 -2147483648
4 53 -2147483648
4 54 -2147483648
4 55 -2147483648
4 56 -2147483648
5 0 -2147483648
5 1 -2147483648
5 2 -2147483648
5 3 -2147483648
5 4 -2147483648
5 6 -2147483648
5 7 -2147483648
5 8 -2147483648
5 9 -2147483648
5 10 -2147483648
5 11 -2147483648
5 12 0
5 13 -2147483648
5 14 -2147483648
5 15 -2147483648
5 16 -2147483648
5 17 -2147483648
5 18 -2147483648
5 19 -2147483648
5 20 -2147483648
5 21 -2147483648
5 22 -2147483648
5 23 -2147483648
5 24 0
5 25 0
5 26 0
5 27 0
5 28 0
5 29 0
5 30 -2147483648
5 31 -2147483648
5 32 -2147483648
5 33 -2147483648
5 34 4
5 35 -2147483648
5 36 0
5 37 0
5 38 0
5 39 0
5 40 0
5 41 0
5 42 0
5 43 -2147483648
5 44 -2147483648
5 45 3
5 46 -2147483648
5 47 -2147483648
5 48 -2147483648
5 49 -2147483648
5 50 -2147483648
5 51 0
5 52 0
5 53 0
5 54 0
5 55 0
5 56 0
6 0 -2147483648
6 1 -2147483648
6 2 -2147483648
6 3 -2147483648
6 4 -2147483648
6 5 -2147483648
6 7 -2147483648
6 8 -2147483648
6 9 -2147483648
6 10 -2147483648
6 11 -2147483648
6 12 0
6 13 -2147483648
6 14 -2147483648
6 15 -2147483648
6 16 -2147483648
6 17 -2147483648
6 18 0
6 19 0
6 20 0
6 21 -2147483648
6 22 -2147483648
6 23 -2147483648
6 24 0
6 25 0
6 26 0
6 27 0
6 28 0
6 29 0
6 30 -2147483648
6 31 0
6 32 0
6 33 0
6 34 0
6 35 0
6 36 0
6 37 0
6 38 0
6 39 0
6 40 1
6 41 0
6 42 0
6 43 -2147483648
6 44 -2147483648
6 45 0
6 46 0
6 47 0
6 48 0
6 49 0
6 50 -2147483648
6 51 0
6 52 0
6 53 0
6 54 0
6 55 0
6 56 0
7 0 -2147483648
7 1 -2147483648
7 2 -2147483648
7 3 2
7 4 -2147483648
7 5 -2147483648
7 6 -2147483648
7 8 -2147483648
7 9 -2147483648
7 10 -2147483648
7 11 -2147483648
7 12 0
7 13 -2147483648
7 14 -2147483648
7 15 -2147483648
7 16 -2147483648
7 17 -2147483648
7 18 0
7 19 -2147483648
7 20 -2147483648
7 21 -2147483648
7 22 -2147483648
7 23 -2147483648
7 24 0
7 25 0
7 26 0
7 27 0
7 28 0
7 29 0
7 30 -2147483648
7 31 0
7 32 0
7 33 0
7 34 0
7 35 0
7 36 0
7 37 0
7 38 0
7 39 0
7 40 0
7 41 0
7 42 0
7 43 -2147483648
7 44 -2147483648
7 45 0
7 46 -2147483648
7 47 -2147483648
7 48 -2147483648
7 49 -2147483648
7 50 -2147483648
7 51 0
7 52 -2147483648
7 53 0
7 54 0
7 55 0
7 56 0
8 0 -2147483648
8 1 -2147483648
8 2 -2147483648
8 3 -2147483648
8 4 -2147483648
8 5 -2147483648
8 6 -2147483648
8 7 -2147483648
8 9 -2147483648
8 10 -2147483648
8 11 -2147483648
8 12 0
8 13 -2147483648
8 14 -2147483648
8 15 -2147483648
8 16 -2147483648
8 17 -2147483648
8 18 0
8 19 -2147483648
8 20 -2147483648
8 21 -2147483648
8 22 -2147483648
8 23 -2147483648
8 24 0
8 25 0
8 26 -2147483648
8 27 0
8 28 0
8 29 -2147483648
8 30 -2147483648
8 31 -2147483648
8 32 -2147483648
8 33 0
8 34 0
8 35 0
8 36 0
8 37 -2147483648
8 38 0
8 39 0
8 40 -2147483648
8 41 0
8 42 0
8 43 -2147483648
8 44 -2147483648
8 45 0
8 46 -2147483648
8 47 -2147483648
8 48 -2147483648
8 49 -2147483648
8 50 -2147483648
8 51 0
8 52 -2147483648
8 53 -2147483648
8 54 0
8 55 -2147483648
8 56 0
9 0 -2147483648
9 1 -2147483648
9 2 -2147483648
9 3 -2147483648
9 4 -2147483648
9 5 -2147483648
9 6 -2147483648
9 7 -2147483648
9 8 -2147483648
9 10 -2147483648
9 11 -2147483648
9 12 0
9 13 0
9 14 -2147483648
9 15 0
9 16 0
9 17 -2147483648
9 18 0
9 19 -2147483648
9 20 -2147483648
9 21 -2147483648
9 22 -2147483648
9 23 -2147483648
9 24 0
9 25 0
9 26 -2147483648
9 27 0
9 28 0
9 29 -2147483648
9 30 -2147483648
9 31 -2147483648
9 32 -2147483648
9 33 -2147483648
9 34 0
9 35 0
9 36 0
9 37 -2147483648
9 38 0
9 39 0
9 40 -2147483648
9 41 0
9 42 0
9 43 -2147483648
9 44 -2147483648
9 45 0
9 46 -2147483648
9 47 -2147483648
9 48 -2147483648
9 49 -2147483648
9 50 -2147483648
9 51 0
9 52 -2147483648
9 53 -2147483648
9 54 0
9 55 -2147483648
9 56 0
10 0 -2147483648
10 1 -2147483648
10 2 -2147483648
10 3 1
10 4 -2147483648
10 5 -2147483648
10 6 -2147483648
10 7 -2147483648
10 8 -2147483648
10 9 -2147483648
10 11 -2147483648
10 12 0
10 13 0
10 14 -2147483648
10 15 -2147483648
10 16 0
10 17 -2147483648
10 18 0
10 19 -2147483648
10 20 -2147483648
10 21 -2147483648
10 22 -2147483648
10 23 -2147483648
10 24 0
10 25 0
10 26 0
10 27 0
10 28 0
10 29 0
10 30 -2147483648
10 31 -2147483648
10 32 -2147483648
10 33 -2147483648
10 34 0
10 35 0
10 36 0
10 37 0
10 38 0
10 39 0
10 40 0
10 41 0
10 42 0
10 43 -2147483648
10 44 -2147483648
10 45 0
10 46 -2147483648
10 47 -2147483648
10 48 -2147483648
10 49 -2147483648
10 50 -2147483648
10 51 0
10 52 -2147483648
10 53 0
10 54 0
10 55 -2147483648
10 56 0
11 0 -2147483648
11 1 -2147483648
11 2 -2147483648
11 3 2
11 4 -2147483648
11 5 -2147483648
11 6 -2147483648
11 7 -2147483648
11 8 -2147483648
11 9 -2147483648
11 10 -2147483648
11 12 0
11 13 -2147483648
11 14 -2147483648
11 15 -2147483648
11 16 -2147483648
11 17 -2147483648
11 18 -2147483648
11 19 -2147483648
11 20 -2147483648
11 21 -2147483648
11 22 -2147483648
11 23 -2147483648
11 24 0
11 25 0
11 26 0
11 27 0
11 28 0
11 29 0
11 30 -2147483648
11 31 -2147483648
11 32 -2147483648
11 33 -2147483648
11 34 -2147483648
11 35 -2147483648
11 36 0
11 37 0
11 38 0
11 39 0
11 40 0
11 41 0
11 42 0
11 43 -2147483648
11 44 -2147483648
11 45 -2147483648
11 46 -2147483648
11 47 -2147483648
11 48 -2147483648
11 49 -2147483648
11 50 -2147483648
11 51 0
11 52 -2147483648
11 53 0
11 54 0
11 55 0
11 56 0
12 0 0
12 1 0
12 2 0
12 3 0
12 4 0
12 5 0
12 6 0
12 7 0
12 8 0
12 9 0
12 10 0
12 11 0
12 13 -2147483648
12 14 -2147483648
12 15 -2147483648
12 16 -2147483648
12 17 -2147483648
12 18 0
12 19 0
12 20 0
12 21 0
12 22 0
12 23 0
12 24 0
12 25 0
12 26 0
12 27 0
12 28 0
12 29 0
12 30 0
12 31 0
12 32 0
12 33 0
12 34 0
12 35 0
12 36 0
12 37 0
12 38 0
12 39 0
12 40 0
12 41 0
12 42 0
12 43 0
12 44 0
12 45 0
12 46 0
12 47 0
12 48 0
12 49 0
12 50 0
12 51 0
12 52 0
12 53 0
12 54 0
12 55 0
12 56 0
13 0 0
13 1 -2147483648
13 2 -2147483648
13 3 -2147483648
13 4 -2147483648
13 5 -2147483648
13 6 -2147483648
13 7 -2147483648
13 8 -2147483648
13 9 0
13 10 0
13 11 -2147483648
13 12 -2147483648
13 14 -2147483648
13 15 -2147483648
13 16 -2147483648
13 17 -2147483648
13 18 0
13 19 0
13 20 0
13 21 -2147483648
13 22 0
13 23 0
13 24 0
13 25 0
13 26 0
13 27 0
13 28 0
13 29 0
13 30 -2147483648
13 31 0
13 32 0
13 33 0
13 34 0
13 35 0
13 36 0
13 37 0
13 38 0
13 39 0
13 40 -2147483648
13 41 0
13 42 0
13 43 -2147483648
13 44 -2147483648
13 45 0
13 46 0
13 47 0
13 48 0
13 49 0
13 50 -2147483648
13 51 0
13 52 0
13 53 0
13 54 0
13 55 0
13 56 0
14 0 -2147483648
14 1 -2147483648
14 2 -2147483648
14 3 -2147483648
14 4 -2147483648
14 5 -2147483648
14 6 -2147483648
14 7 -2147483648
14 8 -2147483648
14 9 -2147483648
14 10 -2147483648
14 11 -2147483648
14 12 -2147483648
14 13 -2147483648
14 15 -2147483648
14 16 -2147483648
14 17 -2147483648
14 18 0
14 19 -2147483648
14 20 -2147483648
14 21 -2147483648
14 22 -2147483648
14 23 -2147483648
14 24 0
14 25 0
14 26 0
14 27 0
14 28 0
14 29 0
14 30 -2147483648
14 31 0
14 32 0
14 33 0
14 34 0
14 35 0
14 36 0
14 37 0
14 38 0
14 39 0
14 40 -2147483648
14 41 0
14 42 0
14 43 -2147483648
14 44 -2147483648
14 45 0
14 46 -2147483648
14 47 -2147483648
14 48 -2147483648
14 49 -2147483648
14 50 -2147483648
14 51 0
14 52 0
14 53 0
14 54 0
14 55 0
14 56 0
15 0 0
15 1 -2147483648
15 2 -2147483648
15 3 -2147483648
15 4 -2147483648
15 5 -2147483648
15 6 -2147483648
15 7 -2147483648
15 8 -2147483648
15 9 0
15 10 -2147483648
15 11 -2147483648
15 12 -2147483648
15 13 -2147483648
15 14 -2147483648
15 16 -2147483648
15 17 -2147483648
15 18 0
15 19 0
15 20 0
15 21 -2147483648
15 22 0
15 23 0
15 24 0
15 25 0
15 26 -2147483648
15 27 0
15 28 0
15 29 -2147483648
15 30 -2147483648
15 31 0
15 32 0
15 33 0
15 34 0
15 35 0
15 36 0
15 37 -2147483648
15 38 0
15 39 0
15 40 -2147483648
15 41 0
15 42 0
15 43 -2147483648
15 44 -2147483648
15 45 0
15 46 0
15 47 0
15 48 0
15 49 0
15 50 -2147483648
15 51 0
15 52 -2147483648
15 53 -2147483648
15 54 0
15 55 -2147483648
15 56 0
16 0 0
16 1 -2147483648
16 2 -2147483648
16 3 -2147483648
16 4 -2147483648
16 5 -2147483648
16 6 -2147483648
16 7 -2147483648
16 8 -2147483648
16 9 0
16 10 0
16 11 -2147483648
16 12 -2147483648
16 13 -2147483648
16 14 -2147483648
16 15 -2147483648
16 17 -2147483648
16 18 0
16 19 0
16 20 0
16 21 -2147483648
16 22 0
16 23 0
16 24 0
16 25 0
16 26 0
16 27 0
16 28 0
16 29 0
16 30 -2147483648
16 31 0
16 32 0
16 33 0
16 34 0
16 35 0
16 36 0
16 37 0
16 38 0
16 39 0
16 40 -2147483648
16 41 0
16 42 0
16 43 -2147483648
16 44 -2147483648
16 45 0
16 46 0
16 47 0
16 48 0
16 49 0
16 50 -2147483648
16 51 0
16 52 0
16 53 0
16 54 0
16 55 0
16 56 0
17 0 -2147483648
17 1 -2147483648
17 2 -2147483648
17 3 -2147483648
17 4 -2147483648
17 5 -2147483648
17 6 -2147483648
17 7 -2147483648
17 8 -2147483648
17 9 -2147483648
17 10 -2147483648
17 11 -2147483648
17 12 -2147483648
17 13 -2147483648
17 14 -2147483648
17 15 -2147483648
17 16 -2147483648
17 18 -2147483648
17 19 -2147483648
17 20 -2147483648
17 21 -2147483648
17 22 -2147483648
17 23 -2147483648
17 24 0
17 25 0
17 26 0
17 27 0
17 28 0
17 29 0
17 30 -2147483648
17 31 -2147483648
17 32 -2147483648
17 33 -2147483648
17 34 -2147483648
17 35 -2147483648
17 36 0
17 37 0
17 38 0
17 39 0
17 40 -2147483648
17 41 0
17 42 0
17 43 -2147483648
17 44 -2147483648
17 45 -2147483648
17 46 -2147483648
17 47 -2147483648
17 48 -2147483648
17 49 -2147483648
17 50 -2147483648
17 51 0
17 52 0
17 53 0
17 54 0
17 55 0
17 56 0
18 0 0
18 1 0
18 2 0
18 3 0
18 4 0
18 5 -2147483648
18 6 0
18 7 0
18 8 0
18 9 0
18 10 0
18 11 -2147483648
18 12 0
18 13 0
18 14 0
18 15 0
18 16 0
18 17 -2147483648
18 19 -2147483648
18 20 -2147483648
18 21 -2147483648
18 22 -2147483648
18 23 -2147483648
18 24 0
18 25 0
18 26 0
18 27 0
18 28 0
18 29 0
18 30 -2147483648
18 31 -2147483648
18 32 -2147483648
18 33 -2147483648
18 34 -2147483648
18 35 -2147483648
18 36 0
18 37 0
18 38 0
18 39 0
18 40 0
18 41 0
18 42 0
18 43 -2147483648
18 44 -2147483648
18 45 -2147483648
18 46 -2147483648
18 47 -2147483648
18 48 -2147483648
18 49 -2147483648
18 50 -2147483648
18 51 0
18 52 0
18 53 0
18 54 0
18 55 0
18 56 0
19 0 -2147483648
19 1 0
19 2 -2147483648
19 3 0
19 4 0
19 5 -2147483648
19 6 0
19 7 -2147483648
19 8 -2147483648
19 9 -2147483648
19 10 -2147483648
19 11 -2147483648
19 12 0
19 13 0
19 14 -2147483648
19 15 0
19 16 0
19 17 -2147483648
19 18 -2147483648
19 20 -2147483648
19 21 -2147483648
19 22 -2147483648
19 23 -2147483648
19 24 0
19 25 0
19 26 0
19 27 0
19 28 0
19 29 0
19 30 -2147483648
19 31 -2147483648
19 32 -2147483648
19 33 -2147483648
19 34 -2147483648
19 35 -2147483648
19 36 0
19 37 0
19 38 0
19 39 0
19 40 0
19 41 0
19 42 1
19 43 -2147483648
19 44 -2147483648
19 45 -2147483648
19 46 -2147483648
19 47 -2147483648
19 48 -2147483648
19 49 -2147483648
19 50 -2147483648
19 51 0
19 52 -2147483648
19 53 -2147483648
19 54 -2147483648
19 55 -2147483648
19 56 -2147483648
20 0 -2147483648
20 1 -2147483648
20 2 -2147483648
20 3 -2147483648
20 4 -2147483648
20 5 -2147483648
20 6 0
20 7 -2147483648
20 8 -2147483648
20 9 -2147483648
20 10 -2147483648
20 11 -2147483648
20 12 0
20 13 0
20 14 -2147483648
20 15 0
20 16 0
20 17 -2147483648
20 18 -2147483648
20 19 -2147483648
20 21 -2147483648
20 22 -2147483648
20 23 -2147483648
20 24 0
20 25 0
20 26 0
20 27 0
20 28 -2147483648
20 29 -2147483648
20 30 -2147483648
20 31 -2147483648
20 32 -2147483648
20 33 -2147483648
20 34 -2147483648
20 35 -2147483648
20 36 0
20 37 0
20 38 0
20 39 0
20 40 0
20 41 -2147483648
20 42 2
20 43 -2147483648
20 44 -2147483648
20 45 -2147483648
20 46 -2147483648
20 47 -2147483648
20 48 -2147483648
20 49 -2147483648
20 50 -2147483648
20 51 -2147483648
20 52 -2147483648
20 53 -2147483648
20 54 -2147483648
20 55 -2147483648
20 56 -2147483648
21 0 -2147483648
21 1 -2147483648
21 2 -2147483648
21 3 -2147483648
21 4 -2147483648
21 5 -2147483648
21 6 -2147483648
21 7 -2147483648
21 8 -2147483648
21 9 -2147483648
21 10 -2147483648
21 11 -2147483648
21 12 0
21 13 -2147483648
21 14 -2147483648
21 15 -2147483648
21 16 -2147483648
21 17 -2147483648
21 18 -2147483648
21 19 -2147483648
21 20 -2147483648
21 22 -2147483648
21 23 -2147483648
21 24 0
21 25 0
21 26 0
21 27 0
21 28 -2147483648
21 29 -2147483648
21 30 -2147483648
21 31 -2147483648
21 32 -2147483648
21 33 -2147483648
21 34 -2147483648
21 35 -2147483648
21 36 0
21 37 0
21 38 0
21 39 0
21 40 0
21 41 -2147483648
21 42 2
21 43 -2147483648
21 44 -2147483648
21 45 -2147483648
21 46 -2147483648
21 47 -2147483648
21 48 -2147483648
21 49 -2147483648
21 50 -2147483648
21 51 -2147483648
21 52 -2147483648
21 53 -2147483648
21 54 -2147483648
21 55 -2147483648
21 56 -2147483648
22 0 -2147483648
22 1 0
22 2 -2147483648
22 3 0
22 4 0
22 5 -2147483648
22 6 -2147483648
22 7 -2147483648
22 8 -2147483648
22 9 -2147483648
22 10 -2147483648
22 11 -2147483648
22 12 0
22 13 0
22 14 -2147483648
22 15 0
22 16 0
22 17 -2147483648
22 18 -2147483648
22 19 -2147483648
22 20 -2147483648
22 21 -2147483648
22 23 -2147483648
22 24 0
22 25 0
22 26 0
22 27 0
22 28 0
22 29 0
22 30 -2147483648
22 31 -2147483648
22 32 -2147483648
22 33 -2147483648
22 34 -2147483648
22 35 -2147483648
22 36 0
22 37 0
22 38 0
22 39 0
22 40 0
22 41 0
22 42 1
22 43 -2147483648
22 44 -2147483648
22 45 2
22 46 -2147483648
22 47 -2147483648
22 48 -2147483648
22 49 -2147483648
22 50 -2147483648
22 51 0
22 52 -2147483648
22 53 -2147483648
22 54 -2147483648
22 55 -2147483648
22 56 -2147483648
23 0 -2147483648
23 1 -2147483648
23 2 -2147483648
23 3 -2147483648
23 4 -2147483648
23 5 -2147483648
23 6 -2147483648
23 7 -2147483648
23 8 -2147483648
23 9 -2147483648
23 10 -2147483648
23 11 -2147483648
23 12 0
23 13 0
23 14 -2147483648
23 15 0
23 16 0
23 17 -2147483648
23 18 -2147483648
23 19 -2147483648
23 20 -2147483648
23 21 -2147483648
23 22 -2147483648
23 24 0
23 25 0
23 26 0
23 27 0
23 28 -2147483648
23 29 -2147483648
23 30 -2147483648
23 31 -2147483648
23 32 -2147483648
23 33 -2147483648
23 34 -2147483648
23 35 -2147483648
23 36 0
23 37 0
23 38 0
23 39 0
23 40 0
23 41 -2147483648
23 42 2
23 43 -2147483648
23 44 -2147483648
23 45 0
23 46 -2147483648
23 47 -2147483648
23 48 -2147483648
23 49 -2147483648
23 50 -2147483648
23 51 -2147483648
23 52 -2147483648
23 53 -2147483648
23 54 -2147483648
23 55 -2147483648
23 56 -2147483648
24 0 0
24 1 0
24 2 0
24 3 0
24 4 0
24 5 0
24 6 0
24 7 0
24 8 0
24 9 0
24 10 0
24 11 0
24 12 0
24 13 0
24 14 0
24 15 0
24 16 0
24 17 0
24 18 0
24 19 0
24 20 0
24 21 0
24 22 0
24 23 0
24 25 -2147483648
24 26 -2147483648
24 27 -2147483648
24 28 -2147483648
24 29 -2147483648
24 30 -2147483648
24 31 0
24 32 0
24 33 0
24 34 0
24 35 0
24 36 -2147483648
24 37 -2147483648
24 38 -2147483648
24 39 -2147483648
24 40 -2147483648
24 41 -2147483648
24 42 4
24 43 0
24 44 0
24 45 0
24 46 0
24 47 0
24 48 0
24 49 0
24 50 0
24 51 4
24 52 -2147483648
24 53 -2147483648
24 54 -2147483648
24 55 -2147483648
24 56 -2147483648
25 0 0
25 1 0
25 2 0
25 3 -2147483648
25 4 -2147483648
25 5 0
25 6 0
25 7 0
25 8 0
25 9 0
25 10 0
25 11 0
25 12 0
25 13 0
25 14 0
25 15 0
25 16 0
25 17 0
25 18 0
25 19 0
25 20 0
25 21 0
25 22 0
25 23 0
25 24 -2147483648
25 26 -2147483648
25 27 -2147483648
25 28 -2147483648
25 29 -2147483648
25 30 2
25 31 -2147483648
25 32 -2147483648
25 33 -2147483648
25 34 -2147483648
25 35 -2147483648
25 36 -2147483648
25 37 -2147483648
25 38 -2147483648
25 39 -2147483648
25 40 -2147483648
25 41 -2147483648
25 42 -2147483648
25 43 -2147483648
25 44 -2147483648
25 45 0
25 46 0
25 47 0
25 48 0
25 49 0
25 50 0
25 51 -2147483648
25 52 -2147483648
25 53 -2147483648
25 54 -2147483648
25 55 -2147483648
25 56 -2147483648
26 0 0
26 1 0
26 2 0
26 3 -2147483648
26 4 -2147483648
26 5 0
26 6 0
26 7 0
26 8 -2147483648
26 9 -2147483648
26 10 0
26 11 0
26 12 0
26 13 0
26 14 0
26 15 -2147483648
26 16 0
26 17 0
26 18 0
26 19 0
26 20 0
26 21 0
26 22 0
26 23 0
26 24 -2147483648
26 25 -2147483648
26 27 -2147483648
26 28 -2147483648
26 29 -2147483648
26 30 -2147483648
26 31 -2147483648
26 32 -2147483648
26 33 -2147483648
26 34 -2147483648
26 35 -2147483648
26 36 -2147483648
26 37 5
26 38 -2147483648
26 39 -2147483648
26 40 -2147483648
26 41 -2147483648
26 42 -2147483648
26 43 -2147483648
26 44 -2147483648
26 45 0
26 46 0
26 47 0
26 48 0
26 49 0
26 50 0
26 51 -2147483648
26 52 -2147483648
26 53 -2147483648
26 54 -2147483648
26 55 -2147483648
26 56 -2147483648
27 0 0
27 1 0
27 2 0
27 3 -2147483648
27 4 -2147483648
27 5 0
27 6 0
27 7 0
27 8 0
27 9 0
27 10 0
27 11 0
27 12 0
27 13 0
27 14 0
27 15 0
27 16 0
27 17 0
27 18 0
27 19 0
27 20 0
27 21 0
27 22 0
27 23 0
27 24 -2147483648
27 25 -2147483648
27 26 -2147483648
27 28 -2147483648
27 29 -2147483648
27 30 1
27 31 -2147483648
27 32 -2147483648
27 33 -2147483648
27 34 -2147483648
27 35 -2147483648
27 36 -2147483648
27 37 -2147483648
27 38 -2147483648
27 39 -2147483648
27 40 -2147483648
27 41 -2147483648
27 42 -2147483648
27 43 0
27 44 0
27 45 0
27 46 0
27 47 0
27 48 0
27 49 0
27 50 0
27 51 -2147483648
27 52 -2147483648
27 53 -2147483648
27 54 -2147483648
27 55 -2147483648
27 56 -2147483648
28 0 0
28 1 -2147483648
28 2 -2147483648
28 3 -2147483648
28 4 -2147483648
28 5 0
28 6 0
28 7 0
28 8 0
28 9 0
28 10 0
28 11 0
28 12 0
28 13 0
28 14 0
28 15 0
28 16 0
28 17 0
28 18 0
28 19 0
28 20 -2147483648
28 21 -2147483648
28 22 0
28 23 -2147483648
28 24 -2147483648
28 25 -2147483648
28 26 -2147483648
28 27 -2147483648
28 29 -2147483648
28 30 2
28 31 -2147483648
28 32 -2147483648
28 33 -2147483648
28 34 -2147483648
28 35 -2147483648
28 36 -2147483648
28 37 -2147483648
28 38 -2147483648
28 39 -2147483648
28 40 -2147483648
28 41 -2147483648
28 42 -2147483648
28 43 -2147483648
28 44 -2147483648
28 45 0
28 46 0
28 47 0
28 48 -2147483648
28 49 -2147483648
28 50 -2147483648
28 51 -2147483648
28 52 -2147483648
28 53 -2147483648
28 54 -2147483648
28 55 -2147483648
28 56 -2147483648
29 0 0
29 1 -2147483648
29 2 -2147483648
29 3 -2147483648
29 4 -2147483648
29 5 0
29 6 0
29 7 0
29 8 -2147483648
29 9 -2147483648
29 10 0
29 11 0
29 12 0
29 13 0
29 14 0
29 15 -2147483648
29 16 0
29 17 0
29 18 0
29 19 0
29 20 -2147483648
29 21 -2147483648
29 22 0
29 23 -2147483648
29 24 -2147483648
29 25 -2147483648
29 26 -2147483648
29 27 -2147483648
29 28 -2147483648
29 30 -2147483648
29 31 -2147483648
29 32 -2147483648
29 33 -2147483648
29 34 -2147483648
29 35 -2147483648
29 36 -2147483648
29 37 5
29 38 -2147483648
29 39 -2147483648
29 40 -2147483648
29 41 -2147483648
29 42 -2147483648
29 43 -2147483648
29 44 -2147483648
29 45 0
29 46 0
29 47 0
29 48 -2147483648
29 49 -2147483648
29 50 -2147483648
29 51 -2147483648
29 52 -2147483648
29 53 -2147483648
29 54 -2147483648
29 55 -2147483648
29 56 -2147483648
30 0 -2147483648
30 1 -2147483648
30 2 -2147483648
30 3 -2147483648
30 4 -2147483648
30 5 -2147483648
30 6 -2147483648
30 7 -2147483648
30 8 -2147483648
30 9 -2147483648
30 10 -2147483648
30 11 -2147483648
30 12 0
30 13 -2147483648
30 14 -2147483648
30 15 -2147483648
30 16 -2147483648
30 17 -2147483648
30 18 -2147483648
30 19 -2147483648
30 20 -2147483648
30 21 -2147483648
30 22 -2147483648
30 23 -2147483648
30 24 -2147483648
30 25 2
30 26 -2147483648
30 27 1
30 28 2
30 29 -2147483648
30 31 -2147483648
30 32 -2147483648
30 33 -2147483648
30 34 -2147483648
30 35 -2147483648
30 36 1
30 37 -2147483648
30 38 0
30 39 -2147483648
30 40 -2147483648
30 41 0
30 42 -2147483648
30 43 -2147483648
30 44 -2147483648
30 45 -2147483648
30 46 -2147483648
30 47 -2147483648
30 48 -2147483648
30 49 -2147483648
30 50 -2147483648
30 51 -2147483648
30 52 -2147483648
30 53 -2147483648
30 54 2
30 55 -2147483648
30 56 1
31 0 -2147483648
31 1 -2147483648
31 2 -2147483648
31 3 -2147483648
31 4 -2147483648
31 5 -2147483648
31 6 0
31 7 0
31 8 -2147483648
31 9 -2147483648
31 10 -2147483648
31 11 -2147483648
31 12 0
31 13 0
31 14 0
31 15 0
31 16 0
31 17 -2147483648
31 18 -2147483648
31 19 -2147483648
31 20 -2147483648
31 21 -2147483648
31 22 -2147483648
31 23 -2147483648
31 24 0
31 25 -2147483648
31 26 -2147483648
31 27 -2147483648
31 28 -2147483648
31 29 -2147483648
31 30 -2147483648
31 32 -2147483648
31 33 -2147483648
31 34 -2147483648
31 35 -2147483648
31 36 0
31 37 1
31 38 0
31 39 0
31 40 1
31 41 0
31 42 0
31 43 -2147483648
31 44 -2147483648
31 45 -2147483648
31 46 -2147483648
31 47 -2147483648
31 48 -2147483648
31 49 -2147483648
31 50 -2147483648
31 51 0
31 52 -2147483648
31 53 -2147483648
31 54 -2147483648
31 55 -2147483648
31 56 -2147483648
32 0 -2147483648
32 1 -2147483648
32 2 -2147483648
32 3 -2147483648
32 4 -2147483648
32 5 -2147483648
32 6 0
32 7 0
32 8 -2147483648
32 9 -2147483648
32 10 -2147483648
32 11 -2147483648
32 12 0
32 13 0
32 14 0
32 15 0
32 16 0
32 17 -2147483648
32 18 -2147483648
32 19 -2147483648
32 20 -2147483648
32 21 -2147483648
32 22 -2147483648
32 23 -2147483648
32 24 0
32 25 -2147483648
32 26 -2147483648
32 27 -2147483648
32 28 -2147483648
32 29 -2147483648
32 30 -2147483648
32 31 -2147483648
32 33 -2147483648
32 34 -2147483648
32 35 -2147483648
32 36 0
32 37 0
32 38 0
32 39 0
32 40 0
32 41 1
32 42 -2147483648
32 43 -2147483648
32 44 -2147483648
32 45 -2147483648
32 46 -2147483648
32 47 -2147483648
32 48 -2147483648
32 49 -2147483648
32 50 -2147483648
32 51 -2147483648
32 52 -2147483648
32 53 -2147483648
32 54 -2147483648
32 55 -2147483648
32 56 -2147483648
33 0 2
33 1 -2147483648
33 2 -2147483648
33 3 -2147483648
33 4 -2147483648
33 5 -2147483648
33 6 0
33 7 0
33 8 0
33 9 -2147483648
33 10 -2147483648
33 11 -2147483648
33 12 0
33 13 0
33 14 0
33 15 0
33 16 0
33 17 -2147483648
33 18 -2147483648
33 19 -2147483648
33 20 -2147483648
33 21 -2147483648
33 22 -2147483648
33 23 -2147483648
33 24 0
33 25 -2147483648
33 26 -2147483648
33 27 -2147483648
33 28 -2147483648
33 29 -2147483648
33 30 -2147483648
33 31 -2147483648
33 32 -2147483648
33 34 -2147483648
33 35 -2147483648
33 36 0
33 37 0
33 38 0
33 39 0
33 40 0
33 41 1
33 42 -2147483648
33 43 -2147483648
33 44 -2147483648
33 45 -2147483648
33 46 -2147483648
33 47 -2147483648
33 48 -2147483648
33 49 -2147483648
33 50 -2147483648
33 51 -2147483648
33 52 -2147483648
33 53 -2147483648
33 54 -2147483648
33 55 -2147483648
33 56 -2147483648
34 0 0
34 1 -2147483648
34 2 -2147483648
34 3 -2147483648
34 4 -2147483648
34 5 4
34 6 0
34 7 0
34 8 0
34 9 0
34 10 0
34 11 -2147483648
34 12 0
34 13 0
34 14 0
34 15 0
34 16 0
34 17 -2147483648
34 18 -2147483648
34 19 -2147483648
34 20 -2147483648
34 21 -2147483648
34 22 -2147483648
34 23 -2147483648
34 24 0
34 25 -2147483648
34 26 -2147483648
34 27 -2147483648
34 28 -2147483648
34 29 -2147483648
34 30 -2147483648
34 31 -2147483648
34 32 -2147483648
34 33 -2147483648
34 35 -2147483648
34 36 0
34 37 0
34 38 0
34 39 0
34 40 0
34 41 1
34 42 -2147483648
34 43 -2147483648
34 44 -2147483648
34 45 3
34 46 -2147483648
34 47 -2147483648
34 48 -2147483648
34 49 -2147483648
34 50 -2147483648
34 51 -2147483648
34 52 -2147483648
34 53 -2147483648
34 54 -2147483648
34 55 -2147483648
34 56 -2147483648
35 0 0
35 1 -2147483648
35 2 -2147483648
35 3 -2147483648
35 4 -2147483648
35 5 -2147483648
35 6 0
35 7 0
35 8 0
35 9 0
35 10 0
35 11 -2147483648
35 12 0
35 13 0
35 14 0
35 15 0
35 16 0
35 17 -2147483648
35 18 -2147483648
35 19 -2147483648
35 20 -2147483648
35 21 -2147483648
35 22 -2147483648
35 23 -2147483648
35 24 0
35 25 -2147483648
35 26 -2147483648
35 27 -2147483648
35 28 -2147483648
35 29 -2147483648
35 30 -2147483648
35 31 -2147483648
35 32 -2147483648
35 33 -2147483648
35 34 -2147483648
35 36 0
35 37 0
35 38 0
35 39 0
35 40 0
35 41 1
35 42 -2147483648
35 43 -2147483648
35 44 -2147483648
35 45 3
35 46 -2147483648
35 47 -2147483648
35 48 -2147483648
35 49 -2147483648
35 50 -2147483648
35 51 -2147483648
35 52 -2147483648
35 53 -2147483648
35 54 -2147483648
35 55 -2147483648
35 56 -2147483648
36 0 0
36 1 0
36 2 0
36 3 0
36 4 0
36 5 0
36 6 0
36 7 0
36 8 0
36 9 0
36 10 0
36 11 0
36 12 0
36 13 0
36 14 0
36 15 0
36 16 0
36 17 0
36 18 0
36 19 0
36 20 0
36 21 0
36 22 0
36 23 0
36 24 -2147483648
36 25 -2147483648
36 26 -2147483648
36 27 -2147483648
36 28 -2147483648
36 29 -2147483648
36 30 1
36 31 0
36 32 0
36 33 0
36 34 0
36 35 0
36 37 -2147483648
36 38 -2147483648
36 39 -2147483648
36 40 -2147483648
36 41 -2147483648
36 42 -2147483648
36 43 0
36 44 0
36 45 0
36 46 0
36 47 0
36 48 0
36 49 0
36 50 0
36 51 -2147483648
36 52 -2147483648
36 53 -2147483648
36 54 -2147483648
36 55 -2147483648
36 56 -2147483648
37 0 0
37 1 0
37 2 0
37 3 2
37 4 1
37 5 0
37 6 0
37 7 0
37 8 -2147483648
37 9 -2147483648
37 10 0
37 11 0
37 12 0
37 13 0
37 14 0
37 15 -2147483648
37 16 0
37 17 0
37 18 0
37 19 0
37 20 0
37 21 0
37 22 0
37 23 0
37 24 -2147483648
37 25 -2147483648
37 26 5
37 27 -2147483648
37 28 -2147483648
37 29 5
37 30 -2147483648
37 31 1
37 32 0
37 33 0
37 34 0
37 35 0
37 36 -2147483648
37 38 -2147483648
37 39 -2147483648
37 40 -2147483648
37 41 -2147483648
37 42 -2147483648
37 43 -2147483648
37 44 -2147483648
37 45 0
37 46 0
37 47 0
37 48 0
37 49 0
37 50 0
37 51 -2147483648
37 52 -2147483648
37 53 5
37 54 -2147483648
37 55 -2147483648
37 56 -2147483648
38 0 0
38 1 0
38 2 0
38 3 0
38 4 0
38 5 0
38 6 0
38 7 0
38 8 0
38 9 0
38 10 0
38 11 0
38 12 0
38 13 0
38 14 0
38 15 0
38 16 0
38 17 0
38 18 0
38 19 0
38 20 0
38 21 0
38 22 0
38 23 0
38 24 -2147483648
38 25 -2147483648
38 26 -2147483648
38 27 -2147483648
38 28 -2147483648
38 29 -2147483648
38 30 0
38 31 0
38 32 0
38 33 0
38 34 0
38 35 0
38 36 -2147483648
38 37 -2147483648
38 39 -2147483648
38 40 -2147483648
38 41 -2147483648
38 42 -2147483648
38 43 0
38 44 0
38 45 0
38 46 0
38 47 0
38 48 0
38 49 0
38 50 0
38 51 -2147483648
38 52 -2147483648
38 53 -2147483648
38 54 -2147483648
38 55 -2147483648
38 56 -2147483648
39 0 0
39 1 0
39 2 0
39 3 0
39 4 0
39 5 0
39 6 0
39 7 0
39 8 0
39 9 0
39 10 0
39 11 0
39 12 0
39 13 0
39 14 0
39 15 0
39 16 0
39 17 0
39 18 0
39 19 0
39 20 0
39 21 0
39 22 0
39 23 0
39 24 -2147483648
39 25 -2147483648
39 26 -2147483648
39 27 -2147483648
39 28 -2147483648
39 29 -2147483648
39 30 -2147483648
39 31 0
39 32 0
39 33 0
39 34 0
39 35 0
39 36 -2147483648
39 37 -2147483648
39 38 -2147483648
39 40 -2147483648
39 41 -2147483648
39 42 -2147483648
39 43 -2147483648
39 44 -2147483648
39 45 0
39 46 0
39 47 0
39 48 0
39 49 0
39 50 0
39 51 -2147483648
39 52 -2147483648
39 53 -2147483648
39 54 -2147483648
39 55 -2147483648
39 56 -2147483648
40 0 0
40 1 0
40 2 0
40 3 2
40 4 1
40 5 0
40 6 1
40 7 0
40 8 -2147483648
40 9 -2147483648
40 10 0
40 11 0
40 12 0
40 13 -2147483648
40 14 -2147483648
40 15 -2147483648
40 16 -2147483648
40 17 -2147483648
40 18 0
40 19 0
40 20 0
40 21 0
40 22 0
40 23 0
40 24 -2147483648
40 25 -2147483648
40 26 -2147483648
40 27 -2147483648
40 28 -2147483648
40 29 -2147483648
40 30 -2147483648
40 31 1
40 32 0
40 33 0
40 34 0
40 35 0
40 36 -2147483648
40 37 -2147483648
40 38 -2147483648
40 39 -2147483648
40 41 -2147483648
40 42 -2147483648
40 43 -2147483648
40 44 -2147483648
40 45 0
40 46 0
40 47 0
40 48 0
40 49 0
40 50 0
40 51 -2147483648
40 52 -2147483648
40 53 -2147483648
40 54 -2147483648
40 55 -2147483648
40 56 -2147483648
41 0 0
41 1 -2147483648
41 2 -2147483648
41 3 -2147483648
41 4 -2147483648
41 5 0
41 6 0
41 7 0
41 8 0
41 9 0
41 10 0
41 11 0
41 12 0
41 13 0
41 14 0
41 15 0
41 16 0
41 17 0
41 18 0
41 19 0
41 20 -2147483648
41 21 -2147483648
41 22 0
41 23 -2147483648
41 24 -2147483648
41 25 -2147483648
41 26 -2147483648
41 27 -2147483648
41 28 -2147483648
41 29 -2147483648
41 30 0
41 31 0
41 32 1
41 33 1
41 34 1
41 35 1
41 36 -2147483648
41 37 -2147483648
41 38 -2147483648
41 39 -2147483648
41 40 -2147483648
41 42 -2147483648
41 43 0
41 44 0
41 45 0
41 46 0
41 47 0
41 48 -2147483648
41 49 -2147483648
41 50 -2147483648
41 51 -2147483648
41 52 -2147483648
41 53 -2147483648
41 54 -2147483648
41 55 -2147483648
41 56 -2147483648
42 0 0
42 1 -2147483648
42 2 -2147483648
42 3 -2147483648
42 4 -2147483648
42 5 0
42 6 0
42 7 0
42 8 0
42 9 0
42 10 0
42 11 0
42 12 0
42 13 0
42 14 0
42 15 0
42 16 0
42 17 0
42 18 0
42 19 1
42 20 2
42 21 2
42 22 1
42 23 2
42 24 4
42 25 -2147483648
42 26 -2147483648
42 27 -2147483648
42 28 -2147483648
42 29 -2147483648
42 30 -2147483648
42 31 0
42 32 -2147483648
42 33 -2147483648
42 34 -2147483648
42 35 -2147483648
42 36 -2147483648
42 37 -2147483648
42 38 -2147483648
42 39 -2147483648
42 40 -2147483648
42 41 -2147483648
42 43 -2147483648
42 44 -2147483648
42 45 0
42 46 0
42 47 0
42 48 -2147483648
42 49 -2147483648
42 50 -2147483648
42 51 -2147483648
42 52 -2147483648
42 53 -2147483648
42 54 -2147483648
42 55 -2147483648
42 56 -2147483648
43 0 -2147483648
43 1 -2147483648
43 2 -2147483648
43 3 -2147483648
43 4 -2147483648
43 5 -2147483648
43 6 -2147483648
43 7 -2147483648
43 8 -2147483648
43 9 -2147483648
43 10 -2147483648
43 11 -2147483648
43 12 0
43 13 -2147483648
43 14 -2147483648
43 15 -2147483648
43 16 -2147483648
43 17 -2147483648
43 18 -2147483648
43 19 -2147483648
43 20 -2147483648
43 21 -2147483648
43 22 -2147483648
43 23 -2147483648
43 24 0
43 25 -2147483648
43 26 -2147483648
43 27 0
43 28 -2147483648
43 29 -2147483648
43 30 -2147483648
43 31 -2147483648
43 32 -2147483648
43 33 -2147483648
43 34 -2147483648
43 35 -2147483648
43 36 0
43 37 -2147483648
43 38 0
43 39 -2147483648
43 40 -2147483648
43 41 0
43 42 -2147483648
43 44 -2147483648
43 45 -2147483648
43 46 -2147483648
43 47 -2147483648
43 48 -2147483648
43 49 -2147483648
43 50 -2147483648
43 51 0
43 52 -2147483648
43 53 -2147483648
43 54 -2147483648
43 55 -2147483648
43 56 0
44 0 -2147483648
44 1 -2147483648
44 2 -2147483648
44 3 -2147483648
44 4 -2147483648
44 5 -2147483648
44 6 -2147483648
44 7 -2147483648
44 8 -2147483648
44 9 -2147483648
44 10 -2147483648
44 11 -2147483648
44 12 0
44 13 -2147483648
44 14 -2147483648
44 15 -2147483648
44 16 -2147483648
44 17 -2147483648
44 18 -2147483648
44 19 -2147483648
44 20 -2147483648
44 21 -2147483648
44 22 -2147483648
44 23 -2147483648
44 24 0
44 25 -2147483648
44 26 -2147483648
44 27 0
44 28 -2147483648
44 29 -2147483648
44 30 -2147483648
44 31 -2147483648
44 32 -2147483648
44 33 -2147483648
44 34 -2147483648
44 35 -2147483648
44 36 0
44 37 -2147483648
44 38 0
44 39 -2147483648
44 40 -2147483648
44 41 0
44 42 -2147483648
44 43 -2147483648
44 45 -2147483648
44 46 -2147483648
44 47 -2147483648
44 48 -2147483648
44 49 -2147483648
44 50 -2147483648
44 51 0
44 52 -2147483648
44 53 -2147483648
44 54 -2147483648
44 55 -2147483648
44 56 0
45 0 0
45 1 0
45 2 0
45 3 0
45 4 0
45 5 3
45 6 0
45 7 0
45 8 0
45 9 0
45 10 0
45 11 -2147483648
45 12 0
45 13 0
45 14 0
45 15 0
45 16 0
45 17 -2147483648
45 18 -2147483648
45 19 -2147483648
45 20 -2147483648
45 21 -2147483648
45 22 2
45 23 0
45 24 0
45 25 0
45 26 0
45 27 0
45 28 0
45 29 0
45 30 -2147483648
45 31 -2147483648
45 32 -2147483648
45 33 -2147483648
45 34 3
45 35 3
45 36 0
45 37 0
45 38 0
45 39 0
45 40 0
45 41 0
45 42 0
45 43 -2147483648
45 44 -2147483648
45 46 -2147483648
45 47 -2147483648
45 48 -2147483648
45 49 -2147483648
45 50 -2147483648
45 51 0
45 52 0
45 53 0
45 54 0
45 55 0
45 56 0
46 0 3
46 1 0
46 2 0
46 3 0
46 4 0
46 5 -2147483648
46 6 0
46 7 -2147483648
46 8 -2147483648
46 9 -2147483648
46 10 -2147483648
46 11 -2147483648
46 12 0
46 13 0
46 14 -2147483648
46 15 0
46 16 0
46 17 -2147483648
46 18 -2147483648
46 19 -2147483648
46 20 -2147483648
46 21 -2147483648
46 22 -2147483648
46 23 -2147483648
46 24 0
46 25 0
46 26 0
46 27 0
46 28 0
46 29 0
46 30 -2147483648
46 31 -2147483648
46 32 -2147483648
46 33 -2147483648
46 34 -2147483648
46 35 -2147483648
46 36 0
46 37 0
46 38 0
46 39 0
46 40 0
46 41 0
46 42 0
46 43 -2147483648
46 44 -2147483648
46 45 -2147483648
46 47 -2147483648
46 48 -2147483648
46 49 -2147483648
46 50 -2147483648
46 51 1
46 52 0
46 53 0
46 54 0
46 55 0
46 56 0
47 0 -2147483648
47 1 0
47 2 0
47 3 0
47 4 0
47 5 -2147483648
47 6 0
47 7 -2147483648
47 8 -2147483648
47 9 -2147483648
47 10 -2147483648
47 11 -2147483648
47 12 0
47 13 0
47 14 -2147483648
47 15 0
47 16 0
47 17 -2147483648
47 18 -2147483648
47 19 -2147483648
47 20 -2147483648
47 21 -2147483648
47 22 -2147483648
47 23 -2147483648
47 24 0
47 25 0
47 26 0
47 27 0
47 28 0
47 29 0
47 30 -2147483648
47 31 -2147483648
47 32 -2147483648
47 33 -2147483648
47 34 -2147483648
47 35 -2147483648
47 36 0
47 37 0
47 38 0
47 39 0
47 40 0
47 41 0
47 42 0
47 43 -2147483648
47 44 -2147483648
47 45 -2147483648
47 46 -2147483648
47 48 -2147483648
47 49 -2147483648
47 50 -2147483648
47 51 0
47 52 0
47 53 0
47 54 0
47 55 0
47 56 0
48 0 3
48 1 -2147483648
48 2 2
48 3 -2147483648
48 4 -2147483648
48 5 -2147483648
48 6 0
48 7 -2147483648
48 8 -2147483648
48 9 -2147483648
48 10 -2147483648
48 11 -2147483648
48 12 0
48 13 0
48 14 -2147483648
48 15 0
48 16 0
48 17 -2147483648
48 18 -2147483648
48 19 -2147483648
48 20 -2147483648
48 21 -2147483648
48 22 -2147483648
48 23 -2147483648
48 24 0
48 25 0
48 26 0
48 27 0
48 28 -2147483648
48 29 -2147483648
48 30 -2147483648
48 31 -2147483648
48 32 -2147483648
48 33 -2147483648
48 34 -2147483648
48 35 -2147483648
48 36 0
48 37 0
48 38 0
48 39 0
48 40 0
48 41 -2147483648
48 42 -2147483648
48 43 -2147483648
48 44 -2147483648
48 45 -2147483648
48 46 -2147483648
48 47 -2147483648
48 49 -2147483648
48 50 -2147483648
48 51 -2147483648
48 52 2
48 53 2
48 54 2
48 55 2
48 56 2
49 0 -2147483648
49 1 -2147483648
49 2 3
49 3 -2147483648
49 4 -2147483648
49 5 -2147483648
49 6 0
49 7 -2147483648
49 8 -2147483648
49 9 -2147483648
49 10 -2147483648
49 11 -2147483648
49 12 0
49 13 0
49 14 -2147483648
49 15 0
49 16 0
49 17 -2147483648
49 18 -2147483648
49 19 -2147483648
49 20 -2147483648
49 21 -2147483648
49 22 -2147483648
49 23 -2147483648
49 24 0
49 25 0
49 26 0
49 27 0
49 28 -2147483648
49 29 -2147483648
49 30 -2147483648
49 31 -2147483648
49 32 -2147483648
49 33 -2147483648
49 34 -2147483648
49 35 -2147483648
49 36 0
49 37 0
49 38 0
49 39 0
49 40 0
49 41 -2147483648
49 42 -2147483648
49 43 -2147483648
49 44 -2147483648
49 45 -2147483648
49 46 -2147483648
49 47 -2147483648
49 48 -2147483648
49 50 -2147483648
49 51 -2147483648
49 52 3
49 53 2
49 54 2
49 55 3
49 56 2
50 0 -2147483648
50 1 -2147483648
50 2 5
50 3 -2147483648
50 4 -2147483648
50 5 -2147483648
50 6 -2147483648
50 7 -2147483648
50 8 -2147483648
50 9 -2147483648
50 10 -2147483648
50 11 -2147483648
50 12 0
50 13 -2147483648
50 14 -2147483648
50 15 -2147483648
50 16 -2147483648
50 17 -2147483648
50 18 -2147483648
50 19 -2147483648
50 20 -2147483648
50 21 -2147483648
50 22 -2147483648
50 23 -2147483648
50 24 0
50 25 0
50 26 0
50 27 0
50 28 -2147483648
50 29 -2147483648
50 30 -2147483648
50 31 -2147483648
50 32 -2147483648
50 33 -2147483648
50 34 -2147483648
50 35 -2147483648
50 36 0
50 37 0
50 38 0
50 39 0
50 40 0
50 41 -2147483648
50 42 -2147483648
50 43 -2147483648
50 44 -2147483648
50 45 -2147483648
50 46 -2147483648
50 47 -2147483648
50 48 -2147483648
50 49 -2147483648
50 51 -2147483648
50 52 4
50 53 2
50 54 2
50 55 3
50 56 2
51 0 0
51 1 1
51 2 -2147483648
51 3 1
51 4 1
51 5 0
51 6 0
51 7 0
51 8 0
51 9 0
51 10 0
51 11 0
51 12 0
51 13 0
51 14 0
51 15 0
51 16 0
51 17 0
51 18 0
51 19 0
51 20 -2147483648
51 21 -2147483648
51 22 0
51 23 -2147483648
51 24 4
51 25 -2147483648
51 26 -2147483648
51 27 -2147483648
51 28 -2147483648
51 29 -2147483648
51 30 -2147483648
51 31 0
51 32 -2147483648
51 33 -2147483648
51 34 -2147483648
51 35 -2147483648
51 36 -2147483648
51 37 -2147483648
51 38 -2147483648
51 39 -2147483648
51 40 -2147483648
51 41 -2147483648
51 42 -2147483648
51 43 0
51 44 0
51 45 0
51 46 1
51 47 0
51 48 -2147483648
51 49 -2147483648
51 50 -2147483648
51 52 -2147483648
51 53 -2147483648
51 54 -2147483648
51 55 -2147483648
51 56 -2147483648
52 0 0
52 1 -2147483648
52 2 4
52 3 -2147483648
52 4 -2147483648
52 5 0
52 6 0
52 7 -2147483648
52 8 -2147483648
52 9 -2147483648
52 10 -2147483648
52 11 -2147483648
52 12 0
52 13 0
52 14 0
52 15 -2147483648
52 16 0
52 17 0
52 18 0
52 19 -2147483648
52 20 -2147483648
52 21 -2147483648
52 22 -2147483648
52 23 -2147483648
52 24 -2147483648
52 25 -2147483648
52 26 -2147483648
52 27 -2147483648
52 28 -2147483648
52 29 -2147483648
52 30 -2147483648
52 31 -2147483648
52 32 -2147483648
52 33 -2147483648
52 34 -2147483648
52 35 -2147483648
52 36 -2147483648
52 37 -2147483648
52 38 -2147483648
52 39 -2147483648
52 40 -2147483648
52 41 -2147483648
52 42 -2147483648
52 43 -2147483648
52 44 -2147483648
52 45 0
52 46 0
52 47 0
52 48 2
52 49 3
52 50 4
52 51 -2147483648
52 53 -2147483648
52 54 -2147483648
52 55 -2147483648
52 56 -2147483648
53 0 0
53 1 -2147483648
53 2 2
53 3 -2147483648
53 4 -2147483648
53 5 0
53 6 0
53 7 0
53 8 -2147483648
53 9 -2147483648
53 10 0
53 11 0
53 12 0
53 13 0
53 14 0
53 15 -2147483648
53 16 0
53 17 0
53 18 0
53 19 -2147483648
53 20 -2147483648
53 21 -2147483648
53 22 -2147483648
53 23 -2147483648
53 24 -2147483648
53 25 -2147483648
53 26 -2147483648
53 27 -2147483648
53 28 -2147483648
53 29 -2147483648
53 30 -2147483648
53 31 -2147483648
53 32 -2147483648
53 33 -2147483648
53 34 -2147483648
53 35 -2147483648
53 36 -2147483648
53 37 5
53 38 -2147483648
53 39 -2147483648
53 40 -2147483648
53 41 -2147483648
53 42 -2147483648
53 43 -2147483648
53 44 -2147483648
53 45 0
53 46 0
53 47 0
53 48 2
53 49 2
53 50 2
53 51 -2147483648
53 52 -2147483648
53 54 -2147483648
53 55 -2147483648
53 56 -2147483648
54 0 0
54 1 -2147483648
54 2 2
54 3 -2147483648
54 4 -2147483648
54 5 0
54 6 0
54 7 0
54 8 0
54 9 0
54 10 0
54 11 0
54 12 0
54 13 0
54 14 0
54 15 0
54 16 0
54 17 0
54 18 0
54 19 -2147483648
54 20 -2147483648
54 21 -2147483648
54 22 -2147483648
54 23 -2147483648
54 24 -2147483648
54 25 -2147483648
54 26 -2147483648
54 27 -2147483648
54 28 -2147483648
54 29 -2147483648
54 30 2
54 31 -2147483648
54 32 -2147483648
54 33 -2147483648
54 34 -2147483648
54 35 -2147483648
54 36 -2147483648
54 37 -2147483648
54 38 -2147483648
54 39 -2147483648
54 40 -2147483648
54 41 -2147483648
54 42 -2147483648
54 43 -2147483648
54 44 -2147483648
54 45 0
54 46 0
54 47 0
54 48 2
54 49 2
54 50 2
54 51 -2147483648
54 52 -2147483648
54 53 -2147483648
54 55 -2147483648
54 56 -2147483648
55 0 0
55 1 -2147483648
55 2 3
55 3 -2147483648
55 4 -2147483648
55 5 0
55 6 0
55 7 0
55 8 -2147483648
55 9 -2147483648
55 10 -2147483648
55 11 0
55 12 0
55 13 0
55 14 0
55 15 -2147483648
55 16 0
55 17 0
55 18 0
55 19 -2147483648
55 20 -2147483648
55 21 -2147483648
55 22 -2147483648
55 23 -2147483648
55 24 -2147483648
55 25 -2147483648
55 26 -2147483648
55 27 -2147483648
55 28 -2147483648
55 29 -2147483648
55 30 -2147483648
55 31 -2147483648
55 32 -2147483648
55 33 -2147483648
55 34 -2147483648
55 35 -2147483648
55 36 -2147483648
55 37 -2147483648
55 38 -2147483648
55 39 -2147483648
55 40 -2147483648
55 41 -2147483648
55 42 -2147483648
55 43 -2147483648
55 44 -2147483648
55 45 0
55 46 0
55 47 0
55 48 2
55 49 3
55 50 3
55 51 -2147483648
55 52 -2147483648
55 53 -2147483648
55 54 -2147483648
55 56 -2147483648
56 0 0
56 1 -2147483648
56 2 2
56 3 -2147483648
56 4 -2147483648
56 5 0
56 6 0
56 7 0
56 8 0
56 9 0
56 10 0
56 11 0
56 12 0
56 13 0
56 14 0
56 15 0
56 16 0
56 17 0
56 18 0
56 19 -2147483648
56 20 -2147483648
56 21 -2147483648
56 22 -2147483648
56 23 -2147483648
56 24 -2147483648
56 25 -2147483648
56 26 -2147483648
56 27 -2147483648
56 28 -2147483648
56 29 -2147483648
56 30 1
56 31 -2147483648
56 32 -2147483648
56 33 -2147483648
56 34 -2147483648
56 35 -2147483648
56 36 -2147483648
56 37 -2147483648
56 38 -2147483648
56 39 -2147483648
56 40 -2147483648
56 41 -2147483648
56 42 -2147483648
56 43 0
56 44 0
56 45 0
56 46 0
56 47 0
56 48 2
56 49 2
56 50 2
56 51 -2147483648
56 52 -2147483648
56 53 -2147483648
56 54 -2147483648
56 55 -2147483648
