0 1 -2147483648
0 2 -2147483648
0 3 -2147483648
0 4 -2147483648
0 5 -2147483648
0 6 1
0 7 -2147483648
0 8 -2147483648
0 9 -2147483648
0 10 -2147483648
0 11 -2147483648
0 12 0
0 13 0
0 14 0
0 15 0
0 16 0
0 17 0
0 18 0
0 19 0
0 20 0
0 21 0
0 22 -2147483648
0 23 -2147483648
0 24 0
0 25 -2147483648
0 26 0
0 27 0
0 28 -2147483648
0 29 -2147483648
0 30 2
0 31 0
0 32 0
0 33 0
0 34 0
0 35 0
0 36 0
0 37 -2147483648
0 38 -2147483648
0 39 -2147483648
0 40 -2147483648
0 41 0
0 42 -2147483648
0 43 -2147483648
0 44 -2147483648
0 45 -2147483648
0 46 -2147483648
0 47 -2147483648
0 48 0
0 49 -2147483648
0 50 -2147483648
0 51 -2147483648
0 52 -2147483648
0 53 -2147483648
0 54 0
0 55 0
0 56 0
0 57 -2147483648
0 58 -2147483648
0 59 0
0 60 0
0 61 0
0 62 0
0 63 -2147483648
0 64 -2147483648
0 65 0
1 0 -2147483648
1 2 -2147483648
1 3 -2147483648
1 4 -2147483648
1 5 -2147483648
1 6 -2147483648
1 7 -2147483648
1 8 0
1 9 -2147483648
1 10 0
1 11 0
1 12 0
1 13 0
1 14 0
1 15 0
1 16 0
1 17 -2147483648
1 18 0
1 19 -2147483648
1 20 -2147483648
1 21 -2147483648
1 22 -2147483648
1 23 -2147483648
1 24 0
1 25 -2147483648
1 26 2
1 27 1
1 28 -2147483648
1 29 -2147483648
1 30 -2147483648
1 31 0
1 32 0
1 33 0
1 34 0
1 35 0
1 36 0
1 37 -2147483648
1 38 -2147483648
1 39 -2147483648
1 40 -2147483648
1 41 0
1 42 -2147483648
1 43 -2147483648
1 44 -2147483648
1 45 -2147483648
1 46 -2147483648
1 47 -2147483648
1 48 0
1 49 -2147483648
1 50 -2147483648
1 51 -2147483648
1 52 -2147483648
1 53 -2147483648
1 54 0
1 55 0
1 56 0
1 57 -2147483648
1 58 -2147483648
1 59 0
1 60 0
1 61 0
1 62 0
1 63 -2147483648
1 64 -2147483648
1 65 0
2 0 -2147483648
2 1 -2147483648
2 3 -2147483648
2 4 -2147483648
2 5 -2147483648
2 6 -2147483648
2 7 -2147483648
2 8 -2147483648
2 9 -2147483648
2 10 -2147483648
2 11 -2147483648
2 12 0
2 13 0
2 14 0
2 15 0
2 16 0
2 17 0
2 18 0
2 19 0
2 20 0
2 21 0
2 22 -2147483648
2 23 -2147483648
2 24 0
2 25 -2147483648
2 26 -2147483648
2 27 -2147483648
2 28 -2147483648
2 29 -2147483648
2 30 -2147483648
2 31 -2147483648
2 32 2
2 33 -2147483648
2 34 -2147483648
2 35 -2147483648
2 36 0
2 37 -2147483648
2 38 -2147483648
2 39 -2147483648
2 40 -2147483648
2 41 0
2 42 0
2 43 0
2 44 0
2 45 0
2 46 0
2 47 0
2 48 -2147483648
2 49 -2147483648
2 50 0
2 51 0
2 52 0
2 53 0
2 54 1
2 55 0
2 56 0
2 57 -2147483648
2 58 -2147483648
2 59 0
2 60 1
2 61 0
2 62 0
2 63 -2147483648
2 64 -2147483648
2 65 0
3 0 -2147483648
3 1 -2147483648
3 2 -2147483648
3 4 -2147483648
3 5 -2147483648
3 6 -2147483648
3 7 -2147483648
3 8 -2147483648
3 9 -2147483648
3 10 -2147483648
3 11 -2147483648
3 12 0
3 13 0
3 14 0
3 15 0
3 16 0
3 17 0
3 18 0
3 19 0
3 20 0
3 21 0
3 22 -2147483648
3 23 -2147483648
3 24 1
3 25 -2147483648
3 26 -2147483648
3 27 -2147483648
3 28 -2147483648
3 29 -2147483648
3 30 -2147483648
3 31 -2147483648
3 32 3
3 33 -2147483648
3 34 -2147483648
3 35 -2147483648
3 36 -2147483648
3 37 -2147483648
3 38 -2147483648
3 39 -2147483648
3 40 -2147483648
3 41 0
3 42 0
3 43 0
3 44 0
3 45 0
3 46 0
3 47 0
3 48 -2147483648
3 49 -2147483648
3 50 0
3 51 0
3 52 0
3 53 0
3 54 -2147483648
3 55 2
3 56 2
3 57 4
3 58 -2147483648
3 59 -2147483648
3 60 -2147483648
3 61 2
3 62 2
3 63 4
3 64 -2147483648
3 65 -2147483648
4 0 -2147483648
4 1 -2147483648
4 2 -2147483648
4 3 -2147483648
4 5 -2147483648
4 6 -2147483648
4 7 -2147483648
4 8 0
4 9 -2147483648
4 10 0
4 11 0
4 12 0
4 13 0
4 14 0
4 15 0
4 16 0
4 17 -2147483648
4 18 -2147483648
4 19 -2147483648
4 20 -2147483648
4 21 -2147483648
4 22 -2147483648
4 23 -2147483648
4 24 -2147483648
4 25 -2147483648
4 26 2
4 27 1
4 28 -2147483648
4 29 -2147483648
4 30 -2147483648
4 31 0
4 32 0
4 33 0
4 34 0
4 35 0
4 36 -2147483648
4 37 -2147483648
4 38 -2147483648
4 39 -2147483648
4 40 -2147483648
4 41 -2147483648
4 42 -2147483648
4 43 -2147483648
4 44 -2147483648
4 45 -2147483648
4 46 -2147483648
4 47 -2147483648
4 48 -2147483648
4 49 -2147483648
4 50 -2147483648
4 51 -2147483648
4 52 -2147483648
4 53 -2147483648
4 54 -2147483648
4 55 0
4 56 0
4 57 -2147483648
4 58 -2147483648
4 59 0
4 60 -2147483648
4 61 0
4 62 0
4 63 -2147483648
4 64 -2147483648
4 65 0
5 0 -2147483648
5 1 -2147483648
5 2 -2147483648
5 3 -2147483648
5 4 -2147483648
5 6 -2147483648
5 7 -2147483648
5 8 0
5 9 -2147483648
5 10 0
5 11 0
5 12 0
5 13 0
5 14 -2147483648
5 15 0
5 16 -2147483648
5 17 -2147483648
5 18 0
5 19 -2147483648
5 20 -2147483648
5 21 -2147483648
5 22 -2147483648
5 23 -2147483648
5 24 0
5 25 -2147483648
5 26 -2147483648
5 27 2
5 28 -2147483648
5 29 -2147483648
5 30 -2147483648
5 31 0
5 32 0
5 33 0
5 34 0
5 35 0
5 36 0
5 37 -2147483648
5 38 -2147483648
5 39 -2147483648
5 40 -2147483648
5 41 0
5 42 -2147483648
5 43 -2147483648
5 44 -2147483648
5 45 -2147483648
5 46 -2147483648
5 47 -2147483648
5 48 0
5 49 -2147483648
5 50 -2147483648
5 51 -2147483648
5 52 -2147483648
5 53 -2147483648
5 54 0
5 55 0
5 56 0
5 57 -2147483648
5 58 -2147483648
5 59 0
5 60 0
5 61 0
5 62 0
5 63 -2147483648
5 64 -2147483648
5 65 0
6 0 1
6 1 -2147483648
6 2 -2147483648
6 3 -2147483648
6 4 -2147483648
6 5 -2147483648
6 7 -2147483648
6 8 -2147483648
6 9 -2147483648
6 10 -2147483648
6 11 -2147483648
6 12 0
6 13 0
6 14 0
6 15 0
6 16 0
6 17 0
6 18 0
6 19 0
6 20 0
6 21 0
6 22 1
6 23 2
6 24 -2147483648
6 25 -2147483648
6 26 0
6 27 0
6 28 0
6 29 0
6 30 1
6 31 0
6 32 0
6 33 0
6 34 0
6 35 -2147483648
6 36 -2147483648
6 37 -2147483648
6 38 -2147483648
6 39 -2147483648
6 40 -2147483648
6 41 -2147483648
6 42 0
6 43 0
6 44 0
6 45 0
6 46 0
6 47 0
6 48 -2147483648
6 49 2
6 50 0
6 51 0
6 52 0
6 53 0
6 54 -2147483648
6 55 -2147483648
6 56 0
6 57 -2147483648
6 58 2
6 59 -2147483648
6 60 -2147483648
6 61 -2147483648
6 62 0
6 63 -2147483648
6 64 2
6 65 -2147483648
7 0 -2147483648
7 1 -2147483648
7 2 -2147483648
7 3 -2147483648
7 4 -2147483648
7 5 -2147483648
7 6 -2147483648
7 8 -2147483648
7 9 -2147483648
7 10 -2147483648
7 11 -2147483648
7 12 0
7 13 0
7 14 0
7 15 0
7 16 0
7 17 -2147483648
7 18 0
7 19 -2147483648
7 20 -2147483648
7 21 -2147483648
7 22 -2147483648
7 23 -2147483648
7 24 -2147483648
7 25 -2147483648
7 26 -2147483648
7 27 0
7 28 -2147483648
7 29 0
7 30 -2147483648
7 31 0
7 32 0
7 33 0
7 34 0
7 35 -2147483648
7 36 -2147483648
7 37 -2147483648
7 38 -2147483648
7 39 -2147483648
7 40 -2147483648
7 41 0
7 42 -2147483648
7 43 0
7 44 -2147483648
7 45 0
7 46 0
7 47 0
7 48 -2147483648
7 49 -2147483648
7 50 -2147483648
7 51 -2147483648
7 52 2
7 53 1
7 54 -2147483648
7 55 -2147483648
7 56 0
7 57 -2147483648
7 58 -2147483648
7 59 -2147483648
7 60 -2147483648
7 61 -2147483648
7 62 0
7 63 -2147483648
7 64 -2147483648
7 65 -2147483648
8 0 -2147483648
8 1 0
8 2 -2147483648
8 3 -2147483648
8 4 0
8 5 0
8 6 -2147483648
8 7 -2147483648
8 9 -2147483648
8 10 -2147483648
8 11 -2147483648
8 12 0
8 13 0
8 14 0
8 15 0
8 16 0
8 17 0
8 18 0
8 19 0
8 20 0
8 21 0
8 22 -2147483648
8 23 -2147483648
8 24 -2147483648
8 25 -2147483648
8 26 -2147483648
8 27 -2147483648
8 28 -2147483648
8 29 -2147483648
8 30 -2147483648
8 31 2
8 32 -2147483648
8 33 2
8 34 2
8 35 4
8 36 -2147483648
8 37 -2147483648
8 38 -2147483648
8 39 -2147483648
8 40 -2147483648
8 41 0
8 42 1
8 43 -2147483648
8 44 -2147483648
8 45 -2147483648
8 46 -2147483648
8 47 -2147483648
8 48 3
8 49 -2147483648
8 50 -2147483648
8 51 -2147483648
8 52 -2147483648
8 53 -2147483648
8 54 2
8 55 -2147483648
8 56 0
8 57 -2147483648
8 58 -2147483648
8 59 -2147483648
8 60 2
8 61 -2147483648
8 62 0
8 63 -2147483648
8 64 -2147483648
8 65 -2147483648
9 0 -2147483648
9 1 -2147483648
9 2 -2147483648
9 3 -2147483648
9 4 -2147483648
9 5 -2147483648
9 6 -2147483648
9 7 -2147483648
9 8 -2147483648
9 10 -2147483648
9 11 -2147483648
9 12 0
9 13 0
9 14 0
9 15 0
9 16 0
9 17 -2147483648
9 18 0
9 19 -2147483648
9 20 -2147483648
9 21 -2147483648
9 22 -2147483648
9 23 -2147483648
9 24 -2147483648
9 25 -2147483648
9 26 -2147483648
9 27 0
9 28 -2147483648
9 29 0
9 30 -2147483648
9 31 0
9 32 0
9 33 -2147483648
9 34 0
9 35 -2147483648
9 36 -2147483648
9 37 -2147483648
9 38 -2147483648
9 39 -2147483648
9 40 -2147483648
9 41 0
9 42 -2147483648
9 43 0
9 44 -2147483648
9 45 0
9 46 0
9 47 0
9 48 -2147483648
9 49 -2147483648
9 50 -2147483648
9 51 -2147483648
9 52 2
9 53 1
9 54 -2147483648
9 55 -2147483648
9 56 -2147483648
9 57 -2147483648
9 58 -2147483648
9 59 -2147483648
9 60 -2147483648
9 61 -2147483648
9 62 -2147483648
9 63 -2147483648
9 64 -2147483648
9 65 -2147483648
10 0 -2147483648
10 1 0
10 2 -2147483648
10 3 -2147483648
10 4 0
10 5 0
10 6 -2147483648
10 7 -2147483648
10 8 -2147483648
10 9 -2147483648
10 11 -2147483648
10 12 0
10 13 0
10 14 0
10 15 0
10 16 0
10 17 0
10 18 0
10 19 0
10 20 0
10 21 0
10 22 -2147483648
10 23 -2147483648
10 24 -2147483648
10 25 -2147483648
10 26 -2147483648
10 27 -2147483648
10 28 -2147483648
10 29 -2147483648
10 30 -2147483648
10 31 2
10 32 -2147483648
10 33 -2147483648
10 34 2
10 35 -2147483648
10 36 -2147483648
10 37 -2147483648
10 38 -2147483648
10 39 -2147483648
10 40 -2147483648
10 41 0
10 42 1
10 43 -2147483648
10 44 -2147483648
10 45 -2147483648
10 46 -2147483648
10 47 -2147483648
10 48 -2147483648
10 49 -2147483648
10 50 -2147483648
10 51 -2147483648
10 52 -2147483648
10 53 -2147483648
10 54 -2147483648
10 55 -2147483648
10 56 -2147483648
10 57 -2147483648
10 58 -2147483648
10 59 -2147483648
10 60 -2147483648
10 61 -2147483648
10 62 -2147483648
10 63 -2147483648
10 64 -2147483648
10 65 -2147483648
11 0 -2147483648
11 1 0
11 2 -2147483648
11 3 -2147483648
11 4 0
11 5 0
11 6 -2147483648
11 7 -2147483648
11 8 -2147483648
11 9 -2147483648
11 10 -2147483648
11 12 0
11 13 0
11 14 0
11 15 0
11 16 0
11 17 0
11 18 0
11 19 0
11 20 0
11 21 0
11 22 -2147483648
11 23 -2147483648
11 24 2
11 25 -2147483648
11 26 -2147483648
11 27 -2147483648
11 28 -2147483648
11 29 -2147483648
11 30 -2147483648
11 31 3
11 32 -2147483648
11 33 4
11 34 3
11 35 -2147483648
11 36 -2147483648
11 37 -2147483648
11 38 -2147483648
11 39 -2147483648
11 40 -2147483648
11 41 0
11 42 1
11 43 -2147483648
11 44 -2147483648
11 45 -2147483648
11 46 -2147483648
11 47 -2147483648
11 48 -2147483648
11 49 -2147483648
11 50 -2147483648
11 51 -2147483648
11 52 -2147483648
11 53 -2147483648
11 54 -2147483648
11 55 3
11 56 2
11 57 2
11 58 -2147483648
11 59 -2147483648
11 60 -2147483648
11 61 3
11 62 2
11 63 2
11 64 -2147483648
11 65 -2147483648
12 0 0
12 1 0
12 2 0
12 3 0
12 4 0
12 5 0
12 6 0
12 7 0
12 8 0
12 9 0
12 10 0
12 11 0
12 13 -2147483648
12 14 -2147483648
12 15 -2147483648
12 16 -2147483648
12 17 -2147483648
12 18 -2147483648
12 19 0
12 20 0
12 21 0
12 22 0
12 23 0
12 24 -2147483648
12 25 -2147483648
12 26 -2147483648
12 27 -2147483648
12 28 -2147483648
12 29 -2147483648
12 30 0
12 31 0
12 32 0
12 33 0
12 34 0
12 35 0
12 36 0
12 37 0
12 38 0
12 39 0
12 40 0
12 41 0
12 42 0
12 43 -2147483648
12 44 0
12 45 -2147483648
12 46 -2147483648
12 47 -2147483648
12 48 0
12 49 0
12 50 0
12 51 0
12 52 0
12 53 0
12 54 0
12 55 0
12 56 0
12 57 0
12 58 0
12 59 0
12 60 0
12 61 0
12 62 0
12 63 0
12 64 0
12 65 0
13 0 0
13 1 0
13 2 0
13 3 0
13 4 0
13 5 0
13 6 0
13 7 0
13 8 0
13 9 0
13 10 0
13 11 0
13 12 -2147483648
13 14 -2147483648
13 15 -2147483648
13 16 -2147483648
13 17 -2147483648
13 18 -2147483648
13 19 0
13 20 0
13 21 0
13 22 0
13 23 0
13 24 -2147483648
13 25 -2147483648
13 26 -2147483648
13 27 -2147483648
13 28 -2147483648
13 29 -2147483648
13 30 0
13 31 0
13 32 0
13 33 0
13 34 0
13 35 0
13 36 0
13 37 0
13 38 0
13 39 0
13 40 0
13 41 0
13 42 0
13 43 -2147483648
13 44 1
13 45 -2147483648
13 46 -2147483648
13 47 -2147483648
13 48 0
13 49 0
13 50 -2147483648
13 51 -2147483648
13 52 -2147483648
13 53 -2147483648
13 54 0
13 55 0
13 56 0
13 57 0
13 58 0
13 59 0
13 60 0
13 61 0
13 62 0
13 63 0
13 64 0
13 65 0
14 0 0
14 1 0
14 2 0
14 3 0
14 4 0
14 5 -2147483648
14 6 0
14 7 0
14 8 0
14 9 0
14 10 0
14 11 0
14 12 -2147483648
14 13 -2147483648
14 15 -2147483648
14 16 -2147483648
14 17 -2147483648
14 18 -2147483648
14 19 1
14 20 0
14 21 2
14 22 0
14 23 0
14 24 -2147483648
14 25 -2147483648
14 26 -2147483648
14 27 -2147483648
14 28 -2147483648
14 29 -2147483648
14 30 0
14 31 0
14 32 0
14 33 0
14 34 0
14 35 0
14 36 0
14 37 0
14 38 0
14 39 0
14 40 0
14 41 0
14 42 -2147483648
14 43 -2147483648
14 44 1
14 45 -2147483648
14 46 2
14 47 0
14 48 0
14 49 0
14 50 -2147483648
14 51 -2147483648
14 52 -2147483648
14 53 -2147483648
14 54 0
14 55 0
14 56 0
14 57 0
14 58 0
14 59 0
14 60 0
14 61 0
14 62 0
14 63 0
14 64 0
14 65 0
15 0 0
15 1 0
15 2 0
15 3 0
15 4 0
15 5 0
15 6 0
15 7 0
15 8 0
15 9 0
15 10 0
15 11 0
15 12 -2147483648
15 13 -2147483648
15 14 -2147483648
15 16 -2147483648
15 17 -2147483648
15 18 -2147483648
15 19 0
15 20 0
15 21 0
15 22 0
15 23 0
15 24 -2147483648
15 25 -2147483648
15 26 -2147483648
15 27 -2147483648
15 28 -2147483648
15 29 -2147483648
15 30 0
15 31 0
15 32 0
15 33 0
15 34 0
15 35 0
15 36 0
15 37 0
15 38 0
15 39 0
15 40 0
15 41 0
15 42 0
15 43 -2147483648
15 44 1
15 45 -2147483648
15 46 -2147483648
15 47 -2147483648
15 48 0
15 49 0
15 50 -2147483648
15 51 -2147483648
15 52 -2147483648
15 53 -2147483648
15 54 0
15 55 0
15 56 0
15 57 0
15 58 0
15 59 0
15 60 0
15 61 0
15 62 0
15 63 0
15 64 0
15 65 0
16 0 0
16 1 0
16 2 0
16 3 0
16 4 0
16 5 -2147483648
16 6 0
16 7 0
16 8 0
16 9 0
16 10 0
16 11 0
16 12 -2147483648
16 13 -2147483648
16 14 -2147483648
16 15 -2147483648
16 17 -2147483648
16 18 -2147483648
16 19 1
16 20 0
16 21 2
16 22 0
16 23 0
16 24 -2147483648
16 25 -2147483648
16 26 -2147483648
16 27 -2147483648
16 28 -2147483648
16 29 -2147483648
16 30 0
16 31 0
16 32 0
16 33 0
16 34 0
16 35 0
16 36 0
16 37 0
16 38 0
16 39 0
16 40 0
16 41 0
16 42 -2147483648
16 43 -2147483648
16 44 1
16 45 -2147483648
16 46 2
16 47 0
16 48 0
16 49 0
16 50 -2147483648
16 51 -2147483648
16 52 -2147483648
16 53 -2147483648
16 54 0
16 55 0
16 56 0
16 57 0
16 58 0
16 59 0
16 60 0
16 61 0
16 62 0
16 63 0
16 64 0
16 65 0
17 0 0
17 1 -2147483648
17 2 0
17 3 0
17 4 -2147483648
17 5 -2147483648
17 6 0
17 7 -2147483648
17 8 0
17 9 -2147483648
17 10 0
17 11 0
17 12 -2147483648
17 13 -2147483648
17 14 -2147483648
17 15 -2147483648
17 16 -2147483648
17 18 -2147483648
17 19 5
17 20 -2147483648
17 21 -2147483648
17 22 -2147483648
17 23 -2147483648
17 24 -2147483648
17 25 -2147483648
17 26 -2147483648
17 27 -2147483648
17 28 -2147483648
17 29 -2147483648
17 30 0
17 31 0
17 32 0
17 33 0
17 34 0
17 35 0
17 36 0
17 37 0
17 38 0
17 39 0
17 40 0
17 41 0
17 42 -2147483648
17 43 -2147483648
17 44 -2147483648
17 45 -2147483648
17 46 3
17 47 -2147483648
17 48 -2147483648
17 49 0
17 50 -2147483648
17 51 -2147483648
17 52 -2147483648
17 53 -2147483648
17 54 -2147483648
17 55 0
17 56 0
17 57 0
17 58 0
17 59 0
17 60 -2147483648
17 61 0
17 62 0
17 63 0
17 64 0
17 65 0
18 0 0
18 1 0
18 2 0
18 3 0
18 4 -2147483648
18 5 0
18 6 0
18 7 0
18 8 0
18 9 0
18 10 0
18 11 0
18 12 -2147483648
18 13 -2147483648
18 14 -2147483648
18 15 -2147483648
18 16 -2147483648
18 17 -2147483648
18 19 -2147483648
18 20 -2147483648
18 21 -2147483648
18 22 -2147483648
18 23 -2147483648
18 24 -2147483648
18 25 -2147483648
18 26 -2147483648
18 27 3
18 28 -2147483648
18 29 -2147483648
18 30 0
18 31 0
18 32 0
18 33 0
18 34 0
18 35 0
18 36 0
18 37 0
18 38 0
18 39 0
18 40 0
18 41 0
18 42 0
18 43 -2147483648
18 44 -2147483648
18 45 -2147483648
18 46 -2147483648
18 47 -2147483648
18 48 -2147483648
18 49 0
18 50 -2147483648
18 51 -2147483648
18 52 -2147483648
18 53 -2147483648
18 54 -2147483648
18 55 0
18 56 0
18 57 0
18 58 0
18 59 0
18 60 -2147483648
18 61 0
18 62 0
18 63 0
18 64 0
18 65 0
19 0 0
19 1 -2147483648
19 2 0
19 3 0
19 4 -2147483648
19 5 -2147483648
19 6 0
19 7 -2147483648
19 8 0
19 9 -2147483648
19 10 0
19 11 0
19 12 0
19 13 0
19 14 1
19 15 0
19 16 1
19 17 5
19 18 -2147483648
19 20 -2147483648
19 21 -2147483648
19 22 -2147483648
19 23 -2147483648
19 24 -2147483648
19 25 -2147483648
19 26 -2147483648
19 27 -2147483648
19 28 -2147483648
19 29 -2147483648
19 30 0
19 31 0
19 32 0
19 33 0
19 34 0
19 35 0
19 36 0
19 37 0
19 38 0
19 39 0
19 40 0
19 41 0
19 42 -2147483648
19 43 2
19 44 -2147483648
19 45 -2147483648
19 46 2
19 47 -2147483648
19 48 -2147483648
19 49 0
19 50 -2147483648
19 51 -2147483648
19 52 -2147483648
19 53 -2147483648
19 54 -2147483648
19 55 0
19 56 0
19 57 0
19 58 0
19 59 0
19 60 -2147483648
19 61 0
19 62 0
19 63 0
19 64 0
19 65 0
20 0 0
20 1 -2147483648
20 2 0
20 3 0
20 4 -2147483648
20 5 -2147483648
20 6 0
20 7 -2147483648
20 8 0
20 9 -2147483648
20 10 0
20 11 0
20 12 0
20 13 0
20 14 0
20 15 0
20 16 0
20 17 -2147483648
20 18 -2147483648
20 19 -2147483648
20 21 -2147483648
20 22 -2147483648
20 23 -2147483648
20 24 -2147483648
20 25 -2147483648
20 26 -2147483648
20 27 -2147483648
20 28 -2147483648
20 29 -2147483648
20 30 0
20 31 0
20 32 0
20 33 0
20 34 0
20 35 0
20 36 0
20 37 0
20 38 0
20 39 0
20 40 0
20 41 0
20 42 -2147483648
20 43 -2147483648
20 44 -2147483648
20 45 2
20 46 -2147483648
20 47 -2147483648
20 48 -2147483648
20 49 0
20 50 -2147483648
20 51 -2147483648
20 52 -2147483648
20 53 -2147483648
20 54 -2147483648
20 55 0
20 56 0
20 57 0
20 58 0
20 59 0
20 60 -2147483648
20 61 0
20 62 0
20 63 0
20 64 0
20 65 0
21 0 0
21 1 -2147483648
21 2 0
21 3 0
21 4 -2147483648
21 5 -2147483648
21 6 0
21 7 -2147483648
21 8 0
21 9 -2147483648
21 10 0
21 11 0
21 12 0
21 13 0
21 14 2
21 15 0
21 16 2
21 17 -2147483648
21 18 -2147483648
21 19 -2147483648
21 20 -2147483648
21 22 -2147483648
21 23 -2147483648
21 24 -2147483648
21 25 -2147483648
21 26 -2147483648
21 27 -2147483648
21 28 -2147483648
21 29 -2147483648
21 30 0
21 31 0
21 32 0
21 33 0
21 34 0
21 35 0
21 36 0
21 37 0
21 38 0
21 39 0
21 40 0
21 41 0
21 42 -2147483648
21 43 1
21 44 -2147483648
21 45 0
21 46 1
21 47 0
21 48 -2147483648
21 49 0
21 50 -2147483648
21 51 -2147483648
21 52 -2147483648
21 53 -2147483648
21 54 -2147483648
21 55 0
21 56 0
21 57 0
21 58 0
21 59 0
21 60 -2147483648
21 61 0
21 62 0
21 63 0
21 64 0
21 65 0
22 0 -2147483648
22 1 -2147483648
22 2 -2147483648
22 3 -2147483648
22 4 -2147483648
22 5 -2147483648
22 6 1
22 7 -2147483648
22 8 -2147483648
22 9 -2147483648
22 10 -2147483648
22 11 -2147483648
22 12 0
22 13 0
22 14 0
22 15 0
22 16 0
22 17 -2147483648
22 18 -2147483648
22 19 -2147483648
22 20 -2147483648
22 21 -2147483648
22 23 -2147483648
22 24 -2147483648
22 25 -2147483648
22 26 -2147483648
22 27 -2147483648
22 28 -2147483648
22 29 -2147483648
22 30 2
22 31 0
22 32 0
22 33 0
22 34 0
22 35 0
22 36 0
22 37 -2147483648
22 38 -2147483648
22 39 -2147483648
22 40 -2147483648
22 41 0
22 42 -2147483648
22 43 -2147483648
22 44 -2147483648
22 45 3
22 46 -2147483648
22 47 -2147483648
22 48 -2147483648
22 49 -2147483648
22 50 -2147483648
22 51 -2147483648
22 52 -2147483648
22 53 -2147483648
22 54 -2147483648
22 55 0
22 56 0
22 57 -2147483648
22 58 -2147483648
22 59 0
22 60 -2147483648
22 61 0
22 62 0
22 63 -2147483648
22 64 -2147483648
22 65 0
23 0 -2147483648
23 1 -2147483648
23 2 -2147483648
23 3 -2147483648
23 4 -2147483648
23 5 -2147483648
23 6 2
23 7 -2147483648
23 8 -2147483648
23 9 -2147483648
23 10 -2147483648
23 11 -2147483648
23 12 0
23 13 0
23 14 0
23 15 0
23 16 0
23 17 -2147483648
23 18 -2147483648
23 19 -2147483648
23 20 -2147483648
23 21 -2147483648
23 22 -2147483648
23 24 -2147483648
23 25 -2147483648
23 26 -2147483648
23 27 -2147483648
23 28 -2147483648
23 29 -2147483648
23 30 2
23 31 0
23 32 0
23 33 0
23 34 0
23 35 0
23 36 -2147483648
23 37 -2147483648
23 38 -2147483648
23 39 -2147483648
23 40 -2147483648
23 41 -2147483648
23 42 -2147483648
23 43 -2147483648
23 44 -2147483648
23 45 3
23 46 -2147483648
23 47 -2147483648
23 48 -2147483648
23 49 -2147483648
23 50 -2147483648
23 51 -2147483648
23 52 -2147483648
23 53 -2147483648
23 54 -2147483648
23 55 0
23 56 0
23 57 -2147483648
23 58 -2147483648
23 59 0
23 60 -2147483648
23 61 0
23 62 0
23 63 -2147483648
23 64 -2147483648
23 65 0
24 0 0
24 1 0
24 2 0
24 3 1
24 4 -2147483648
24 5 0
24 6 -2147483648
24 7 -2147483648
24 8 -2147483648
24 9 -2147483648
24 10 -2147483648
24 11 2
24 12 -2147483648
24 13 -2147483648
24 14 -2147483648
24 15 -2147483648
24 16 -2147483648
24 17 -2147483648
24 18 -2147483648
24 19 -2147483648
24 20 -2147483648
24 21 -2147483648
24 22 -2147483648
24 23 -2147483648
24 25 -2147483648
24 26 -2147483648
24 27 -2147483648
24 28 -2147483648
24 29 -2147483648
24 30 -2147483648
24 31 0
24 32 0
24 33 1
24 34 0
24 35 -2147483648
24 36 -2147483648
24 37 -2147483648
24 38 -2147483648
24 39 -2147483648
24 40 -2147483648
24 41 -2147483648
24 42 0
24 43 0
24 44 -2147483648
24 45 0
24 46 0
24 47 0
24 48 -2147483648
24 49 -2147483648
24 50 -2147483648
24 51 -2147483648
24 52 -2147483648
24 53 -2147483648
24 54 -2147483648
24 55 2
24 56 1
24 57 -2147483648
24 58 -2147483648
24 59 -2147483648
24 60 -2147483648
24 61 2
24 62 1
24 63 -2147483648
24 64 -2147483648
24 65 -2147483648
25 0 -2147483648
25 1 -2147483648
25 2 -2147483648
25 3 -2147483648
25 4 -2147483648
25 5 -2147483648
25 6 -2147483648
25 7 -2147483648
25 8 -2147483648
25 9 -2147483648
25 10 -2147483648
25 11 -2147483648
25 12 -2147483648
25 13 -2147483648
25 14 -2147483648
25 15 -2147483648
25 16 -2147483648
25 17 -2147483648
25 18 -2147483648
25 19 -2147483648
25 20 -2147483648
25 21 -2147483648
25 22 -2147483648
25 23 -2147483648
25 24 -2147483648
25 26 -2147483648
25 27 -2147483648
25 28 -2147483648
25 29 -2147483648
25 30 -2147483648
25 31 -2147483648
25 32 -2147483648
25 33 -2147483648
25 34 -2147483648
25 35 -2147483648
25 36 0
25 37 -2147483648
25 38 3
25 39 -2147483648
25 40 -2147483648
25 41 0
25 42 0
25 43 0
25 44 -2147483648
25 45 0
25 46 0
25 47 0
25 48 -2147483648
25 49 -2147483648
25 50 -2147483648
25 51 -2147483648
25 52 -2147483648
25 53 -2147483648
25 54 -2147483648
25 55 -2147483648
25 56 -2147483648
25 57 -2147483648
25 58 -2147483648
25 59 -2147483648
25 60 -2147483648
25 61 -2147483648
25 62 -2147483648
25 63 -2147483648
25 64 -2147483648
25 65 -2147483648
26 0 0
26 1 2
26 2 -2147483648
26 3 -2147483648
26 4 2
26 5 -2147483648
26 6 0
26 7 -2147483648
26 8 -2147483648
26 9 -2147483648
26 10 -2147483648
26 11 -2147483648
26 12 -2147483648
26 13 -2147483648
26 14 -2147483648
26 15 -2147483648
26 16 -2147483648
26 17 -2147483648
26 18 -2147483648
26 19 -2147483648
26 20 -2147483648
26 21 -2147483648
26 22 -2147483648
26 23 -2147483648
26 24 -2147483648
26 25 -2147483648
26 27 -2147483648
26 28 -2147483648
26 29 -2147483648
26 30 0
26 31 -2147483648
26 32 -2147483648
26 33 -2147483648
26 34 -2147483648
26 35 -2147483648
26 36 0
26 37 0
26 38 1
26 39 0
26 40 0
26 41 0
26 42 -2147483648
26 43 -2147483648
26 44 -2147483648
26 45 -2147483648
26 46 -2147483648
26 47 -2147483648
26 48 -2147483648
26 49 0
26 50 -2147483648
26 51 -2147483648
26 52 -2147483648
26 53 -2147483648
26 54 0
26 55 0
26 56 0
26 57 0
26 58 0
26 59 0
26 60 0
26 61 0
26 62 0
26 63 0
26 64 0
26 65 0
27 0 0
27 1 1
27 2 -2147483648
27 3 -2147483648
27 4 1
27 5 2
27 6 0
27 7 0
27 8 -2147483648
27 9 0
27 10 -2147483648
27 11 -2147483648
27 12 -2147483648
27 13 -2147483648
27 14 -2147483648
27 15 -2147483648
27 16 -2147483648
27 17 -2147483648
27 18 3
27 19 -2147483648
27 20 -2147483648
27 21 -2147483648
27 22 -2147483648
27 23 -2147483648
27 24 -2147483648
27 25 -2147483648
27 26 -2147483648
27 28 -2147483648
27 29 -2147483648
27 30 0
27 31 -2147483648
27 32 -2147483648
27 33 -2147483648
27 34 -2147483648
27 35 -2147483648
27 36 0
27 37 0
27 38 1
27 39 0
27 40 0
27 41 0
27 42 0
27 43 -2147483648
27 44 -2147483648
27 45 -2147483648
27 46 -2147483648
27 47 -2147483648
27 48 -2147483648
27 49 0
27 50 -2147483648
27 51 -2147483648
27 52 0
27 53 0
27 54 0
27 55 0
27 56 0
27 57 0
27 58 0
27 59 0
27 60 0
27 61 0
27 62 0
27 63 0
27 64 0
27 65 0
28 0 -2147483648
28 1 -2147483648
28 2 -2147483648
28 3 -2147483648
28 4 -2147483648
28 5 -2147483648
28 6 0
28 7 -2147483648
28 8 -2147483648
28 9 -2147483648
28 10 -2147483648
28 11 -2147483648
28 12 -2147483648
28 13 -2147483648
28 14 -2147483648
28 15 -2147483648
28 16 -2147483648
28 17 -2147483648
28 18 -2147483648
28 19 -2147483648
28 20 -2147483648
28 21 -2147483648
28 22 -2147483648
28 23 -2147483648
28 24 -2147483648
28 25 -2147483648
28 26 -2147483648
28 27 -2147483648
28 29 -2147483648
28 30 0
28 31 -2147483648
28 32 -2147483648
28 33 -2147483648
28 34 -2147483648
28 35 -2147483648
28 36 0
28 37 0
28 38 1
28 39 0
28 40 0
28 41 0
28 42 -2147483648
28 43 -2147483648
28 44 -2147483648
28 45 -2147483648
28 46 -2147483648
28 47 -2147483648
28 48 -2147483648
28 49 1
28 50 3
28 51 5
28 52 -2147483648
28 53 -2147483648
28 54 0
28 55 0
28 56 0
28 57 0
28 58 2
28 59 0
28 60 0
28 61 0
28 62 0
28 63 0
28 64 2
28 65 0
29 0 -2147483648
29 1 -2147483648
29 2 -2147483648
29 3 -2147483648
29 4 -2147483648
29 5 -2147483648
29 6 0
29 7 0
29 8 -2147483648
29 9 0
29 10 -2147483648
29 11 -2147483648
29 12 -2147483648
29 13 -2147483648
29 14 -2147483648
29 15 -2147483648
29 16 -2147483648
29 17 -2147483648
29 18 -2147483648
29 19 -2147483648
29 20 -2147483648
29 21 -2147483648
29 22 -2147483648
29 23 -2147483648
29 24 -2147483648
29 25 -2147483648
29 26 -2147483648
29 27 -2147483648
29 28 -2147483648
29 30 0
29 31 -2147483648
29 32 -2147483648
29 33 -2147483648
29 34 -2147483648
29 35 -2147483648
29 36 0
29 37 0
29 38 1
29 39 0
29 40 0
29 41 0
29 42 -2147483648
29 43 -2147483648
29 44 -2147483648
29 45 -2147483648
29 46 -2147483648
29 47 -2147483648
29 48 -2147483648
29 49 1
29 50 2
29 51 -2147483648
29 52 1
29 53 -2147483648
29 54 0
29 55 0
29 56 0
29 57 0
29 58 2
29 59 0
29 60 0
29 61 0
29 62 0
29 63 0
29 64 2
29 65 0
30 0 2
30 1 -2147483648
30 2 -2147483648
30 3 -2147483648
30 4 -2147483648
30 5 -2147483648
30 6 1
30 7 -2147483648
30 8 -2147483648
30 9 -2147483648
30 10 -2147483648
30 11 -2147483648
30 12 0
30 13 0
30 14 0
30 15 0
30 16 0
30 17 0
30 18 0
30 19 0
30 20 0
30 21 0
30 22 2
30 23 2
30 24 -2147483648
30 25 -2147483648
30 26 0
30 27 0
30 28 0
30 29 0
30 31 -2147483648
30 32 -2147483648
30 33 -2147483648
30 34 -2147483648
30 35 -2147483648
30 36 -2147483648
30 37 -2147483648
30 38 -2147483648
30 39 -2147483648
30 40 -2147483648
30 41 0
30 42 -2147483648
30 43 0
30 44 0
30 45 0
30 46 0
30 47 0
30 48 -2147483648
30 49 2
30 50 0
30 51 0
30 52 1
30 53 1
30 54 -2147483648
30 55 -2147483648
30 56 -2147483648
30 57 -2147483648
30 58 2
30 59 -2147483648
30 60 -2147483648
30 61 -2147483648
30 62 -2147483648
30 63 -2147483648
30 64 2
30 65 -2147483648
31 0 0
31 1 0
31 2 -2147483648
31 3 -2147483648
31 4 0
31 5 0
31 6 0
31 7 0
31 8 2
31 9 0
31 10 2
31 11 3
31 12 0
31 13 0
31 14 0
31 15 0
31 16 0
31 17 0
31 18 0
31 19 0
31 20 0
31 21 0
31 22 0
31 23 0
31 24 0
31 25 -2147483648
31 26 -2147483648
31 27 -2147483648
31 28 -2147483648
31 29 -2147483648
31 30 -2147483648
31 32 -2147483648
31 33 -2147483648
31 34 -2147483648
31 35 -2147483648
31 36 0
31 37 -2147483648
31 38 -2147483648
31 39 -2147483648
31 40 2
31 41 1
31 42 0
31 43 0
31 44 0
31 45 0
31 46 0
31 47 0
31 48 1
31 49 0
31 50 0
31 51 0
31 52 0
31 53 0
31 54 0
31 55 1
31 56 -2147483648
31 57 1
31 58 -2147483648
31 59 2
31 60 0
31 61 1
31 62 -2147483648
31 63 1
31 64 -2147483648
31 65 2
32 0 0
32 1 0
32 2 2
32 3 3
32 4 0
32 5 0
32 6 0
32 7 0
32 8 -2147483648
32 9 0
32 10 -2147483648
32 11 -2147483648
32 12 0
32 13 0
32 14 0
32 15 0
32 16 0
32 17 0
32 18 0
32 19 0
32 20 0
32 21 0
32 22 0
32 23 0
32 24 0
32 25 -2147483648
32 26 -2147483648
32 27 -2147483648
32 28 -2147483648
32 29 -2147483648
32 30 -2147483648
32 31 -2147483648
32 33 -2147483648
32 34 -2147483648
32 35 -2147483648
32 36 0
32 37 -2147483648
32 38 -2147483648
32 39 -2147483648
32 40 2
32 41 1
32 42 0
32 43 0
32 44 0
32 45 0
32 46 0
32 47 0
32 48 -2147483648
32 49 0
32 50 0
32 51 0
32 52 0
32 53 0
32 54 0
32 55 1
32 56 -2147483648
32 57 1
32 58 0
32 59 2
32 60 0
32 61 1
32 62 -2147483648
32 63 1
32 64 0
32 65 2
33 0 0
33 1 0
33 2 -2147483648
33 3 -2147483648
33 4 0
33 5 0
33 6 0
33 7 0
33 8 2
33 9 -2147483648
33 10 -2147483648
33 11 4
33 12 0
33 13 0
33 14 0
33 15 0
33 16 0
33 17 0
33 18 0
33 19 0
33 20 0
33 21 0
33 22 0
33 23 0
33 24 1
33 25 -2147483648
33 26 -2147483648
33 27 -2147483648
33 28 -2147483648
33 29 -2147483648
33 30 -2147483648
33 31 -2147483648
33 32 -2147483648
33 34 -2147483648
33 35 -2147483648
33 36 -2147483648
33 37 -2147483648
33 38 -2147483648
33 39 -2147483648
33 40 -2147483648
33 41 1
33 42 0
33 43 0
33 44 0
33 45 0
33 46 0
33 47 0
33 48 1
33 49 0
33 50 0
33 51 0
33 52 0
33 53 0
33 54 0
33 55 2
33 56 -2147483648
33 57 2
33 58 -2147483648
33 59 -2147483648
33 60 0
33 61 2
33 62 -2147483648
33 63 2
33 64 -2147483648
33 65 -2147483648
34 0 0
34 1 0
34 2 -2147483648
34 3 -2147483648
34 4 0
34 5 0
34 6 0
34 7 0
34 8 2
34 9 0
34 10 2
34 11 3
34 12 0
34 13 0
34 14 0
34 15 0
34 16 0
34 17 0
34 18 0
34 19 0
34 20 0
34 21 0
34 22 0
34 23 0
34 24 0
34 25 -2147483648
34 26 -2147483648
34 27 -2147483648
34 28 -2147483648
34 29 -2147483648
34 30 -2147483648
34 31 -2147483648
34 32 -2147483648
34 33 -2147483648
34 35 -2147483648
34 36 0
34 37 -2147483648
34 38 -2147483648
34 39 -2147483648
34 40 2
34 41 1
34 42 0
34 43 0
34 44 0
34 45 0
34 46 0
34 47 0
34 48 1
34 49 0
34 50 0
34 51 0
34 52 0
34 53 0
34 54 0
34 55 1
34 56 -2147483648
34 57 1
34 58 -2147483648
34 59 -2147483648
34 60 0
34 61 1
34 62 -2147483648
34 63 1
34 64 -2147483648
34 65 -2147483648
35 0 0
35 1 0
35 2 -2147483648
35 3 -2147483648
35 4 0
35 5 0
35 6 -2147483648
35 7 -2147483648
35 8 4
35 9 -2147483648
35 10 -2147483648
35 11 -2147483648
35 12 0
35 13 0
35 14 0
35 15 0
35 16 0
35 17 0
35 18 0
35 19 0
35 20 0
35 21 0
35 22 0
35 23 0
35 24 -2147483648
35 25 -2147483648
35 26 -2147483648
35 27 -2147483648
35 28 -2147483648
35 29 -2147483648
35 30 -2147483648
35 31 -2147483648
35 32 -2147483648
35 33 -2147483648
35 34 -2147483648
35 36 -2147483648
35 37 -2147483648
35 38 -2147483648
35 39 -2147483648
35 40 -2147483648
35 41 -2147483648
35 42 0
35 43 0
35 44 0
35 45 0
35 46 0
35 47 0
35 48 3
35 49 0
35 50 0
35 51 0
35 52 0
35 53 0
35 54 2
35 55 -2147483648
35 56 -2147483648
35 57 -2147483648
35 58 -2147483648
35 59 -2147483648
35 60 2
35 61 -2147483648
35 62 -2147483648
35 63 -2147483648
35 64 -2147483648
35 65 -2147483648
36 0 0
36 1 0
36 2 0
36 3 -2147483648
36 4 -2147483648
36 5 0
36 6 -2147483648
36 7 -2147483648
36 8 -2147483648
36 9 -2147483648
36 10 -2147483648
36 11 -2147483648
36 12 0
36 13 0
36 14 0
36 15 0
36 16 0
36 17 0
36 18 0
36 19 0
36 20 0
36 21 0
36 22 0
36 23 -2147483648
36 24 -2147483648
36 25 0
36 26 0
36 27 0
36 28 0
36 29 0
36 30 -2147483648
36 31 0
36 32 0
36 33 -2147483648
36 34 0
36 35 -2147483648
36 37 -2147483648
36 38 -2147483648
36 39 -2147483648
36 40 -2147483648
36 41 -2147483648
36 42 0
36 43 0
36 44 0
36 45 0
36 46 0
36 47 0
36 48 -2147483648
36 49 -2147483648
36 50 0
36 51 0
36 52 0
36 53 0
36 54 -2147483648
36 55 -2147483648
36 56 -2147483648
36 57 -2147483648
36 58 -2147483648
36 59 2
36 60 -2147483648
36 61 -2147483648
36 62 -2147483648
36 63 -2147483648
36 64 -2147483648
36 65 2
37 0 -2147483648
37 1 -2147483648
37 2 -2147483648
37 3 -2147483648
37 4 -2147483648
37 5 -2147483648
37 6 -2147483648
37 7 -2147483648
37 8 -2147483648
37 9 -2147483648
37 10 -2147483648
37 11 -2147483648
37 12 0
37 13 0
37 14 0
37 15 0
37 16 0
37 17 0
37 18 0
37 19 0
37 20 0
37 21 0
37 22 -2147483648
37 23 -2147483648
37 24 -2147483648
37 25 -2147483648
37 26 0
37 27 0
37 28 0
37 29 0
37 30 -2147483648
37 31 -2147483648
37 32 -2147483648
37 33 -2147483648
37 34 -2147483648
37 35 -2147483648
37 36 -2147483648
37 38 -2147483648
37 39 -2147483648
37 40 -2147483648
37 41 -2147483648
37 42 0
37 43 0
37 44 0
37 45 0
37 46 0
37 47 0
37 48 -2147483648
37 49 -2147483648
37 50 0
37 51 0
37 52 0
37 53 0
37 54 -2147483648
37 55 -2147483648
37 56 -2147483648
37 57 -2147483648
37 58 -2147483648
37 59 -2147483648
37 60 -2147483648
37 61 -2147483648
37 62 -2147483648
37 63 -2147483648
37 64 -2147483648
37 65 -2147483648
38 0 -2147483648
38 1 -2147483648
38 2 -2147483648
38 3 -2147483648
38 4 -2147483648
38 5 -2147483648
38 6 -2147483648
38 7 -2147483648
38 8 -2147483648
38 9 -2147483648
38 10 -2147483648
38 11 -2147483648
38 12 0
38 13 0
38 14 0
38 15 0
38 16 0
38 17 0
38 18 0
38 19 0
38 20 0
38 21 0
38 22 -2147483648
38 23 -2147483648
38 24 -2147483648
38 25 3
38 26 1
38 27 1
38 28 1
38 29 1
38 30 -2147483648
38 31 -2147483648
38 32 -2147483648
38 33 -2147483648
38 34 -2147483648
38 35 -2147483648
38 36 -2147483648
38 37 -2147483648
38 39 -2147483648
38 40 -2147483648
38 41 -2147483648
38 42 0
38 43 0
38 44 0
38 45 0
38 46 0
38 47 0
38 48 -2147483648
38 49 -2147483648
38 50 0
38 51 0
38 52 0
38 53 0
38 54 -2147483648
38 55 -2147483648
38 56 -2147483648
38 57 -2147483648
38 58 -2147483648
38 59 -2147483648
38 60 -2147483648
38 61 -2147483648
38 62 -2147483648
38 63 -2147483648
38 64 -2147483648
38 65 -2147483648
39 0 -2147483648
39 1 -2147483648
39 2 -2147483648
39 3 -2147483648
39 4 -2147483648
39 5 -2147483648
39 6 -2147483648
39 7 -2147483648
39 8 -2147483648
39 9 -2147483648
39 10 -2147483648
39 11 -2147483648
39 12 0
39 13 0
39 14 0
39 15 0
39 16 0
39 17 0
39 18 0
39 19 0
39 20 0
39 21 0
39 22 -2147483648
39 23 -2147483648
39 24 -2147483648
39 25 -2147483648
39 26 0
39 27 0
39 28 0
39 29 0
39 30 -2147483648
39 31 -2147483648
39 32 -2147483648
39 33 -2147483648
39 34 -2147483648
39 35 -2147483648
39 36 -2147483648
39 37 -2147483648
39 38 -2147483648
39 40 -2147483648
39 41 -2147483648
39 42 0
39 43 0
39 44 0
39 45 0
39 46 0
39 47 0
39 48 -2147483648
39 49 -2147483648
39 50 0
39 51 0
39 52 0
39 53 0
39 54 -2147483648
39 55 -2147483648
39 56 -2147483648
39 57 -2147483648
39 58 -2147483648
39 59 -2147483648
39 60 -2147483648
39 61 -2147483648
39 62 -2147483648
39 63 -2147483648
39 64 -2147483648
39 65 -2147483648
40 0 -2147483648
40 1 -2147483648
40 2 -2147483648
40 3 -2147483648
40 4 -2147483648
40 5 -2147483648
40 6 -2147483648
40 7 -2147483648
40 8 -2147483648
40 9 -2147483648
40 10 -2147483648
40 11 -2147483648
40 12 0
40 13 0
40 14 0
40 15 0
40 16 0
40 17 0
40 18 0
40 19 0
40 20 0
40 21 0
40 22 -2147483648
40 23 -2147483648
40 24 -2147483648
40 25 -2147483648
40 26 0
40 27 0
40 28 0
40 29 0
40 30 -2147483648
40 31 2
40 32 2
40 33 -2147483648
40 34 2
40 35 -2147483648
40 36 -2147483648
40 37 -2147483648
40 38 -2147483648
40 39 -2147483648
40 41 -2147483648
40 42 0
40 43 0
40 44 0
40 45 0
40 46 0
40 47 0
40 48 -2147483648
40 49 -2147483648
40 50 0
40 51 0
40 52 0
40 53 0
40 54 -2147483648
40 55 -2147483648
40 56 -2147483648
40 57 -2147483648
40 58 -2147483648
40 59 -2147483648
40 60 -2147483648
40 61 -2147483648
40 62 -2147483648
40 63 -2147483648
40 64 -2147483648
40 65 -2147483648
41 0 0
41 1 0
41 2 0
41 3 0
41 4 -2147483648
41 5 0
41 6 -2147483648
41 7 0
41 8 0
41 9 0
41 10 0
41 11 0
41 12 0
41 13 0
41 14 0
41 15 0
41 16 0
41 17 0
41 18 0
41 19 0
41 20 0
41 21 0
41 22 0
41 23 -2147483648
41 24 -2147483648
41 25 0
41 26 0
41 27 0
41 28 0
41 29 0
41 30 0
41 31 1
41 32 1
41 33 1
41 34 1
41 35 -2147483648
41 36 -2147483648
41 37 -2147483648
41 38 -2147483648
41 39 -2147483648
41 40 -2147483648
41 42 0
41 43 0
41 44 0
41 45 0
41 46 0
41 47 0
41 48 -2147483648
41 49 -2147483648
41 50 0
41 51 0
41 52 0
41 53 0
41 54 -2147483648
41 55 -2147483648
41 56 -2147483648
41 57 -2147483648
41 58 -2147483648
41 59 -2147483648
41 60 -2147483648
41 61 -2147483648
41 62 -2147483648
41 63 -2147483648
41 64 -2147483648
41 65 -2147483648
42 0 -2147483648
42 1 -2147483648
42 2 0
42 3 0
42 4 -2147483648
42 5 -2147483648
42 6 0
42 7 -2147483648
42 8 1
42 9 -2147483648
42 10 1
42 11 1
42 12 0
42 13 0
42 14 -2147483648
42 15 0
42 16 -2147483648
42 17 -2147483648
42 18 0
42 19 -2147483648
42 20 -2147483648
42 21 -2147483648
42 22 -2147483648
42 23 -2147483648
42 24 0
42 25 0
42 26 -2147483648
42 27 0
42 28 -2147483648
42 29 -2147483648
42 30 -2147483648
42 31 0
42 32 0
42 33 0
42 34 0
42 35 0
42 36 0
42 37 0
42 38 0
42 39 0
42 40 0
42 41 0
42 43 -2147483648
42 44 -2147483648
42 45 -2147483648
42 46 -2147483648
42 47 -2147483648
42 48 0
42 49 -2147483648
42 50 -2147483648
42 51 -2147483648
42 52 -2147483648
42 53 -2147483648
42 54 0
42 55 0
42 56 0
42 57 0
42 58 -2147483648
42 59 0
42 60 0
42 61 0
42 62 0
42 63 0
42 64 -2147483648
42 65 0
43 0 -2147483648
43 1 -2147483648
43 2 0
43 3 0
43 4 -2147483648
43 5 -2147483648
43 6 0
43 7 0
43 8 -2147483648
43 9 0
43 10 -2147483648
43 11 -2147483648
43 12 -2147483648
43 13 -2147483648
43 14 -2147483648
43 15 -2147483648
43 16 -2147483648
43 17 -2147483648
43 18 -2147483648
43 19 2
43 20 -2147483648
43 21 1
43 22 -2147483648
43 23 -2147483648
43 24 0
43 25 0
43 26 -2147483648
43 27 -2147483648
43 28 -2147483648
43 29 -2147483648
43 30 0
43 31 0
43 32 0
43 33 0
43 34 0
43 35 0
43 36 0
43 37 0
43 38 0
43 39 0
43 40 0
43 41 0
43 42 -2147483648
43 44 -2147483648
43 45 -2147483648
43 46 -2147483648
43 47 -2147483648
43 48 0
43 49 -2147483648
43 50 -2147483648
43 51 -2147483648
43 52 -2147483648
43 53 -2147483648
43 54 0
43 55 0
43 56 0
43 57 0
43 58 -2147483648
43 59 0
43 60 0
43 61 0
43 62 0
43 63 0
43 64 -2147483648
43 65 0
44 0 -2147483648
44 1 -2147483648
44 2 0
44 3 0
44 4 -2147483648
44 5 -2147483648
44 6 0
44 7 -2147483648
44 8 -2147483648
44 9 -2147483648
44 10 -2147483648
44 11 -2147483648
44 12 0
44 13 1
44 14 1
44 15 1
44 16 1
44 17 -2147483648
44 18 -2147483648
44 19 -2147483648
44 20 -2147483648
44 21 -2147483648
44 22 -2147483648
44 23 -2147483648
44 24 -2147483648
44 25 -2147483648
44 26 -2147483648
44 27 -2147483648
44 28 -2147483648
44 29 -2147483648
44 30 0
44 31 0
44 32 0
44 33 0
44 34 0
44 35 0
44 36 0
44 37 0
44 38 0
44 39 0
44 40 0
44 41 0
44 42 -2147483648
44 43 -2147483648
44 45 -2147483648
44 46 -2147483648
44 47 -2147483648
44 48 -2147483648
44 49 -2147483648
44 50 -2147483648
44 51 -2147483648
44 52 -2147483648
44 53 -2147483648
44 54 -2147483648
44 55 0
44 56 0
44 57 0
44 58 -2147483648
44 59 0
44 60 -2147483648
44 61 0
44 62 0
44 63 0
44 64 -2147483648
44 65 0
45 0 -2147483648
45 1 -2147483648
45 2 0
45 3 0
45 4 -2147483648
45 5 -2147483648
45 6 0
45 7 0
45 8 -2147483648
45 9 0
45 10 -2147483648
45 11 -2147483648
45 12 -2147483648
45 13 -2147483648
45 14 -2147483648
45 15 -2147483648
45 16 -2147483648
45 17 -2147483648
45 18 -2147483648
45 19 -2147483648
45 20 2
45 21 0
45 22 3
45 23 3
45 24 0
45 25 0
45 26 -2147483648
45 27 -2147483648
45 28 -2147483648
45 29 -2147483648
45 30 0
45 31 0
45 32 0
45 33 0
45 34 0
45 35 0
45 36 0
45 37 0
45 38 0
45 39 0
45 40 0
45 41 0
45 42 -2147483648
45 43 -2147483648
45 44 -2147483648
45 46 -2147483648
45 47 -2147483648
45 48 0
45 49 -2147483648
45 50 -2147483648
45 51 -2147483648
45 52 -2147483648
45 53 -2147483648
45 54 0
45 55 0
45 56 0
45 57 0
45 58 -2147483648
45 59 0
45 60 0
45 61 0
45 62 0
45 63 0
45 64 -2147483648
45 65 0
46 0 -2147483648
46 1 -2147483648
46 2 0
46 3 0
46 4 -2147483648
46 5 -2147483648
46 6 0
46 7 0
46 8 -2147483648
46 9 0
46 10 -2147483648
46 11 -2147483648
46 12 -2147483648
46 13 -2147483648
46 14 2
46 15 -2147483648
46 16 2
46 17 3
46 18 -2147483648
46 19 2
46 20 -2147483648
46 21 1
46 22 -2147483648
46 23 -2147483648
46 24 0
46 25 0
46 26 -2147483648
46 27 -2147483648
46 28 -2147483648
46 29 -2147483648
46 30 0
46 31 0
46 32 0
46 33 0
46 34 0
46 35 0
46 36 0
46 37 0
46 38 0
46 39 0
46 40 0
46 41 0
46 42 -2147483648
46 43 -2147483648
46 44 -2147483648
46 45 -2147483648
46 47 -2147483648
46 48 0
46 49 -2147483648
46 50 -2147483648
46 51 -2147483648
46 52 -2147483648
46 53 -2147483648
46 54 0
46 55 0
46 56 0
46 57 0
46 58 -2147483648
46 59 0
46 60 0
46 61 0
46 62 0
46 63 0
46 64 -2147483648
46 65 0
47 0 -2147483648
47 1 -2147483648
47 2 0
47 3 0
47 4 -2147483648
47 5 -2147483648
47 6 0
47 7 0
47 8 -2147483648
47 9 0
47 10 -2147483648
47 11 -2147483648
47 12 -2147483648
47 13 -2147483648
47 14 0
47 15 -2147483648
47 16 0
47 17 -2147483648
47 18 -2147483648
47 19 -2147483648
47 20 -2147483648
47 21 0
47 22 -2147483648
47 23 -2147483648
47 24 0
47 25 0
47 26 -2147483648
47 27 -2147483648
47 28 -2147483648
47 29 -2147483648
47 30 0
47 31 0
47 32 0
47 33 0
47 34 0
47 35 0
47 36 0
47 37 0
47 38 0
47 39 0
47 40 0
47 41 0
47 42 -2147483648
47 43 -2147483648
47 44 -2147483648
47 45 -2147483648
47 46 -2147483648
47 48 0
47 49 -2147483648
47 50 -2147483648
47 51 -2147483648
47 52 -2147483648
47 53 -2147483648
47 54 0
47 55 0
47 56 0
47 57 0
47 58 -2147483648
47 59 0
47 60 0
47 61 0
47 62 0
47 63 0
47 64 -2147483648
47 65 0
48 0 0
48 1 0
48 2 -2147483648
48 3 -2147483648
48 4 -2147483648
48 5 0
48 6 -2147483648
48 7 -2147483648
48 8 3
48 9 -2147483648
48 10 -2147483648
48 11 -2147483648
48 12 0
48 13 0
48 14 0
48 15 0
48 16 0
48 17 -2147483648
48 18 -2147483648
48 19 -2147483648
48 20 -2147483648
48 21 -2147483648
48 22 -2147483648
48 23 -2147483648
48 24 -2147483648
48 25 -2147483648
48 26 -2147483648
48 27 -2147483648
48 28 -2147483648
48 29 -2147483648
48 30 -2147483648
48 31 1
48 32 -2147483648
48 33 1
48 34 1
48 35 3
48 36 -2147483648
48 37 -2147483648
48 38 -2147483648
48 39 -2147483648
48 40 -2147483648
48 41 -2147483648
48 42 0
48 43 0
48 44 -2147483648
48 45 0
48 46 0
48 47 0
48 49 -2147483648
48 50 -2147483648
48 51 -2147483648
48 52 -2147483648
48 53 -2147483648
48 54 5
48 55 -2147483648
48 56 -2147483648
48 57 -2147483648
48 58 -2147483648
48 59 -2147483648
48 60 5
48 61 -2147483648
48 62 -2147483648
48 63 -2147483648
48 64 -2147483648
48 65 -2147483648
49 0 -2147483648
49 1 -2147483648
49 2 -2147483648
49 3 -2147483648
49 4 -2147483648
49 5 -2147483648
49 6 2
49 7 -2147483648
49 8 -2147483648
49 9 -2147483648
49 10 -2147483648
49 11 -2147483648
49 12 0
49 13 0
49 14 0
49 15 0
49 16 0
49 17 0
49 18 0
49 19 0
49 20 0
49 21 0
49 22 -2147483648
49 23 -2147483648
49 24 -2147483648
49 25 -2147483648
49 26 0
49 27 0
49 28 1
49 29 1
49 30 2
49 31 0
49 32 0
49 33 0
49 34 0
49 35 0
49 36 -2147483648
49 37 -2147483648
49 38 -2147483648
49 39 -2147483648
49 40 -2147483648
49 41 -2147483648
49 42 -2147483648
49 43 -2147483648
49 44 -2147483648
49 45 -2147483648
49 46 -2147483648
49 47 -2147483648
49 48 -2147483648
49 50 -2147483648
49 51 -2147483648
49 52 -2147483648
49 53 -2147483648
49 54 -2147483648
49 55 -2147483648
49 56 -2147483648
49 57 -2147483648
49 58 7
49 59 -2147483648
49 60 -2147483648
49 61 -2147483648
49 62 -2147483648
49 63 -2147483648
49 64 7
49 65 -2147483648
50 0 -2147483648
50 1 -2147483648
50 2 0
50 3 0
50 4 -2147483648
50 5 -2147483648
50 6 0
50 7 -2147483648
50 8 -2147483648
50 9 -2147483648
50 10 -2147483648
50 11 -2147483648
50 12 0
50 13 -2147483648
50 14 -2147483648
50 15 -2147483648
50 16 -2147483648
50 17 -2147483648
50 18 -2147483648
50 19 -2147483648
50 20 -2147483648
50 21 -2147483648
50 22 -2147483648
50 23 -2147483648
50 24 -2147483648
50 25 -2147483648
50 26 -2147483648
50 27 -2147483648
50 28 3
50 29 2
50 30 0
50 31 0
50 32 0
50 33 0
50 34 0
50 35 0
50 36 0
50 37 0
50 38 0
50 39 0
50 40 0
50 41 0
50 42 -2147483648
50 43 -2147483648
50 44 -2147483648
50 45 -2147483648
50 46 -2147483648
50 47 -2147483648
50 48 -2147483648
50 49 -2147483648
50 51 -2147483648
50 52 -2147483648
50 53 -2147483648
50 54 -2147483648
50 55 -2147483648
50 56 -2147483648
50 57 -2147483648
50 58 -2147483648
50 59 -2147483648
50 60 -2147483648
50 61 -2147483648
50 62 -2147483648
50 63 -2147483648
50 64 -2147483648
50 65 -2147483648
51 0 -2147483648
51 1 -2147483648
51 2 0
51 3 0
51 4 -2147483648
51 5 -2147483648
51 6 0
51 7 -2147483648
51 8 -2147483648
51 9 -2147483648
51 10 -2147483648
51 11 -2147483648
51 12 0
51 13 -2147483648
51 14 -2147483648
51 15 -2147483648
51 16 -2147483648
51 17 -2147483648
51 18 -2147483648
51 19 -2147483648
51 20 -2147483648
51 21 -2147483648
51 22 -2147483648
51 23 -2147483648
51 24 -2147483648
51 25 -2147483648
51 26 -2147483648
51 27 -2147483648
51 28 5
51 29 -2147483648
51 30 0
51 31 0
51 32 0
51 33 0
51 34 0
51 35 0
51 36 0
51 37 0
51 38 0
51 39 0
51 40 0
51 41 0
51 42 -2147483648
51 43 -2147483648
51 44 -2147483648
51 45 -2147483648
51 46 -2147483648
51 47 -2147483648
51 48 -2147483648
51 49 -2147483648
51 50 -2147483648
51 52 -2147483648
51 53 -2147483648
51 54 -2147483648
51 55 -2147483648
51 56 -2147483648
51 57 -2147483648
51 58 -2147483648
51 59 -2147483648
51 60 -2147483648
51 61 -2147483648
51 62 -2147483648
51 63 -2147483648
51 64 -2147483648
51 65 -2147483648
52 0 -2147483648
52 1 -2147483648
52 2 0
52 3 0
52 4 -2147483648
52 5 -2147483648
52 6 0
52 7 2
52 8 -2147483648
52 9 2
52 10 -2147483648
52 11 -2147483648
52 12 0
52 13 -2147483648
52 14 -2147483648
52 15 -2147483648
52 16 -2147483648
52 17 -2147483648
52 18 -2147483648
52 19 -2147483648
52 20 -2147483648
52 21 -2147483648
52 22 -2147483648
52 23 -2147483648
52 24 -2147483648
52 25 -2147483648
52 26 -2147483648
52 27 0
52 28 -2147483648
52 29 1
52 30 1
52 31 0
52 32 0
52 33 0
52 34 0
52 35 0
52 36 0
52 37 0
52 38 0
52 39 0
52 40 0
52 41 0
52 42 -2147483648
52 43 -2147483648
52 44 -2147483648
52 45 -2147483648
52 46 -2147483648
52 47 -2147483648
52 48 -2147483648
52 49 -2147483648
52 50 -2147483648
52 51 -2147483648
52 53 -2147483648
52 54 -2147483648
52 55 -2147483648
52 56 -2147483648
52 57 -2147483648
52 58 -2147483648
52 59 -2147483648
52 60 -2147483648
52 61 -2147483648
52 62 -2147483648
52 63 -2147483648
52 64 -2147483648
52 65 -2147483648
53 0 -2147483648
53 1 -2147483648
53 2 0
53 3 0
53 4 -2147483648
53 5 -2147483648
53 6 0
53 7 1
53 8 -2147483648
53 9 1
53 10 -2147483648
53 11 -2147483648
53 12 0
53 13 -2147483648
53 14 -2147483648
53 15 -2147483648
53 16 -2147483648
53 17 -2147483648
53 18 -2147483648
53 19 -2147483648
53 20 -2147483648
53 21 -2147483648
53 22 -2147483648
53 23 -2147483648
53 24 -2147483648
53 25 -2147483648
53 26 -2147483648
53 27 0
53 28 -2147483648
53 29 -2147483648
53 30 1
53 31 0
53 32 0
53 33 0
53 34 0
53 35 0
53 36 0
53 37 0
53 38 0
53 39 0
53 40 0
53 41 0
53 42 -2147483648
53 43 -2147483648
53 44 -2147483648
53 45 -2147483648
53 46 -2147483648
53 47 -2147483648
53 48 -2147483648
53 49 -2147483648
53 50 -2147483648
53 51 -2147483648
53 52 -2147483648
53 54 -2147483648
53 55 -2147483648
53 56 -2147483648
53 57 -2147483648
53 58 -2147483648
53 59 -2147483648
53 60 -2147483648
53 61 -2147483648
53 62 -2147483648
53 63 -2147483648
53 64 -2147483648
53 65 -2147483648
54 0 0
54 1 0
54 2 1
54 3 -2147483648
54 4 -2147483648
54 5 0
54 6 -2147483648
54 7 -2147483648
54 8 2
54 9 -2147483648
54 10 -2147483648
54 11 -2147483648
54 12 0
54 13 0
54 14 0
54 15 0
54 16 0
54 17 -2147483648
54 18 -2147483648
54 19 -2147483648
54 20 -2147483648
54 21 -2147483648
54 22 -2147483648
54 23 -2147483648
54 24 -2147483648
54 25 -2147483648
54 26 0
54 27 0
54 28 0
54 29 0
54 30 -2147483648
54 31 0
54 32 0
54 33 0
54 34 0
54 35 2
54 36 -2147483648
54 37 -2147483648
54 38 -2147483648
54 39 -2147483648
54 40 -2147483648
54 41 -2147483648
54 42 0
54 43 0
54 44 -2147483648
54 45 0
54 46 0
54 47 0
54 48 5
54 49 -2147483648
54 50 -2147483648
54 51 -2147483648
54 52 -2147483648
54 53 -2147483648
54 55 -2147483648
54 56 -2147483648
54 57 -2147483648
54 58 -2147483648
54 59 -2147483648
54 60 5
54 61 -2147483648
54 62 -2147483648
54 63 -2147483648
54 64 -2147483648
54 65 -2147483648
55 0 0
55 1 0
55 2 0
55 3 2
55 4 0
55 5 0
55 6 -2147483648
55 7 -2147483648
55 8 -2147483648
55 9 -2147483648
55 10 -2147483648
55 11 3
55 12 0
55 13 0
55 14 0
55 15 0
55 16 0
55 17 0
55 18 0
55 19 0
55 20 0
55 21 0
55 22 0
55 23 0
55 24 2
55 25 -2147483648
55 26 0
55 27 0
55 28 0
55 29 0
55 30 -2147483648
55 31 1
55 32 1
55 33 2
55 34 1
55 35 -2147483648
55 36 -2147483648
55 37 -2147483648
55 38 -2147483648
55 39 -2147483648
55 40 -2147483648
55 41 -2147483648
55 42 0
55 43 0
55 44 0
55 45 0
55 46 0
55 47 0
55 48 -2147483648
55 49 -2147483648
55 50 -2147483648
55 51 -2147483648
55 52 -2147483648
55 53 -2147483648
55 54 -2147483648
55 56 -2147483648
55 57 -2147483648
55 58 -2147483648
55 59 -2147483648
55 60 -2147483648
55 61 7
55 62 -2147483648
55 63 -2147483648
55 64 -2147483648
55 65 -2147483648
56 0 0
56 1 0
56 2 0
56 3 2
56 4 0
56 5 0
56 6 0
56 7 0
56 8 0
56 9 -2147483648
56 10 -2147483648
56 11 2
56 12 0
56 13 0
56 14 0
56 15 0
56 16 0
56 17 0
56 18 0
56 19 0
56 20 0
56 21 0
56 22 0
56 23 0
56 24 1
56 25 -2147483648
56 26 0
56 27 0
56 28 0
56 29 0
56 30 -2147483648
56 31 -2147483648
56 32 -2147483648
56 33 -2147483648
56 34 -2147483648
56 35 -2147483648
56 36 -2147483648
56 37 -2147483648
56 38 -2147483648
56 39 -2147483648
56 40 -2147483648
56 41 -2147483648
56 42 0
56 43 0
56 44 0
56 45 0
56 46 0
56 47 0
56 48 -2147483648
56 49 -2147483648
56 50 -2147483648
56 51 -2147483648
56 52 -2147483648
56 53 -2147483648
56 54 -2147483648
56 55 -2147483648
56 57 -2147483648
56 58 -2147483648
56 59 -2147483648
56 60 -2147483648
56 61 -2147483648
56 62 8
56 63 -2147483648
56 64 -2147483648
56 65 -2147483648
57 0 -2147483648
57 1 -2147483648
57 2 -2147483648
57 3 4
57 4 -2147483648
57 5 -2147483648
57 6 -2147483648
57 7 -2147483648
57 8 -2147483648
57 9 -2147483648
57 10 -2147483648
57 11 2
57 12 0
57 13 0
57 14 0
57 15 0
57 16 0
57 17 0
57 18 0
57 19 0
57 20 0
57 21 0
57 22 -2147483648
57 23 -2147483648
57 24 -2147483648
57 25 -2147483648
57 26 0
57 27 0
57 28 0
57 29 0
57 30 -2147483648
57 31 1
57 32 1
57 33 2
57 34 1
57 35 -2147483648
57 36 -2147483648
57 37 -2147483648
57 38 -2147483648
57 39 -2147483648
57 40 -2147483648
57 41 -2147483648
57 42 0
57 43 0
57 44 0
57 45 0
57 46 0
57 47 0
57 48 -2147483648
57 49 -2147483648
57 50 -2147483648
57 51 -2147483648
57 52 -2147483648
57 53 -2147483648
57 54 -2147483648
57 55 -2147483648
57 56 -2147483648
57 58 -2147483648
57 59 -2147483648
57 60 -2147483648
57 61 -2147483648
57 62 -2147483648
57 63 8
57 64 -2147483648
57 65 -2147483648
58 0 -2147483648
58 1 -2147483648
58 2 -2147483648
58 3 -2147483648
58 4 -2147483648
58 5 -2147483648
58 6 2
58 7 -2147483648
58 8 -2147483648
58 9 -2147483648
58 10 -2147483648
58 11 -2147483648
58 12 0
58 13 0
58 14 0
58 15 0
58 16 0
58 17 0
58 18 0
58 19 0
58 20 0
58 21 0
58 22 -2147483648
58 23 -2147483648
58 24 -2147483648
58 25 -2147483648
58 26 0
58 27 0
58 28 2
58 29 2
58 30 2
58 31 -2147483648
58 32 0
58 33 -2147483648
58 34 -2147483648
58 35 -2147483648
58 36 -2147483648
58 37 -2147483648
58 38 -2147483648
58 39 -2147483648
58 40 -2147483648
58 41 -2147483648
58 42 -2147483648
58 43 -2147483648
58 44 -2147483648
58 45 -2147483648
58 46 -2147483648
58 47 -2147483648
58 48 -2147483648
58 49 7
58 50 -2147483648
58 51 -2147483648
58 52 -2147483648
58 53 -2147483648
58 54 -2147483648
58 55 -2147483648
58 56 -2147483648
58 57 -2147483648
58 59 -2147483648
58 60 -2147483648
58 61 -2147483648
58 62 -2147483648
58 63 -2147483648
58 64 8
58 65 -2147483648
59 0 0
59 1 0
59 2 0
59 3 -2147483648
59 4 0
59 5 0
59 6 -2147483648
59 7 -2147483648
59 8 -2147483648
59 9 -2147483648
59 10 -2147483648
59 11 -2147483648
59 12 0
59 13 0
59 14 0
59 15 0
59 16 0
59 17 0
59 18 0
59 19 0
59 20 0
59 21 0
59 22 0
59 23 0
59 24 -2147483648
59 25 -2147483648
59 26 0
59 27 0
59 28 0
59 29 0
59 30 -2147483648
59 31 2
59 32 2
59 33 -2147483648
59 34 -2147483648
59 35 -2147483648
59 36 2
59 37 -2147483648
59 38 -2147483648
59 39 -2147483648
59 40 -2147483648
59 41 -2147483648
59 42 0
59 43 0
59 44 0
59 45 0
59 46 0
59 47 0
59 48 -2147483648
59 49 -2147483648
59 50 -2147483648
59 51 -2147483648
59 52 -2147483648
59 53 -2147483648
59 54 -2147483648
59 55 -2147483648
59 56 -2147483648
59 57 -2147483648
59 58 -2147483648
59 60 -2147483648
59 61 -2147483648
59 62 -2147483648
59 63 -2147483648
59 64 -2147483648
59 65 8
60 0 0
60 1 0
60 2 1
60 3 -2147483648
60 4 -2147483648
60 5 0
60 6 -2147483648
60 7 -2147483648
60 8 2
60 9 -2147483648
60 10 -2147483648
60 11 -2147483648
60 12 0
60 13 0
60 14 0
60 15 0
60 16 0
60 17 -2147483648
60 18 -2147483648
60 19 -2147483648
60 20 -2147483648
60 21 -2147483648
60 22 -2147483648
60 23 -2147483648
60 24 -2147483648
60 25 -2147483648
60 26 0
60 27 0
60 28 0
60 29 0
60 30 -2147483648
60 31 0
60 32 0
60 33 0
60 34 0
60 35 2
60 36 -2147483648
60 37 -2147483648
60 38 -2147483648
60 39 -2147483648
60 40 -2147483648
60 41 -2147483648
60 42 0
60 43 0
60 44 -2147483648
60 45 0
60 46 0
60 47 0
60 48 5
60 49 -2147483648
60 50 -2147483648
60 51 -2147483648
60 52 -2147483648
60 53 -2147483648
60 54 5
60 55 -2147483648
60 56 -2147483648
60 57 -2147483648
60 58 -2147483648
60 59 -2147483648
60 61 -2147483648
60 62 -2147483648
60 63 -2147483648
60 64 -2147483648
60 65 -2147483648
61 0 0
61 1 0
61 2 0
61 3 2
61 4 0
61 5 0
61 6 -2147483648
61 7 -2147483648
61 8 -2147483648
61 9 -2147483648
61 10 -2147483648
61 11 3
61 12 0
61 13 0
61 14 0
61 15 0
61 16 0
61 17 0
61 18 0
61 19 0
61 20 0
61 21 0
61 22 0
61 23 0
61 24 2
61 25 -2147483648
61 26 0
61 27 0
61 28 0
61 29 0
61 30 -2147483648
61 31 1
61 32 1
61 33 2
61 34 1
61 35 -2147483648
61 36 -2147483648
61 37 -2147483648
61 38 -2147483648
61 39 -2147483648
61 40 -2147483648
61 41 -2147483648
61 42 0
61 43 0
61 44 0
61 45 0
61 46 0
61 47 0
61 48 -2147483648
61 49 -2147483648
61 50 -2147483648
61 51 -2147483648
61 52 -2147483648
61 53 -2147483648
61 54 -2147483648
61 55 7
61 56 -2147483648
61 57 -2147483648
61 58 -2147483648
61 59 -2147483648
61 60 -2147483648
61 62 -2147483648
61 63 -2147483648
61 64 -2147483648
61 65 -2147483648
62 0 0
62 1 0
62 2 0
62 3 2
62 4 0
62 5 0
62 6 0
62 7 0
62 8 0
62 9 -2147483648
62 10 -2147483648
62 11 2
62 12 0
62 13 0
62 14 0
62 15 0
62 16 0
62 17 0
62 18 0
62 19 0
62 20 0
62 21 0
62 22 0
62 23 0
62 24 1
62 25 -2147483648
62 26 0
62 27 0
62 28 0
62 29 0
62 30 -2147483648
62 31 -2147483648
62 32 -2147483648
62 33 -2147483648
62 34 -2147483648
62 35 -2147483648
62 36 -2147483648
62 37 -2147483648
62 38 -2147483648
62 39 -2147483648
62 40 -2147483648
62 41 -2147483648
62 42 0
62 43 0
62 44 0
62 45 0
62 46 0
62 47 0
62 48 -2147483648
62 49 -2147483648
62 50 -2147483648
62 51 -2147483648
62 52 -2147483648
62 53 -2147483648
62 54 -2147483648
62 55 -2147483648
62 56 8
62 57 -2147483648
62 58 -2147483648
62 59 -2147483648
62 60 -2147483648
62 61 -2147483648
62 63 -2147483648
62 64 -2147483648
62 65 -2147483648
63 0 -2147483648
63 1 -2147483648
63 2 -2147483648
63 3 4
63 4 -2147483648
63 5 -2147483648
63 6 -2147483648
63 7 -2147483648
63 8 -2147483648
63 9 -2147483648
63 10 -2147483648
63 11 2
63 12 0
63 13 0
63 14 0
63 15 0
63 16 0
63 17 0
63 18 0
63 19 0
63 20 0
63 21 0
63 22 -2147483648
63 23 -2147483648
63 24 -2147483648
63 25 -2147483648
63 26 0
63 27 0
63 28 0
63 29 0
63 30 -2147483648
63 31 1
63 32 1
63 33 2
63 34 1
63 35 -2147483648
63 36 -2147483648
63 37 -2147483648
63 38 -2147483648
63 39 -2147483648
63 40 -2147483648
63 41 -2147483648
63 42 0
63 43 0
63 44 0
63 45 0
63 46 0
63 47 0
63 48 -2147483648
63 49 -2147483648
63 50 -2147483648
63 51 -2147483648
63 52 -2147483648
63 53 -2147483648
63 54 -2147483648
63 55 -2147483648
63 56 -2147483648
63 57 8
63 58 -2147483648
63 59 -2147483648
63 60 -2147483648
63 61 -2147483648
63 62 -2147483648
63 64 -2147483648
63 65 -2147483648
64 0 -2147483648
64 1 -2147483648
64 2 -2147483648
64 3 -2147483648
64 4 -2147483648
64 5 -2147483648
64 6 2
64 7 -2147483648
64 8 -2147483648
64 9 -2147483648
64 10 -2147483648
64 11 -2147483648
64 12 0
64 13 0
64 14 0
64 15 0
64 16 0
64 17 0
64 18 0
64 19 0
64 20 0
64 21 0
64 22 -2147483648
64 23 -2147483648
64 24 -2147483648
64 25 -2147483648
64 26 0
64 27 0
64 28 2
64 29 2
64 30 2
64 31 -2147483648
64 32 0
64 33 -2147483648
64 34 -2147483648
64 35 -2147483648
64 36 -2147483648
64 37 -2147483648
64 38 -2147483648
64 39 -2147483648
64 40 -2147483648
64 41 -2147483648
64 42 -2147483648
64 43 -2147483648
64 44 -2147483648
64 45 -2147483648
64 46 -2147483648
64 47 -2147483648
64 48 -2147483648
64 49 7
64 50 -2147483648
64 51 -2147483648
64 52 -2147483648
64 53 -2147483648
64 54 -2147483648
64 55 -2147483648
64 56 -2147483648
64 57 -2147483648
64 58 8
64 59 -2147483648
64 60 -2147483648
64 61 -2147483648
64 62 -2147483648
64 63 -2147483648
64 65 -2147483648
65 0 0
65 1 0
65 2 0
65 3 -2147483648
65 4 0
65 5 0
65 6 -2147483648
65 7 -2147483648
65 8 -2147483648
65 9 -2147483648
65 10 -2147483648
65 11 -2147483648
65 12 0
65 13 0
65 14 0
65 15 0
65 16 0
65 17 0
65 18 0
65 19 0
65 20 0
65 21 0
65 22 0
65 23 0
65 24 -2147483648
65 25 -2147483648
65 26 0
65 27 0
65 28 0
65 29 0
65 30 -2147483648
65 31 2
65 32 2
65 33 -2147483648
65 34 -2147483648
65 35 -2147483648
65 36 2
65 37 -2147483648
65 38 -2147483648
65 39 -2147483648
65 40 -2147483648
65 41 -2147483648
65 42 0
65 43 0
65 44 0
65 45 0
65 46 0
65 47 0
65 48 -2147483648
65 49 -2147483648
65 50 -2147483648
65 51 -2147483648
65 52 -2147483648
65 53 -2147483648
65 54 -2147483648
65 55 -2147483648
65 56 -2147483648
65 57 -2147483648
65 58 -2147483648
65 59 8
65 60 -2147483648
65 61 -2147483648
65 62 -2147483648
65 63 -2147483648
65 64 -2147483648
