1 2 
1 23 22 2 
1 23 24 21 22 2 
1 23 22 21 20 3 2 
1 23 24 21 20 3 2 
1 23 24 26 21 22 2 
1 2 3 
1 23 22 21 20 3 
1 23 24 21 20 3 
1 23 22 21 19 20 3 
1 23 24 26 21 20 3 
1 23 24 21 19 20 3 
1 2 3 4 
1 23 22 21 20 17 4 
1 23 24 21 20 17 4 
1 23 22 21 19 18 17 4 
1 23 24 21 19 20 17 4 
1 23 24 26 21 20 17 4 
1 2 3 4 5 
1 23 22 21 20 17 15 6 5 
1 23 24 21 20 17 15 6 5 
1 23 22 21 19 18 17 15 6 5 
1 23 22 21 19 18 16 15 6 5 
1 23 24 21 19 20 17 15 6 5 
1 2 3 4 5 6 
1 23 22 21 20 17 15 6 
1 23 24 21 20 17 15 6 
1 23 22 21 19 18 16 15 6 
1 23 24 21 19 18 16 15 6 
1 23 24 26 21 20 17 15 6 
1 2 3 4 5 6 7 
1 23 22 21 20 17 15 14 7 
1 23 24 21 20 17 15 14 7 
1 23 24 21 19 18 16 15 14 7 
1 23 24 26 21 20 17 15 14 7 
1 23 22 21 19 18 16 15 14 7 
1 2 3 4 5 6 7 8 
1 23 22 21 20 17 15 14 13 8 
1 23 24 21 20 17 15 14 13 8 
1 23 24 21 19 18 16 15 14 13 8 
1 23 24 26 21 20 17 15 14 13 8 
1 23 22 21 19 18 16 15 14 13 8 
1 2 3 4 5 6 7 8 9 
1 23 22 21 20 17 15 14 13 8 11 10 9 
1 23 22 21 20 17 15 14 13 12 11 10 9 
1 23 24 21 20 17 15 14 13 8 11 10 9 
1 23 24 21 20 17 15 14 13 12 11 10 9 
1 23 24 21 19 18 16 15 14 13 8 11 10 9 
1 2 3 4 5 6 7 8 9 10 
1 23 22 21 20 17 15 14 13 12 11 10 
1 23 22 21 20 17 15 14 13 8 11 10 
1 23 24 21 20 17 15 14 13 12 11 10 
1 23 24 21 20 17 15 14 13 8 11 10 
1 23 24 21 19 18 16 15 14 13 12 11 10 
1 2 3 4 5 6 7 8 11 
1 23 22 21 20 17 15 14 13 12 11 
1 23 24 21 20 17 15 14 13 12 11 
1 23 24 21 19 18 16 15 14 13 12 11 
1 23 24 26 21 20 17 15 14 13 12 11 
1 23 22 21 19 18 16 15 14 13 12 11 
1 2 3 4 17 15 14 13 12 
1 23 22 21 19 18 16 15 6 7 8 11 12 
1 23 24 21 19 18 16 15 6 7 8 11 12 
1 23 22 21 20 17 4 5 6 7 8 11 12 
1 23 24 21 20 17 4 5 6 7 8 11 12 
1 2 3 4 17 15 14 13 
1 23 22 21 19 18 16 15 6 7 8 13 
1 23 22 21 19 18 16 31 32 33 34 13 
1 23 24 21 19 18 16 15 6 7 8 13 
1 23 24 21 19 18 16 31 32 33 34 13 
1 23 22 21 19 18 30 31 32 33 34 13 
1 2 3 4 17 15 14 
1 23 22 21 19 18 16 15 6 7 14 
1 23 22 21 19 18 16 31 32 33 14 
1 23 24 21 19 18 16 15 6 7 14 
1 23 24 21 19 18 16 31 32 33 14 
1 23 22 21 19 18 30 31 32 33 14 
1 2 3 4 17 15 
1 23 22 21 19 18 16 15 
1 23 24 21 19 18 16 15 
1 23 22 21 20 17 18 16 15 
1 23 24 21 20 17 18 16 15 
1 23 24 26 21 19 18 16 15 
1 23 22 21 19 18 16 
1 2 3 4 17 15 16 
1 2 3 20 17 15 16 
1 2 3 4 5 6 15 16 
1 2 3 4 17 18 30 31 16 
1 2 3 20 17 18 30 31 16 
1 2 3 4 17 
1 23 22 21 20 17 
1 23 24 21 20 17 
1 23 22 21 19 18 17 
1 23 24 21 19 18 17 
1 23 24 26 21 20 17 
1 23 22 21 19 18 
1 2 3 4 17 18 
1 2 3 20 17 18 
1 2 3 20 17 15 16 18 
1 2 3 4 17 15 16 18 
1 2 3 4 5 6 15 16 18 
1 23 22 21 19 
1 2 3 20 19 
1 2 3 4 17 18 19 
1 2 3 20 17 18 19 
1 2 3 4 17 20 19 
1 2 3 20 21 26 27 19 
1 2 3 20 
1 23 22 21 20 
1 23 24 21 20 
1 23 22 21 19 20 
1 23 24 21 19 20 
1 23 24 26 21 20 
1 23 22 21 
1 2 3 20 21 
1 2 22 23 24 21 
1 2 3 20 19 21 
1 2 3 4 17 20 21 
1 2 22 23 24 26 21 
1 23 22 
1 2 22 
1 2 3 20 21 22 
1 2 3 20 19 21 22 
1 2 3 4 17 20 21 22 
1 2 3 20 19 27 26 21 22 
1 23 
1 2 22 23 
1 2 22 21 24 23 
1 2 3 20 21 24 23 
1 2 22 21 26 24 23 
1 2 3 20 21 22 23 
1 23 24 
1 2 22 21 24 
1 2 22 21 26 24 
1 2 3 20 21 24 
1 2 22 21 26 25 24 
1 2 3 20 21 26 24 
1 23 24 25 
1 2 22 21 26 25 
1 2 22 21 24 26 25 
1 2 3 20 21 26 25 
1 2 22 21 19 27 26 25 
1 2 3 20 21 24 26 25 
1 23 24 26 
1 2 22 21 26 
1 2 3 20 21 26 
1 2 22 21 24 25 26 
1 2 22 21 19 27 26 
1 2 3 20 19 27 26 
1 23 24 26 27 
1 2 3 20 19 27 
1 2 22 21 19 27 
1 2 22 21 20 19 27 
1 2 3 20 21 19 27 
1 2 3 4 17 18 19 27 
1 23 24 26 27 28 
1 2 3 20 19 18 30 29 28 
1 2 3 4 17 18 30 29 28 
1 2 22 21 19 18 30 29 28 
1 2 3 20 17 18 30 29 28 
1 2 3 20 19 27 40 39 29 28 
1 23 24 26 27 28 29 
1 2 3 4 17 18 30 29 
1 2 3 20 19 18 30 29 
1 2 3 20 17 18 30 29 
1 2 22 21 19 18 30 29 
1 2 3 20 19 27 40 39 29 
1 23 22 21 19 18 30 
1 2 3 4 17 18 16 31 30 
1 2 3 20 19 27 28 29 30 
1 2 3 20 17 18 16 31 30 
1 2 3 20 17 15 16 31 30 
1 2 3 4 17 15 16 31 30 
1 23 22 21 19 18 16 31 
1 2 3 4 17 18 30 31 
1 2 3 20 17 18 30 31 
1 2 3 4 17 15 16 18 30 31 
1 2 3 4 17 15 14 33 32 31 
1 2 3 4 17 18 30 29 38 31 
1 23 22 21 19 18 16 31 32 
1 2 3 4 17 15 14 33 32 
1 2 3 20 17 15 14 33 32 
1 2 3 4 5 6 7 14 33 32 
1 2 3 4 5 6 15 14 33 32 
1 2 3 4 17 15 14 13 34 33 32 
1 2 3 4 17 15 14 33 
1 23 22 21 19 18 16 31 32 33 
1 23 24 21 19 18 16 31 32 33 
1 23 22 21 19 18 30 31 32 33 
1 23 24 21 19 18 30 31 32 33 
1 23 22 21 20 17 18 16 31 32 33 
1 2 3 4 17 15 14 13 34 
1 23 22 21 19 18 16 31 32 33 34 
1 23 24 21 19 18 16 31 32 33 34 
1 23 22 21 19 18 30 31 32 33 34 
1 23 24 21 19 18 30 31 32 33 34 
1 23 22 21 20 17 18 16 31 32 33 34 
1 2 3 4 17 15 14 13 34 35 
1 23 24 26 27 28 29 38 37 36 35 
1 23 24 26 27 28 29 38 43 36 35 
1 23 24 26 27 40 39 38 43 36 35 
1 23 24 26 27 40 39 38 37 36 35 
1 23 24 25 41 40 39 38 37 36 35 
1 23 24 26 27 40 39 38 37 36 
1 2 3 4 17 15 14 13 34 35 36 
1 2 3 4 17 15 14 13 34 42 36 
1 2 3 4 17 15 14 33 34 35 36 
1 2 3 4 17 15 16 31 38 43 36 
1 2 3 4 17 18 16 31 38 43 36 
1 23 24 26 27 40 39 38 37 
1 2 3 4 17 15 14 33 32 37 
1 2 3 4 17 15 16 31 32 37 
1 2 3 4 17 18 16 31 32 37 
1 2 3 20 19 18 16 31 32 37 
1 2 3 20 17 15 14 33 32 37 
1 23 24 26 27 40 39 38 
1 2 3 4 17 15 16 31 38 
1 2 3 4 17 18 30 29 38 
1 2 3 20 19 18 30 29 38 
1 2 22 21 19 18 30 29 38 
1 2 3 4 17 18 30 31 38 
1 23 24 26 27 40 39 
1 2 3 20 19 27 28 29 39 
1 2 3 20 19 18 30 29 39 
1 2 3 20 17 18 30 29 39 
1 2 3 4 17 18 30 29 39 
1 2 22 21 19 27 28 29 39 
1 23 24 26 27 40 
1 2 22 21 26 25 41 40 
1 2 22 21 24 25 41 40 
1 2 3 20 21 26 25 41 40 
1 2 22 21 26 24 25 41 40 
1 2 3 20 21 24 25 41 40 
1 23 24 25 41 
1 2 22 21 26 27 40 41 
1 2 3 20 19 27 40 41 
1 2 22 21 19 27 40 41 
1 2 22 21 24 26 27 40 41 
1 2 22 21 20 19 27 40 41 
1 2 3 4 17 15 14 13 34 42 
1 23 24 26 27 28 29 38 37 36 42 
1 23 24 26 27 28 29 38 43 44 42 
1 23 24 26 27 40 39 38 43 44 42 
1 23 24 26 27 28 29 38 43 36 42 
1 23 24 26 27 40 39 38 43 36 42 
1 23 24 26 27 40 39 38 43 
1 2 3 4 17 15 16 31 38 37 36 43 
1 2 3 4 17 15 14 33 32 37 36 43 
1 2 3 4 17 18 30 29 38 37 36 43 
1 2 3 20 19 18 30 29 38 37 36 43 
1 2 22 21 19 18 30 29 38 37 36 43 
1 23 24 26 27 40 39 38 43 44 
1 2 3 4 17 15 14 13 34 42 44 
1 2 3 4 17 15 14 33 34 42 44 
1 2 3 20 17 15 14 13 34 42 44 
1 2 3 20 17 15 14 33 34 42 44 
1 2 3 4 5 6 7 8 13 34 42 44 
1 23 24 26 27 40 39 38 43 45 
1 2 3 4 17 15 14 13 34 42 44 45 
1 2 3 20 17 15 14 13 34 42 44 45 
1 2 3 4 17 15 14 33 34 42 44 45 
1 2 3 20 17 15 14 33 34 42 44 45 
1 2 3 4 5 6 15 14 13 34 42 44 45 
1 23 24 26 27 40 39 38 43 44 46 
1 2 3 4 17 15 14 13 34 42 44 45 46 
1 2 3 4 17 15 14 33 34 42 44 45 46 
1 2 3 20 17 15 14 13 34 42 44 45 46 
1 2 3 20 17 15 14 33 34 42 44 45 46 
2 3 
2 22 21 20 3 
2 22 21 19 20 3 
2 22 21 20 17 4 3 
2 22 23 24 21 20 3 
2 1 23 24 21 20 3 
2 3 4 
2 22 21 20 17 4 
2 22 21 19 18 17 4 
2 22 21 19 20 17 4 
2 22 21 20 19 18 17 4 
2 22 23 24 21 20 17 4 
2 3 4 5 
2 22 21 20 17 15 6 5 
2 22 21 19 18 17 15 6 5 
2 22 21 19 18 16 15 6 5 
2 22 21 19 20 17 15 6 5 
2 22 21 20 17 15 14 7 6 5 
2 3 4 5 6 
2 22 21 20 17 15 6 
2 22 21 19 18 16 15 6 
2 22 21 19 18 17 15 6 
2 22 21 19 20 17 15 6 
2 22 21 20 17 15 14 7 6 
2 3 4 5 6 7 
2 22 21 20 17 15 14 7 
2 22 21 19 18 16 15 14 7 
2 22 21 19 18 17 15 14 7 
2 22 21 19 20 17 15 14 7 
2 22 21 20 17 15 14 13 8 7 
2 3 4 5 6 7 8 
2 22 21 20 17 15 14 13 8 
2 22 21 19 18 16 15 14 13 8 
2 22 21 19 18 17 15 14 13 8 
2 22 21 19 20 17 15 14 13 8 
2 22 21 20 17 15 14 13 12 11 8 
2 3 4 5 6 7 8 9 
2 22 21 20 17 15 14 13 8 11 10 9 
2 22 21 20 17 15 14 13 12 11 10 9 
2 22 21 19 18 16 15 14 13 8 11 10 9 
2 22 21 19 18 16 15 14 13 12 11 10 9 
2 22 21 19 18 17 15 14 13 8 11 10 9 
2 3 4 5 6 7 8 9 10 
2 22 21 20 17 15 14 13 12 11 10 
2 22 21 20 17 15 14 13 8 11 10 
2 22 21 19 18 16 15 14 13 12 11 10 
2 22 21 19 18 17 15 14 13 12 11 10 
2 22 21 19 20 17 15 14 13 12 11 10 
2 3 4 5 6 7 8 11 
2 22 21 20 17 15 14 13 12 11 
2 22 21 19 18 16 15 14 13 12 11 
2 22 21 19 18 17 15 14 13 12 11 
2 22 21 19 20 17 15 14 13 12 11 
2 22 21 20 17 15 14 13 8 9 10 11 
2 3 4 17 15 14 13 12 
2 22 21 19 18 16 15 6 7 8 11 12 
2 22 21 20 17 4 5 6 7 8 11 12 
2 22 21 19 18 17 4 5 6 7 8 11 12 
2 22 21 20 17 18 16 15 6 7 8 11 12 
2 22 21 20 19 18 16 15 6 7 8 11 12 
2 3 4 17 15 14 13 
2 22 21 19 18 16 15 6 7 8 13 
2 22 21 19 18 16 31 32 33 34 13 
2 22 21 19 18 30 31 32 33 34 13 
2 22 21 20 17 4 5 6 7 8 13 
2 22 21 19 18 17 4 5 6 7 8 13 
2 3 4 17 15 14 
2 22 21 19 18 16 15 6 7 14 
2 22 21 19 18 16 31 32 33 14 
2 22 21 19 18 30 31 32 33 14 
2 22 21 20 17 4 5 6 7 14 
2 22 21 19 18 17 4 5 6 7 14 
2 3 4 17 15 
2 22 21 19 18 16 15 
2 22 21 20 17 18 16 15 
2 22 21 20 19 18 16 15 
2 22 21 19 18 30 31 16 15 
2 22 21 19 20 17 18 16 15 
2 3 4 17 15 16 
2 22 21 19 18 16 
2 22 21 20 17 18 16 
2 22 21 20 19 18 16 
2 22 23 24 21 19 18 16 
2 1 23 24 21 19 18 16 
2 3 4 17 
2 22 21 20 17 
2 22 21 19 18 17 
2 22 21 19 20 17 
2 22 23 24 21 20 17 
2 1 23 24 21 20 17 
2 3 4 17 18 
2 22 21 19 18 
2 22 21 20 19 18 
2 22 23 24 21 19 18 
2 1 23 24 21 19 18 
2 22 21 26 27 19 18 
2 3 20 19 
2 22 21 19 
2 22 23 24 21 19 
2 1 23 24 21 19 
2 22 21 26 27 19 
2 1 23 22 21 19 
2 3 20 
2 22 21 20 
2 22 21 19 20 
2 22 23 24 21 20 
2 1 23 24 21 20 
2 1 23 22 21 20 
2 22 21 
2 3 20 21 
2 3 20 19 21 
2 1 23 24 21 
2 3 4 17 20 21 
2 1 23 24 26 21 
2 22 
2 1 23 22 
2 3 20 21 22 
2 1 23 24 21 22 
2 3 20 19 21 22 
2 3 20 21 24 23 22 
2 1 23 
2 22 23 
2 22 21 24 23 
2 3 20 21 24 23 
2 22 21 26 24 23 
2 3 20 21 22 23 
2 1 23 24 
2 22 21 24 
2 22 21 26 24 
2 3 20 21 24 
2 22 21 26 25 24 
2 3 20 21 26 24 
2 1 23 24 25 
2 22 21 26 25 
2 22 21 24 26 25 
2 3 20 21 26 25 
2 22 21 19 27 26 25 
2 3 20 21 24 26 25 
2 22 21 26 
2 1 23 24 26 
2 3 20 21 24 26 
2 3 20 19 27 26 
2 1 23 24 25 26 
2 3 20 21 24 25 26 
2 3 20 19 27 
2 22 21 26 27 
2 22 23 24 26 27 
2 1 23 24 26 27 
2 22 21 24 26 27 
2 22 21 24 25 26 27 
2 3 20 19 27 28 
2 22 21 19 18 30 29 28 
2 22 21 26 27 40 39 29 28 
2 22 21 20 17 18 30 29 28 
2 22 23 24 26 27 40 39 29 28 
2 1 23 24 26 27 40 39 29 28 
2 3 4 17 18 30 29 
2 22 21 19 27 28 29 
2 22 21 26 27 28 29 
2 22 21 19 27 40 39 29 
2 22 23 24 26 27 28 29 
2 1 23 24 26 27 28 29 
2 3 4 17 18 30 
2 22 21 19 18 16 31 30 
2 22 21 26 27 28 29 30 
2 22 21 19 27 28 29 30 
2 22 21 20 17 15 16 31 30 
2 22 21 20 19 18 16 31 30 
2 3 4 17 15 16 31 
2 22 21 19 18 30 31 
2 22 21 20 17 18 30 31 
2 22 21 20 19 18 30 31 
2 22 21 19 18 30 29 38 31 
2 22 21 26 27 19 18 30 31 
2 3 4 17 15 14 33 32 
2 22 21 19 18 16 31 32 
2 22 21 19 18 30 31 32 
2 22 21 20 17 18 16 31 32 
2 22 21 20 19 18 16 31 32 
2 22 21 20 17 18 30 31 32 
2 3 4 17 15 14 33 
2 22 21 19 18 16 31 32 33 
2 22 21 19 18 30 31 32 33 
2 22 21 20 17 18 16 31 32 33 
2 22 21 20 17 18 30 31 32 33 
2 22 21 20 19 18 16 31 32 33 
2 3 4 17 15 14 13 34 
2 22 21 19 18 16 31 32 33 34 
2 22 21 19 18 30 31 32 33 34 
2 22 21 20 17 18 16 31 32 33 34 
2 22 21 20 17 18 30 31 32 33 34 
2 22 21 20 19 18 16 31 32 33 34 
2 3 4 17 15 14 13 34 35 
2 22 21 19 18 16 31 38 37 36 35 
2 22 21 19 18 16 31 38 43 36 35 
2 22 21 26 27 28 29 38 43 36 35 
2 22 21 19 18 16 31 32 37 36 35 
2 22 21 19 18 30 31 38 37 36 35 
2 3 4 17 15 14 13 34 35 36 
2 22 21 19 18 16 31 38 37 36 
2 22 21 19 18 16 31 38 43 36 
2 22 21 19 18 16 31 32 37 36 
2 22 21 19 18 30 29 38 43 36 
2 22 21 19 27 28 29 38 43 36 
2 3 4 17 15 14 33 32 37 
2 22 21 19 18 16 31 38 37 
2 22 21 19 18 30 29 38 37 
2 22 21 19 27 28 29 38 37 
2 22 21 26 27 28 29 38 37 
2 22 21 19 27 40 39 38 37 
2 3 4 17 15 16 31 38 
2 22 21 19 18 30 29 38 
2 22 21 19 27 40 39 38 
2 22 21 26 27 40 39 38 
2 22 21 19 27 28 29 38 
2 22 21 26 27 28 29 38 
2 3 20 19 27 40 39 
2 22 21 26 27 28 29 39 
2 22 21 19 18 30 29 39 
2 22 21 26 27 28 29 38 39 
2 22 21 19 18 30 29 38 39 
2 22 21 19 18 30 31 38 39 
2 3 20 19 27 40 
2 22 21 26 25 41 40 
2 22 23 24 25 41 40 
2 1 23 24 25 41 40 
2 22 21 24 25 41 40 
2 22 21 26 24 25 41 40 
2 1 23 24 25 41 
2 22 21 26 27 40 41 
2 3 20 19 27 40 41 
2 22 21 19 27 40 41 
2 22 21 24 26 27 40 41 
2 22 21 20 19 27 40 41 
2 3 4 17 15 14 13 34 42 
2 22 21 19 18 16 31 38 37 36 42 
2 22 21 19 18 16 31 38 43 44 42 
2 22 21 26 27 28 29 38 43 44 42 
2 22 21 19 18 16 31 38 43 36 42 
2 22 21 19 18 16 31 32 37 36 42 
2 3 4 17 15 16 31 38 43 
2 22 21 19 18 30 29 38 37 36 43 
2 22 21 19 18 30 31 32 37 36 43 
2 22 21 19 27 40 39 38 37 36 43 
2 22 21 26 27 40 39 38 37 36 43 
2 22 21 19 27 28 29 38 37 36 43 
2 3 4 17 15 14 13 34 42 44 
2 22 21 19 18 16 31 38 43 44 
2 22 21 19 18 30 29 38 43 44 
2 22 21 19 27 28 29 38 43 44 
2 22 21 26 27 28 29 38 43 44 
2 22 21 19 18 30 31 38 43 44 
2 3 4 17 15 16 31 38 43 45 
2 22 21 19 18 16 15 14 13 34 42 44 45 
2 3 4 17 15 14 13 34 42 44 46 
2 22 21 19 18 16 31 38 43 45 46 
2 22 21 19 18 30 29 38 43 45 46 
2 22 21 19 18 30 31 38 43 45 46 
2 22 21 19 27 28 29 38 43 45 46 
2 22 21 19 27 40 39 38 43 45 46 
3 4 
3 20 17 4 
3 20 19 18 17 4 
3 20 17 15 6 5 4 
3 2 22 21 20 17 4 
3 20 21 19 18 17 4 
3 4 5 
3 20 17 15 6 5 
3 20 17 15 14 7 6 5 
3 20 17 18 16 15 6 5 
3 20 19 18 17 15 6 5 
3 20 19 18 16 15 6 5 
3 4 5 6 
3 20 17 15 6 
3 20 17 15 14 7 6 
3 20 19 18 16 15 6 
3 20 17 18 16 15 6 
3 20 19 18 17 15 6 
3 4 5 6 7 
3 20 17 15 14 7 
3 20 17 15 14 13 8 7 
3 20 17 18 16 15 14 7 
3 20 19 18 16 15 14 7 
3 20 19 18 17 15 14 7 
3 4 5 6 7 8 
3 20 17 15 14 13 8 
3 20 17 15 14 13 12 11 8 
3 20 17 15 14 33 34 13 8 
3 20 17 18 16 15 14 13 8 
3 20 19 18 16 15 14 13 8 
3 4 5 6 7 8 9 
3 20 17 15 14 13 8 11 10 9 
3 20 17 15 14 13 12 11 10 9 
3 20 17 15 14 33 34 13 8 11 10 9 
3 20 17 15 14 33 34 13 12 11 10 9 
3 20 17 18 16 15 14 13 8 11 10 9 
3 4 5 6 7 8 9 10 
3 20 17 15 14 13 12 11 10 
3 20 17 15 14 13 8 11 10 
3 20 17 15 14 33 34 13 12 11 10 
3 20 17 18 16 15 14 13 12 11 10 
3 20 19 18 16 15 14 13 12 11 10 
3 4 5 6 7 8 11 
3 20 17 15 14 13 12 11 
3 20 17 15 14 13 8 9 10 11 
3 20 17 15 14 33 34 13 12 11 
3 20 17 18 16 15 14 13 12 11 
3 20 19 18 16 15 14 13 12 11 
3 4 17 15 14 13 12 
3 20 17 4 5 6 7 8 11 12 
3 20 17 18 16 15 6 7 8 11 12 
3 20 19 18 16 15 6 7 8 11 12 
3 20 19 18 17 4 5 6 7 8 11 12 
3 20 17 4 5 6 7 8 9 10 11 12 
3 4 17 15 14 13 
3 20 17 4 5 6 7 8 13 
3 20 17 18 16 15 6 7 8 13 
3 20 17 18 16 31 32 33 34 13 
3 20 17 18 30 31 32 33 34 13 
3 20 19 18 16 15 6 7 8 13 
3 4 17 15 14 
3 20 17 4 5 6 7 14 
3 20 17 18 16 15 6 7 14 
3 20 17 18 16 31 32 33 14 
3 20 17 18 30 31 32 33 14 
3 20 19 18 16 15 6 7 14 
3 4 17 15 
3 20 17 18 16 15 
3 20 19 18 16 15 
3 20 17 4 5 6 15 
3 20 21 19 18 16 15 
3 20 17 18 30 31 16 15 
3 4 17 15 16 
3 20 19 18 16 
3 20 17 18 16 
3 20 21 19 18 16 
3 2 22 21 19 18 16 
3 20 17 18 30 31 16 
3 4 17 
3 20 17 
3 20 19 18 17 
3 2 22 21 20 17 
3 20 21 19 18 17 
3 20 19 18 16 15 17 
3 4 17 18 
3 20 19 18 
3 20 21 19 18 
3 2 22 21 19 18 
3 20 17 15 16 18 
3 20 21 26 27 19 18 
3 20 19 
3 2 22 21 19 
3 4 17 18 19 
3 4 17 20 21 19 
3 2 22 23 24 21 19 
3 2 1 23 24 21 19 
3 20 
3 4 17 20 
3 2 22 21 20 
3 4 17 18 19 20 
3 2 22 21 19 20 
3 4 5 6 15 17 20 
3 20 21 
3 2 22 21 
3 2 22 23 24 21 
3 2 1 23 24 21 
3 4 17 20 19 21 
3 4 17 18 19 21 
3 2 22 
3 20 21 22 
3 20 19 21 22 
3 20 21 24 23 22 
3 4 17 20 21 22 
3 20 19 21 24 23 22 
3 2 1 23 
3 20 21 22 23 
3 20 21 24 23 
3 20 19 21 24 23 
3 20 21 26 24 23 
3 20 19 21 22 23 
3 20 21 24 
3 2 1 23 24 
3 2 22 23 24 
3 2 22 21 26 24 
3 2 22 21 26 25 24 
3 2 22 21 19 27 26 24 
3 20 21 24 25 
3 2 22 21 26 25 
3 2 1 23 24 26 25 
3 2 22 23 24 26 25 
3 2 1 23 22 21 26 25 
3 2 22 21 19 27 26 25 
3 20 21 26 
3 2 22 21 24 26 
3 2 22 23 24 26 
3 2 1 23 24 26 
3 2 22 21 24 25 26 
3 2 22 21 19 27 26 
3 20 19 27 
3 2 22 21 26 27 
3 2 22 23 24 26 27 
3 2 1 23 24 26 27 
3 4 17 20 21 26 27 
3 2 22 21 24 26 27 
3 20 19 27 28 
3 4 17 18 30 29 28 
3 2 22 21 19 18 30 29 28 
3 4 17 18 30 31 38 29 28 
3 4 17 18 16 31 30 29 28 
3 4 17 15 16 18 30 29 28 
3 4 17 18 30 29 
3 20 19 27 28 29 
3 20 19 27 40 39 29 
3 20 21 19 27 28 29 
3 20 21 26 27 28 29 
3 2 22 21 26 27 28 29 
3 4 17 18 30 
3 20 19 18 16 31 30 
3 20 19 27 28 29 30 
3 20 17 15 16 31 30 
3 20 21 19 18 16 31 30 
3 20 21 19 27 28 29 30 
3 4 17 15 16 31 
3 20 19 18 30 31 
3 20 17 18 30 31 
3 20 21 19 18 30 31 
3 20 19 18 30 29 38 31 
3 20 19 27 28 29 38 31 
3 4 17 15 14 33 32 
3 20 19 18 16 31 32 
3 20 19 18 30 31 32 
3 20 17 18 16 31 32 
3 20 17 18 30 31 32 
3 20 21 19 18 16 31 32 
3 4 17 15 14 33 
3 20 17 18 16 31 32 33 
3 20 19 18 16 31 32 33 
3 20 17 18 30 31 32 33 
3 20 19 18 30 31 32 33 
3 20 21 19 18 16 31 32 33 
3 4 17 15 14 13 34 
3 20 17 18 16 31 32 33 34 
3 20 19 18 16 31 32 33 34 
3 20 17 18 30 31 32 33 34 
3 20 19 18 30 31 32 33 34 
3 20 17 4 5 6 7 14 33 34 
3 4 17 15 14 13 34 35 
3 20 17 18 16 31 38 37 36 35 
3 20 19 18 16 31 38 37 36 35 
3 20 17 18 16 31 38 43 36 35 
3 20 17 18 30 29 38 43 36 35 
3 20 19 18 16 31 38 43 36 35 
3 4 17 15 14 13 34 35 36 
3 20 19 18 16 31 38 37 36 
3 20 19 18 16 31 38 43 36 
3 20 19 18 16 31 32 37 36 
3 20 19 18 30 29 38 43 36 
3 20 19 27 28 29 38 43 36 
3 4 17 15 14 33 32 37 
3 20 19 18 16 31 38 37 
3 20 19 18 30 29 38 37 
3 20 19 27 28 29 38 37 
3 20 19 27 40 39 38 37 
3 20 17 18 16 31 38 37 
3 4 17 15 16 31 38 
3 20 19 18 30 29 38 
3 20 19 27 40 39 38 
3 20 19 27 28 29 38 
3 20 17 18 30 29 38 
3 20 19 18 30 29 39 38 
3 20 19 27 40 39 
3 4 17 18 30 29 39 
3 4 17 18 30 29 38 39 
3 4 17 18 30 31 38 39 
3 4 17 18 16 31 38 39 
3 4 17 15 16 31 38 39 
3 20 19 27 40 
3 2 22 21 26 25 41 40 
3 2 22 23 24 25 41 40 
3 2 1 23 24 25 41 40 
3 4 17 18 30 29 39 40 
3 2 22 21 24 25 41 40 
3 20 19 27 40 41 
3 2 1 23 24 25 41 
3 2 22 21 26 25 41 
3 2 22 21 24 25 41 
3 2 22 23 24 25 41 
3 2 1 23 24 26 25 41 
3 4 17 15 14 13 34 42 
3 20 17 18 16 31 38 37 36 42 
3 20 19 18 16 31 38 37 36 42 
3 20 17 18 16 31 38 43 44 42 
3 20 17 18 30 29 38 43 44 42 
3 20 19 18 16 31 38 43 44 42 
3 4 17 15 16 31 38 43 
3 20 19 18 30 29 38 37 36 43 
3 20 19 18 30 31 32 37 36 43 
3 20 19 27 40 39 38 37 36 43 
3 20 19 27 28 29 38 37 36 43 
3 20 17 18 30 29 38 37 36 43 
3 4 17 15 14 13 34 42 44 
3 20 19 18 16 31 38 43 44 
3 20 19 18 30 29 38 43 44 
3 20 19 27 28 29 38 43 44 
3 20 19 18 30 31 38 43 44 
3 20 19 27 40 39 38 43 44 
3 4 17 15 16 31 38 43 45 
3 20 19 18 16 15 14 13 34 42 44 45 
3 20 17 18 16 15 14 13 34 42 44 45 
3 20 19 18 30 29 38 37 36 43 44 45 
3 20 19 18 30 29 38 37 36 42 44 45 
3 20 19 18 30 31 32 37 36 43 44 45 
3 4 17 15 14 13 34 42 44 46 
3 20 19 18 16 31 38 43 45 46 
3 20 19 18 30 29 38 43 45 46 
3 20 19 18 30 31 38 43 45 46 
3 20 19 27 28 29 38 43 45 46 
3 20 19 27 40 39 38 43 45 46 
4 5 
4 17 15 6 5 
4 17 15 14 7 6 5 
4 17 18 16 15 6 5 
4 3 20 17 15 6 5 
4 17 15 14 13 8 7 6 5 
4 5 6 
4 17 15 6 
4 17 15 14 7 6 
4 17 18 16 15 6 
4 3 20 17 15 6 
4 17 15 14 13 8 7 6 
4 5 6 7 
4 17 15 14 7 
4 17 15 14 13 8 7 
4 17 18 16 15 14 7 
4 3 20 17 15 14 7 
4 17 15 16 31 32 33 14 7 
4 5 6 7 8 
4 17 15 14 13 8 
4 17 15 14 13 12 11 8 
4 17 15 14 33 34 13 8 
4 17 18 16 15 14 13 8 
4 3 20 17 15 14 13 8 
4 5 6 7 8 9 
4 17 15 14 13 8 11 10 9 
4 17 15 14 13 12 11 10 9 
4 17 15 14 33 34 13 8 11 10 9 
4 17 15 14 33 34 13 12 11 10 9 
4 17 18 16 15 14 13 8 11 10 9 
4 5 6 7 8 9 10 
4 17 15 14 13 12 11 10 
4 17 15 14 13 8 11 10 
4 17 15 14 33 34 13 12 11 10 
4 17 18 16 15 14 13 12 11 10 
4 3 20 17 15 14 13 12 11 10 
4 5 6 7 8 11 
4 17 15 14 13 12 11 
4 17 15 14 13 8 9 10 11 
4 17 15 14 33 34 13 12 11 
4 17 18 16 15 14 13 12 11 
4 3 20 17 15 14 13 12 11 
4 17 15 14 13 12 
4 5 6 7 8 11 12 
4 5 6 7 8 9 10 11 12 
4 5 6 7 14 33 34 13 8 11 12 
4 3 20 17 18 16 15 6 7 8 11 12 
4 3 20 19 18 16 15 6 7 8 11 12 
4 17 15 14 13 
4 5 6 7 8 13 
4 5 6 7 8 11 12 13 
4 5 6 7 14 33 34 13 
4 5 6 15 16 31 32 33 34 13 
4 5 6 7 8 9 10 11 12 13 
4 17 15 14 
4 5 6 7 14 
4 5 6 7 8 13 14 
4 5 6 15 16 31 32 33 14 
4 5 6 7 8 13 34 33 14 
4 5 6 7 8 11 12 13 14 
4 17 15 
4 5 6 15 
4 5 6 7 14 15 
4 3 20 17 18 16 15 
4 3 20 19 18 16 15 
4 5 6 7 8 13 14 15 
4 17 15 16 
4 3 20 17 18 16 
4 3 20 19 18 16 
4 5 6 15 17 18 16 
4 3 20 21 19 18 16 
4 3 20 17 18 30 31 16 
4 17 
4 3 20 17 
4 5 6 15 17 
4 3 20 19 18 17 
4 3 2 22 21 20 17 
4 5 6 15 16 18 17 
4 17 18 
4 3 20 19 18 
4 3 20 21 19 18 
4 5 6 15 16 18 
4 3 2 22 21 19 18 
4 3 20 17 15 16 18 
4 3 20 19 
4 17 18 19 
4 17 20 21 19 
4 17 15 16 18 19 
4 5 6 15 16 18 19 
4 17 20 21 26 27 19 
4 3 20 
4 17 20 
4 17 18 19 20 
4 5 6 15 17 20 
4 17 18 19 21 20 
4 17 15 16 18 19 20 
4 3 20 21 
4 17 20 19 21 
4 17 18 19 21 
4 17 20 19 27 26 21 
4 17 20 3 2 22 21 
4 17 15 16 18 19 21 
4 3 2 22 
4 17 20 21 22 
4 17 18 19 21 22 
4 17 20 19 21 22 
4 17 20 21 24 23 22 
4 17 18 19 20 21 22 
4 3 2 1 23 
4 17 20 21 22 23 
4 17 20 21 24 23 
4 17 18 19 21 24 23 
4 17 20 21 26 24 23 
4 17 20 19 21 22 23 
4 3 20 21 24 
4 17 20 19 21 26 24 
4 17 20 19 27 26 24 
4 17 18 19 21 26 24 
4 17 18 19 27 26 24 
4 17 20 3 2 1 23 24 
4 3 20 21 24 25 
4 17 20 19 27 26 25 
4 17 18 19 27 26 25 
4 17 20 19 21 26 25 
4 17 18 19 21 26 25 
4 17 20 19 27 40 41 25 
4 3 20 21 26 
4 17 20 19 27 26 
4 17 18 19 27 26 
4 17 20 19 21 24 26 
4 17 18 19 21 24 26 
4 17 18 30 29 28 27 26 
4 3 20 19 27 
4 17 20 21 26 27 
4 17 18 19 21 26 27 
4 17 18 30 29 28 27 
4 17 20 21 24 26 27 
4 17 18 19 21 24 26 27 
4 3 20 19 27 28 
4 17 18 30 29 28 
4 17 18 30 31 38 29 28 
4 17 18 16 31 30 29 28 
4 17 15 16 18 30 29 28 
4 17 18 16 31 38 29 28 
4 17 18 30 29 
4 3 20 19 27 28 29 
4 3 20 19 27 40 39 29 
4 3 20 21 19 27 28 29 
4 5 6 15 16 31 38 29 
4 3 20 21 26 27 28 29 
4 17 18 30 
4 5 6 15 16 31 30 
4 3 20 19 18 16 31 30 
4 3 20 19 27 28 29 30 
4 3 20 17 15 16 31 30 
4 5 6 15 16 31 38 29 30 
4 17 15 16 31 
4 3 20 17 18 30 31 
4 3 20 19 18 30 31 
4 5 6 15 17 18 30 31 
4 5 6 7 14 33 32 31 
4 3 20 21 19 18 30 31 
4 17 15 14 33 32 
4 5 6 15 16 31 32 
4 3 20 17 18 30 31 32 
4 3 20 19 18 30 31 32 
4 3 20 17 18 16 31 32 
4 3 20 19 18 16 31 32 
4 17 15 14 33 
4 5 6 7 14 13 34 33 
4 5 6 7 8 13 34 33 
4 5 6 15 16 31 32 33 
4 3 20 17 18 16 31 32 33 
4 3 20 19 18 16 31 32 33 
4 17 15 14 13 34 
4 5 6 7 14 33 34 
4 5 6 7 8 13 14 33 34 
4 5 6 15 16 31 32 33 34 
4 3 20 17 18 16 31 32 33 34 
4 3 20 19 18 16 31 32 33 34 
4 17 15 14 13 34 35 
4 5 6 7 14 33 34 42 36 35 
4 5 6 7 14 33 32 37 36 35 
4 5 6 15 16 31 38 37 36 35 
4 5 6 15 16 31 38 43 36 35 
4 5 6 15 16 31 32 37 36 35 
4 17 15 14 13 34 35 36 
4 5 6 7 14 33 32 37 36 
4 5 6 15 16 31 38 37 36 
4 5 6 15 16 31 38 43 36 
4 5 6 15 16 31 32 37 36 
4 5 6 7 14 33 34 42 36 
4 17 15 14 33 32 37 
4 5 6 15 16 31 38 37 
4 3 20 17 18 30 29 38 37 
4 3 20 19 18 30 29 38 37 
4 3 20 19 27 40 39 38 37 
4 3 20 17 18 30 31 38 37 
4 17 15 16 31 38 
4 3 20 17 18 30 29 38 
4 3 20 19 27 40 39 38 
4 3 20 19 27 28 29 38 
4 3 20 19 18 30 29 38 
4 5 6 15 17 18 30 29 38 
4 17 18 30 29 39 
4 3 20 19 27 40 39 
4 5 6 15 16 31 38 39 
4 3 20 21 19 27 40 39 
4 3 20 21 26 27 40 39 
4 3 2 22 21 26 27 40 39 
4 3 20 19 27 40 
4 17 18 30 29 39 40 
4 17 15 16 31 38 39 40 
4 17 18 30 31 38 39 40 
4 17 18 16 31 38 39 40 
4 17 20 21 26 25 41 40 
4 3 20 19 27 40 41 
4 17 20 21 24 25 41 
4 17 20 21 26 25 41 
4 17 18 19 21 24 25 41 
4 17 20 21 24 26 25 41 
4 17 18 19 21 26 25 41 
4 17 15 14 13 34 42 
4 5 6 7 14 33 34 35 36 42 
4 5 6 7 14 33 32 37 36 42 
4 5 6 15 16 31 38 37 36 42 
4 5 6 15 16 31 38 43 44 42 
4 5 6 15 16 31 38 43 36 42 
4 17 15 16 31 38 43 
4 5 6 7 14 33 32 37 36 43 
4 5 6 15 14 33 32 37 36 43 
4 5 6 7 14 33 34 42 44 43 
4 5 6 7 8 13 34 42 44 43 
4 5 6 15 14 33 34 42 44 43 
4 17 15 14 13 34 42 44 
4 5 6 15 16 31 38 43 44 
4 5 6 15 16 31 38 43 45 44 
4 3 20 17 18 30 29 38 43 44 
4 3 20 19 18 30 29 38 43 44 
4 3 20 17 18 30 31 38 43 44 
4 17 15 16 31 38 43 45 
4 5 6 15 14 13 34 42 44 45 
4 5 6 7 8 13 34 42 44 45 
4 5 6 15 14 33 34 42 44 45 
4 5 6 7 14 33 34 42 44 45 
4 5 6 7 14 13 34 42 44 45 
4 17 15 14 13 34 42 44 46 
4 5 6 15 16 31 38 43 45 46 
4 5 6 15 16 31 38 43 44 45 46 
4 3 20 17 18 30 29 38 43 45 46 
4 3 20 17 18 30 31 38 43 45 46 
4 3 20 17 18 16 31 38 43 45 46 
5 6 
5 4 17 15 6 
5 4 17 15 14 7 6 
5 4 17 18 16 15 6 
5 4 3 20 17 15 6 
5 4 17 15 14 13 8 7 6 
5 6 7 
5 4 17 15 14 7 
5 4 17 15 14 13 8 7 
5 4 17 18 16 15 14 7 
5 4 3 20 17 15 14 7 
5 4 17 15 16 31 32 33 14 7 
5 6 7 8 
5 4 17 15 14 13 8 
5 4 17 15 14 13 12 11 8 
5 4 17 15 14 33 34 13 8 
5 4 17 18 16 15 14 13 8 
5 4 3 20 17 15 14 13 8 
5 6 7 8 9 
5 4 17 15 14 13 8 11 10 9 
5 4 17 15 14 13 12 11 10 9 
5 4 17 15 14 33 34 13 8 11 10 9 
5 4 17 15 14 33 34 13 12 11 10 9 
5 4 17 18 16 15 14 13 8 11 10 9 
5 6 7 8 9 10 
5 4 17 15 14 13 12 11 10 
5 4 17 15 14 13 8 11 10 
5 4 17 15 14 33 34 13 12 11 10 
5 4 17 18 16 15 14 13 12 11 10 
5 4 3 20 17 15 14 13 12 11 10 
5 6 7 8 11 
5 4 17 15 14 13 12 11 
5 4 17 15 14 13 8 9 10 11 
5 4 17 15 14 33 34 13 12 11 
5 4 17 18 16 15 14 13 12 11 
5 4 3 20 17 15 14 13 12 11 
5 6 7 8 11 12 
5 4 17 15 14 13 12 
5 4 17 18 16 15 14 13 12 
5 4 3 20 17 15 14 13 12 
5 4 17 15 14 33 34 13 12 
5 4 17 15 16 31 32 33 14 13 12 
5 6 7 8 13 
5 4 17 15 14 13 
5 4 17 18 16 15 14 13 
5 4 3 20 17 15 14 13 
5 4 17 15 14 33 34 13 
5 4 17 15 16 31 32 33 14 13 
5 6 7 14 
5 4 17 15 14 
5 4 17 18 16 15 14 
5 4 3 20 17 15 14 
5 4 17 15 16 31 32 33 14 
5 4 17 18 16 31 32 33 14 
5 6 15 
5 4 17 15 
5 4 17 18 16 15 
5 4 3 20 17 15 
5 4 17 18 30 31 16 15 
5 4 17 20 19 18 16 15 
5 6 15 16 
5 4 17 18 16 
5 4 17 18 30 31 16 
5 4 3 20 19 18 16 
5 4 17 20 19 18 16 
5 4 3 20 17 18 16 
5 4 17 
5 6 15 17 
5 6 15 16 18 17 
5 6 7 14 15 17 
5 6 15 16 18 19 20 17 
5 6 15 16 31 30 18 17 
5 4 17 18 
5 6 15 16 18 
5 6 15 16 31 30 18 
5 6 15 17 20 19 18 
5 6 7 14 15 16 18 
5 6 15 17 20 21 19 18 
5 4 3 20 19 
5 6 15 17 18 19 
5 6 15 16 18 19 
5 6 15 17 20 21 19 
5 6 7 14 15 16 18 19 
5 6 15 16 31 30 18 19 
5 4 3 20 
5 6 15 17 20 
5 6 15 16 18 19 20 
5 6 7 14 15 17 20 
5 6 15 17 18 19 20 
5 6 15 16 18 17 20 
5 4 3 20 21 
5 6 15 17 20 19 21 
5 6 15 17 18 19 21 
5 6 15 16 18 19 21 
5 6 15 17 20 19 27 26 21 
5 6 15 17 20 3 2 22 21 
5 4 3 2 22 
5 6 15 17 20 21 22 
5 6 15 16 18 19 21 22 
5 6 15 17 20 19 21 22 
5 6 15 17 18 19 21 22 
5 6 15 17 20 21 24 23 22 
5 4 3 2 1 23 
5 6 15 17 20 21 22 23 
5 6 15 17 20 21 24 23 
5 6 15 16 18 19 21 24 23 
5 6 15 17 20 21 26 24 23 
5 6 15 17 20 19 21 22 23 
5 4 3 20 21 24 
5 6 15 17 20 19 21 26 24 
5 6 15 17 20 19 27 26 24 
5 6 15 17 18 19 21 26 24 
5 6 15 16 18 19 21 26 24 
5 6 15 17 18 19 27 26 24 
5 4 3 20 21 24 25 
5 6 15 17 20 19 27 26 25 
5 6 15 17 18 19 27 26 25 
5 6 15 16 18 19 27 26 25 
5 6 15 17 20 19 21 26 25 
5 6 15 17 18 19 21 26 25 
5 4 3 20 21 26 
5 6 15 17 20 19 27 26 
5 6 15 17 18 19 27 26 
5 6 15 16 18 19 27 26 
5 6 15 17 20 19 21 24 26 
5 6 15 17 18 19 21 24 26 
5 4 3 20 19 27 
5 6 15 17 20 21 26 27 
5 6 15 17 18 19 21 26 27 
5 6 15 17 18 30 29 28 27 
5 6 15 16 18 19 21 26 27 
5 6 15 16 31 38 39 40 27 
5 4 3 20 19 27 28 
5 6 15 17 18 30 29 28 
5 6 15 16 31 38 29 28 
5 6 15 16 31 30 29 28 
5 6 15 16 18 30 29 28 
5 6 15 16 31 38 39 29 28 
5 4 17 18 30 29 
5 6 15 16 31 38 29 
5 6 15 16 31 38 39 29 
5 6 7 14 33 32 37 38 29 
5 6 15 16 31 32 37 38 29 
5 6 15 16 18 19 27 28 29 
5 4 17 18 30 
5 6 15 16 31 30 
5 6 15 16 31 38 29 30 
5 6 7 14 33 32 31 30 
5 6 15 14 33 32 31 30 
5 6 7 14 15 16 31 30 
5 6 15 16 31 
5 4 17 18 30 31 
5 4 17 18 30 29 38 31 
5 4 17 15 14 33 32 31 
5 4 17 20 19 18 30 31 
5 4 3 20 19 18 30 31 
5 6 7 14 33 32 
5 4 17 15 16 31 32 
5 4 17 18 30 31 32 
5 4 17 18 16 31 32 
5 4 17 15 16 31 38 37 32 
5 4 17 15 16 18 30 31 32 
5 6 7 14 33 
5 4 17 15 14 13 34 33 
5 4 17 18 16 31 32 33 
5 4 17 15 16 31 32 33 
5 4 17 18 30 31 32 33 
5 4 17 15 14 7 8 13 34 33 
5 6 7 8 13 34 
5 4 17 15 14 33 34 
5 4 17 18 16 31 32 33 34 
5 4 17 15 16 31 32 33 34 
5 4 17 18 30 31 32 33 34 
5 4 3 20 17 15 14 33 34 
5 6 7 8 13 34 35 
5 4 17 15 14 33 34 42 36 35 
5 4 17 15 14 33 32 37 36 35 
5 4 17 18 16 31 38 37 36 35 
5 4 17 15 16 31 38 37 36 35 
5 4 17 18 16 31 38 43 36 35 
5 6 7 8 13 34 35 36 
5 4 17 15 16 31 38 37 36 
5 4 17 15 16 31 38 43 36 
5 4 17 15 16 31 32 37 36 
5 4 17 18 30 29 38 43 36 
5 4 17 15 14 33 32 37 36 
5 6 7 14 33 32 37 
5 4 17 15 16 31 38 37 
5 4 17 18 30 29 38 37 
5 4 17 18 30 31 38 37 
5 4 17 18 16 31 38 37 
5 4 17 18 30 29 39 38 37 
5 6 15 16 31 38 
5 4 17 18 30 29 38 
5 4 17 18 30 29 39 38 
5 4 3 20 19 27 40 39 38 
5 4 17 18 30 31 32 37 38 
5 4 17 18 19 27 28 29 38 
5 4 17 18 30 29 39 
5 6 15 16 31 38 39 
5 6 7 14 33 32 37 38 39 
5 6 15 16 31 32 37 38 39 
5 6 15 16 18 19 27 40 39 
5 6 15 17 20 19 27 40 39 
5 4 3 20 19 27 40 
5 6 15 16 31 38 39 40 
5 6 15 16 31 38 29 39 40 
5 6 15 16 31 30 29 39 40 
5 6 15 16 18 30 29 39 40 
5 6 15 17 18 30 29 39 40 
5 4 3 20 19 27 40 41 
5 6 15 17 20 21 24 25 41 
5 6 15 17 20 21 26 25 41 
5 6 15 16 18 19 21 24 25 41 
5 6 15 17 20 21 24 26 25 41 
5 6 15 17 18 19 21 24 25 41 
5 6 7 8 13 34 42 
5 4 17 15 14 33 34 35 36 42 
5 4 17 15 14 33 32 37 36 42 
5 4 17 18 16 31 38 37 36 42 
5 4 17 15 16 31 38 37 36 42 
5 4 17 18 16 31 38 43 44 42 
5 6 15 16 31 38 43 
5 4 17 18 30 29 38 37 36 43 
5 4 17 18 30 31 32 37 36 43 
5 4 17 15 14 33 32 37 36 43 
5 4 17 15 14 33 34 42 44 43 
5 4 17 15 14 13 34 42 44 43 
5 6 7 8 13 34 42 44 
5 4 17 15 16 31 38 43 44 
5 4 17 18 30 29 38 43 44 
5 4 17 18 30 31 38 43 44 
5 4 17 18 16 31 38 43 44 
5 4 17 15 16 31 38 43 45 44 
5 6 15 16 31 38 43 45 
5 4 17 15 14 13 34 42 44 45 
5 4 17 15 14 33 34 42 44 45 
5 4 17 15 14 13 34 42 44 46 45 
5 4 17 15 14 33 34 42 44 46 45 
5 4 17 18 16 15 14 13 34 42 44 45 
5 6 7 8 13 34 42 44 46 
5 4 17 15 16 31 38 43 45 46 
5 4 17 18 30 29 38 43 45 46 
5 4 17 18 30 31 38 43 45 46 
5 4 17 18 16 31 38 43 45 46 
5 4 17 15 16 31 38 43 44 45 46 
6 7 
6 15 14 7 
6 15 14 13 8 7 
6 5 4 17 15 14 7 
6 15 16 31 32 33 14 7 
6 15 14 13 12 11 8 7 
6 7 8 
6 15 14 13 8 
6 15 14 13 12 11 8 
6 15 14 33 34 13 8 
6 5 4 17 15 14 13 8 
6 15 16 31 32 33 34 13 8 
6 7 8 9 
6 15 14 13 8 11 10 9 
6 15 14 13 12 11 10 9 
6 15 14 33 34 13 8 11 10 9 
6 15 14 33 34 13 12 11 10 9 
6 5 4 17 15 14 13 8 11 10 9 
6 7 8 9 10 
6 15 14 13 12 11 10 
6 15 14 13 8 11 10 
6 15 14 33 34 13 12 11 10 
6 15 14 33 34 13 8 11 10 
6 5 4 17 15 14 13 12 11 10 
6 7 8 11 
6 15 14 13 12 11 
6 15 14 13 8 9 10 11 
6 15 14 33 34 13 12 11 
6 5 4 17 15 14 13 12 11 
6 15 14 33 34 13 8 9 10 11 
6 7 8 11 12 
6 15 14 13 12 
6 15 14 33 34 13 12 
6 5 4 17 15 14 13 12 
6 15 16 31 32 33 34 13 12 
6 15 16 31 32 33 14 13 12 
6 7 8 13 
6 15 14 13 
6 15 14 33 34 13 
6 5 4 17 15 14 13 
6 15 16 31 32 33 34 13 
6 15 16 31 32 33 14 13 
6 7 14 
6 15 14 
6 5 4 17 15 14 
6 15 16 31 32 33 14 
6 5 4 17 18 16 15 14 
6 5 4 3 20 17 15 14 
6 15 
6 7 14 15 
6 5 4 17 15 
6 7 8 13 14 15 
6 5 4 17 18 16 15 
6 5 4 3 20 17 15 
6 15 16 
6 5 4 17 18 16 
6 7 14 15 17 18 16 
6 7 14 33 32 31 16 
6 5 4 17 18 30 31 16 
6 5 4 3 20 19 18 16 
6 15 17 
6 5 4 17 
6 5 4 3 20 17 
6 7 14 15 16 18 17 
6 5 4 3 20 19 18 17 
6 7 14 33 32 31 16 18 17 
6 15 17 18 
6 7 14 15 16 18 
6 5 4 17 20 19 18 
6 5 4 3 20 19 18 
6 5 4 17 15 16 18 
6 7 14 15 16 31 30 18 
6 15 17 20 19 
6 5 4 17 18 19 
6 5 4 3 20 21 19 
6 7 14 15 16 18 19 
6 5 4 3 2 22 21 19 
6 5 4 17 15 16 18 19 
6 15 17 20 
6 5 4 3 20 
6 5 4 17 18 19 20 
6 5 4 3 2 22 21 20 
6 7 14 15 16 18 19 20 
6 5 4 17 18 19 21 20 
6 15 17 20 21 
6 5 4 3 20 19 21 
6 5 4 3 2 22 21 
6 5 4 17 18 19 21 
6 7 14 15 16 18 19 21 
6 5 4 3 20 19 27 26 21 
6 5 4 3 2 22 
6 15 17 20 21 22 
6 15 16 18 19 21 22 
6 15 17 20 19 21 22 
6 15 17 18 19 21 22 
6 15 17 20 21 24 23 22 
6 5 4 3 2 1 23 
6 15 17 20 21 22 23 
6 15 17 20 21 24 23 
6 15 16 18 19 21 24 23 
6 15 17 20 21 26 24 23 
6 15 17 20 19 21 22 23 
6 15 17 20 21 24 
6 5 4 3 2 1 23 24 
6 5 4 3 2 22 23 24 
6 5 4 3 20 19 21 26 24 
6 5 4 3 20 19 27 26 24 
6 5 4 17 18 19 21 26 24 
6 15 17 20 21 24 25 
6 5 4 3 20 19 27 26 25 
6 5 4 17 18 19 27 26 25 
6 5 4 3 2 22 21 26 25 
6 5 4 3 20 19 21 26 25 
6 5 4 17 18 19 21 26 25 
6 15 17 20 21 26 
6 5 4 3 20 19 27 26 
6 5 4 17 18 19 27 26 
6 5 4 3 2 22 21 24 26 
6 5 4 3 2 22 23 24 26 
6 5 4 3 2 1 23 24 26 
6 15 17 20 19 27 
6 5 4 3 20 21 26 27 
6 5 4 3 2 22 21 26 27 
6 5 4 17 18 19 21 26 27 
6 5 4 17 18 30 29 28 27 
6 5 4 3 20 21 24 26 27 
6 15 17 20 19 27 28 
6 5 4 17 18 30 29 28 
6 7 14 15 16 31 38 29 28 
6 7 14 33 32 31 38 29 28 
6 7 14 15 16 31 30 29 28 
6 7 14 33 32 31 30 29 28 
6 15 17 18 30 29 
6 7 14 15 16 31 38 29 
6 7 14 33 32 37 38 29 
6 7 14 33 32 31 38 29 
6 5 4 17 20 19 27 28 29 
6 5 4 3 20 19 27 28 29 
6 15 17 18 30 
6 7 14 15 16 31 30 
6 7 14 33 32 31 30 
6 5 4 17 15 16 31 30 
6 7 14 15 16 31 38 29 30 
6 7 8 13 34 33 32 31 30 
6 15 16 31 
6 7 14 33 32 31 
6 5 4 17 18 30 31 
6 7 14 33 32 37 38 31 
6 7 8 13 34 33 32 31 
6 7 14 15 17 18 30 31 
6 7 14 33 32 
6 15 16 31 32 
6 15 16 31 38 37 32 
6 15 16 18 30 31 32 
6 15 17 18 16 31 32 
6 15 17 18 30 31 32 
6 7 14 33 
6 15 14 13 34 33 
6 15 16 31 32 33 
6 15 14 7 8 13 34 33 
6 15 16 31 38 37 32 33 
6 15 16 18 30 31 32 33 
6 7 8 13 34 
6 15 14 33 34 
6 15 16 31 32 33 34 
6 5 4 17 15 14 33 34 
6 15 14 33 32 37 36 35 34 
6 15 16 31 32 37 36 35 34 
6 7 8 13 34 35 
6 15 14 33 34 42 36 35 
6 15 14 33 32 37 36 35 
6 15 16 31 38 37 36 35 
6 15 16 31 38 43 36 35 
6 15 16 31 32 37 36 35 
6 7 8 13 34 35 36 
6 15 16 31 38 37 36 
6 15 16 31 38 43 36 
6 15 16 31 32 37 36 
6 15 14 33 32 37 36 
6 15 14 33 34 42 36 
6 7 14 33 32 37 
6 15 16 31 38 37 
6 15 16 31 38 43 36 37 
6 15 16 18 30 29 38 37 
6 15 16 31 30 29 38 37 
6 15 14 13 34 35 36 37 
6 15 16 31 38 
6 7 14 33 32 37 38 
6 5 4 17 18 30 29 38 
6 7 14 33 32 37 36 43 38 
6 7 14 33 34 35 36 43 38 
6 7 8 13 34 35 36 43 38 
6 15 16 31 38 39 
6 5 4 17 18 30 29 39 
6 5 4 17 20 19 27 40 39 
6 5 4 3 20 19 27 40 39 
6 7 14 15 17 18 30 29 39 
6 7 14 33 32 37 38 29 39 
6 15 17 20 19 27 40 
6 7 14 15 16 31 38 39 40 
6 5 4 17 18 30 29 39 40 
6 7 14 33 32 37 38 39 40 
6 7 14 33 32 31 38 39 40 
6 5 4 17 15 16 31 38 39 40 
6 15 17 20 19 27 40 41 
6 5 4 3 20 21 24 25 41 
6 5 4 3 20 21 26 25 41 
6 5 4 3 20 21 24 26 25 41 
6 5 4 3 2 1 23 24 25 41 
6 5 4 17 18 19 21 24 25 41 
6 7 8 13 34 42 
6 15 14 33 34 35 36 42 
6 15 14 33 32 37 36 42 
6 15 16 31 38 37 36 42 
6 15 16 31 38 43 44 42 
6 15 16 31 38 43 36 42 
6 15 16 31 38 43 
6 7 14 33 32 37 36 43 
6 7 14 33 34 42 44 43 
6 7 8 13 34 42 44 43 
6 7 14 33 34 42 36 43 
6 7 14 33 34 35 36 43 
6 7 8 13 34 42 44 
6 15 16 31 38 43 44 
6 15 16 31 38 43 45 44 
6 15 16 31 30 29 38 43 44 
6 15 16 18 30 29 38 43 44 
6 15 17 18 16 31 38 43 44 
6 15 16 31 38 43 45 
6 7 8 13 34 42 44 45 
6 7 14 33 34 42 44 45 
6 7 14 13 34 42 44 45 
6 7 8 13 34 42 44 46 45 
6 7 14 33 34 42 44 46 45 
6 7 8 13 34 42 44 46 
6 15 16 31 38 43 45 46 
6 15 16 31 38 43 44 45 46 
6 15 17 18 16 31 38 43 45 46 
6 15 14 33 34 35 36 43 45 46 
6 15 14 33 32 31 38 43 45 46 
7 8 
7 14 13 8 
7 14 13 12 11 8 
7 14 33 34 13 8 
7 6 15 14 13 8 
7 14 13 12 11 10 9 8 
7 8 9 
7 14 13 8 11 10 9 
7 14 13 12 11 10 9 
7 14 33 34 13 8 11 10 9 
7 14 33 34 13 12 11 10 9 
7 6 15 14 13 8 11 10 9 
7 8 9 10 
7 14 13 12 11 10 
7 14 13 8 11 10 
7 14 33 34 13 8 11 10 
7 14 33 34 13 12 11 10 
7 6 15 14 13 8 11 10 
7 8 11 
7 14 13 12 11 
7 14 13 8 9 10 11 
7 14 33 34 13 12 11 
7 6 15 14 13 12 11 
7 14 33 34 13 8 9 10 11 
7 8 11 12 
7 14 13 12 
7 14 33 34 13 12 
7 6 15 14 13 12 
7 6 15 14 33 34 13 12 
7 6 5 4 17 15 14 13 12 
7 8 13 
7 14 13 
7 14 33 34 13 
7 6 15 14 13 
7 6 15 14 33 34 13 
7 6 5 4 17 15 14 13 
7 14 
7 6 15 14 
7 8 13 14 
7 8 13 34 33 14 
7 8 11 12 13 14 
7 6 5 4 17 15 14 
7 6 15 
7 14 15 
7 8 13 14 15 
7 14 33 32 31 16 15 
7 8 13 34 33 14 15 
7 8 11 12 13 14 15 
7 6 15 16 
7 14 15 17 18 16 
7 14 33 32 31 16 
7 14 15 17 18 30 31 16 
7 14 15 17 20 19 18 16 
7 14 33 32 31 30 18 16 
7 6 15 17 
7 14 15 16 18 17 
7 14 15 6 5 4 17 
7 14 33 32 31 16 18 17 
7 14 15 16 18 19 20 17 
7 14 15 16 31 30 18 17 
7 6 15 17 18 
7 14 15 16 18 
7 14 15 16 31 30 18 
7 14 33 32 31 30 18 
7 14 33 32 31 16 18 
7 8 13 14 15 16 18 
7 6 15 17 20 19 
7 14 15 16 18 19 
7 14 15 16 31 30 18 19 
7 14 33 32 31 30 18 19 
7 14 33 32 31 16 18 19 
7 8 13 14 15 16 18 19 
7 6 15 17 20 
7 14 15 16 18 19 20 
7 14 15 16 18 19 21 20 
7 14 15 6 5 4 3 20 
7 14 33 32 31 16 18 19 20 
7 8 13 14 15 16 18 19 20 
7 6 15 17 20 21 
7 14 15 16 18 19 21 
7 14 33 32 31 16 18 19 21 
7 14 15 16 31 30 18 19 21 
7 8 13 14 15 16 18 19 21 
7 14 15 16 18 19 27 26 21 
7 6 5 4 3 2 22 
7 14 15 17 20 21 22 
7 14 15 16 18 19 21 22 
7 14 15 17 20 19 21 22 
7 14 15 17 18 19 21 22 
7 14 15 17 20 21 24 23 22 
7 6 5 4 3 2 1 23 
7 14 15 17 20 21 22 23 
7 14 15 17 20 21 24 23 
7 14 15 16 18 19 21 24 23 
7 14 15 17 20 21 26 24 23 
7 14 15 17 20 19 21 22 23 
7 6 15 17 20 21 24 
7 14 15 16 18 19 21 26 24 
7 14 15 16 18 19 27 26 24 
7 14 15 16 18 19 21 26 25 24 
7 14 15 16 18 19 21 22 23 24 
7 14 15 16 18 19 27 26 25 24 
7 6 15 17 20 21 24 25 
7 14 15 16 18 19 27 26 25 
7 14 15 16 18 19 21 26 25 
7 14 33 32 31 38 39 40 41 25 
7 14 15 16 18 19 27 40 41 25 
7 14 15 16 31 38 39 40 41 25 
7 6 15 17 20 21 26 
7 14 15 16 18 19 27 26 
7 14 15 16 18 19 21 24 26 
7 14 33 32 31 38 39 40 27 26 
7 14 15 16 31 38 39 40 27 26 
7 8 13 14 15 16 18 19 27 26 
7 6 15 17 20 19 27 
7 14 15 16 18 19 21 26 27 
7 14 15 16 31 38 39 40 27 
7 14 33 32 31 38 39 40 27 
7 14 15 16 18 30 29 28 27 
7 14 15 16 31 38 29 28 27 
7 6 15 17 20 19 27 28 
7 14 33 32 31 30 29 28 
7 14 33 32 31 38 29 28 
7 14 33 32 37 38 29 28 
7 14 15 16 18 30 29 28 
7 14 15 16 31 38 29 28 
7 6 15 17 18 30 29 
7 14 33 32 31 38 29 
7 14 33 32 37 38 29 
7 14 15 16 31 38 29 
7 14 33 32 31 38 39 29 
7 14 33 32 37 38 39 29 
7 6 15 17 18 30 
7 14 33 32 31 30 
7 14 15 16 31 30 
7 14 33 32 37 38 29 30 
7 8 13 34 33 32 31 30 
7 14 13 34 33 32 31 30 
7 6 15 16 31 
7 14 33 32 31 
7 14 33 32 37 38 31 
7 8 13 34 33 32 31 
7 14 15 17 18 30 31 
7 14 13 34 33 32 31 
7 14 33 32 
7 6 15 16 31 32 
7 6 15 16 31 38 37 32 
7 6 15 16 18 30 31 32 
7 6 15 17 18 16 31 32 
7 8 13 14 15 16 31 32 
7 14 33 
7 8 13 34 33 
7 6 15 14 13 34 33 
7 6 15 16 31 32 33 
7 8 11 12 13 34 33 
7 8 13 34 35 36 37 32 33 
7 8 13 34 
7 14 33 34 
7 6 15 14 33 34 
7 14 33 32 37 36 35 34 
7 14 15 16 31 32 33 34 
7 6 15 16 31 32 33 34 
7 8 13 34 35 
7 14 33 34 42 36 35 
7 14 33 32 37 36 35 
7 14 15 16 31 38 37 36 35 
7 14 33 34 42 44 43 36 35 
7 14 33 32 37 38 43 36 35 
7 8 13 34 35 36 
7 14 33 32 37 36 
7 14 33 34 42 36 
7 14 33 32 37 38 43 36 
7 14 33 32 31 38 43 36 
7 6 15 16 31 38 43 36 
7 14 33 32 37 
7 6 15 16 31 38 37 
7 8 13 34 35 36 37 
7 8 13 34 42 36 37 
7 6 15 16 31 38 43 36 37 
7 6 15 16 18 30 29 38 37 
7 6 15 16 31 38 
7 14 33 32 37 38 
7 14 33 32 37 36 43 38 
7 14 33 34 35 36 43 38 
7 8 13 34 35 36 43 38 
7 14 33 32 31 30 29 38 
7 6 15 16 31 38 39 
7 14 33 32 37 38 29 39 
7 14 33 32 31 30 29 39 
7 14 15 17 18 30 29 39 
7 14 15 17 20 19 27 40 39 
7 14 15 17 18 19 27 40 39 
7 6 15 17 20 19 27 40 
7 14 33 32 31 38 39 40 
7 14 33 32 37 38 39 40 
7 14 15 16 31 38 39 40 
7 14 33 32 31 38 29 39 40 
7 14 33 32 31 30 29 39 40 
7 6 15 17 20 19 27 40 41 
7 14 15 16 18 19 21 24 25 41 
7 14 15 16 18 19 21 26 25 41 
7 14 15 16 18 19 21 24 26 25 41 
7 14 15 16 18 19 20 21 26 25 41 
7 14 15 16 18 19 20 21 24 25 41 
7 8 13 34 42 
7 14 33 34 35 36 42 
7 14 33 32 37 36 42 
7 14 15 16 31 38 37 36 42 
7 14 33 34 35 36 43 44 42 
7 14 33 32 37 38 43 44 42 
7 6 15 16 31 38 43 
7 8 13 34 35 36 43 
7 8 13 34 42 44 43 
7 8 13 34 42 36 43 
7 14 13 34 35 36 43 
7 14 13 34 42 44 43 
7 8 13 34 42 44 
7 14 33 34 35 36 43 44 
7 14 33 32 31 38 43 44 
7 6 15 16 31 38 43 44 
7 14 15 16 31 38 43 44 
7 14 33 32 37 36 43 44 
7 8 13 34 42 44 45 
7 14 33 34 35 36 43 45 
7 14 33 32 31 38 43 45 
7 6 15 16 31 38 43 45 
7 14 15 16 31 38 43 45 
7 14 33 32 37 36 43 45 
7 8 13 34 42 44 46 
7 14 33 34 35 36 43 45 46 
7 14 33 32 31 38 43 45 46 
7 6 15 16 31 38 43 45 46 
7 14 15 16 31 38 43 45 46 
7 14 33 32 37 36 43 45 46 
8 9 
8 11 10 9 
8 13 12 11 10 9 
8 7 14 13 12 11 10 9 
8 7 14 33 34 13 12 11 10 9 
8 7 6 15 14 13 12 11 10 9 
8 9 10 
8 11 10 
8 13 12 11 10 
8 7 14 13 12 11 10 
8 7 14 33 34 13 12 11 10 
8 7 6 15 14 13 12 11 10 
8 11 
8 9 10 11 
8 13 12 11 
8 7 14 13 12 11 
8 7 14 33 34 13 12 11 
8 7 6 15 14 13 12 11 
8 11 12 
8 13 12 
8 7 14 13 12 
8 7 14 33 34 13 12 
8 7 6 15 14 13 12 
8 7 6 15 14 33 34 13 12 
8 13 
8 7 14 13 
8 11 12 13 
8 7 14 33 34 13 
8 7 6 15 14 13 
8 9 10 11 12 13 
8 7 14 
8 13 14 
8 13 34 33 14 
8 11 12 13 14 
8 11 12 13 34 33 14 
8 9 10 11 12 13 14 
8 7 6 15 
8 13 14 15 
8 13 34 33 14 15 
8 11 12 13 14 15 
8 13 14 33 32 31 16 15 
8 13 34 33 32 31 16 15 
8 7 6 15 16 
8 13 14 15 17 18 16 
8 13 34 33 32 31 16 
8 13 14 33 32 31 16 
8 13 14 15 17 18 30 31 16 
8 13 14 15 17 20 19 18 16 
8 7 6 15 17 
8 13 14 15 16 18 17 
8 13 14 15 6 5 4 17 
8 13 14 15 16 18 19 20 17 
8 13 14 15 16 31 30 18 17 
8 13 14 33 32 31 16 18 17 
8 7 6 15 17 18 
8 13 14 15 16 18 
8 13 14 15 16 31 30 18 
8 13 34 33 32 31 30 18 
8 13 14 33 32 31 16 18 
8 13 34 33 32 31 16 18 
8 7 6 15 17 20 19 
8 13 14 15 16 18 19 
8 13 14 15 16 31 30 18 19 
8 13 34 33 32 31 30 18 19 
8 13 14 33 32 31 16 18 19 
8 13 34 33 32 31 16 18 19 
8 7 6 15 17 20 
8 13 14 15 16 18 19 20 
8 13 14 15 16 18 19 21 20 
8 13 14 15 6 5 4 3 20 
8 13 14 33 32 31 16 18 19 20 
8 13 34 33 14 15 16 18 19 20 
8 7 6 15 17 20 21 
8 13 14 15 16 18 19 21 
8 13 14 15 16 31 30 18 19 21 
8 13 14 33 32 31 16 18 19 21 
8 13 34 33 14 15 16 18 19 21 
8 13 34 33 32 31 16 18 19 21 
8 7 6 5 4 3 2 22 
8 13 14 15 17 20 21 22 
8 13 14 15 16 18 19 21 22 
8 13 14 15 17 20 19 21 22 
8 13 14 15 17 18 19 21 22 
8 13 14 15 17 20 21 24 23 22 
8 7 6 5 4 3 2 1 23 
8 13 14 15 17 20 21 22 23 
8 13 14 15 17 20 21 24 23 
8 13 14 15 16 18 19 21 24 23 
8 13 14 15 17 20 21 26 24 23 
8 13 14 15 17 20 19 21 22 23 
8 7 6 15 17 20 21 24 
8 13 14 15 16 18 19 21 26 24 
8 13 14 15 16 18 19 27 26 24 
8 13 14 15 16 18 19 21 26 25 24 
8 13 14 15 16 18 19 21 22 23 24 
8 13 14 15 16 18 19 27 26 25 24 
8 7 6 15 17 20 21 24 25 
8 13 14 15 16 18 19 27 26 25 
8 13 14 15 16 18 19 21 26 25 
8 13 34 33 32 31 38 39 40 41 25 
8 13 14 15 16 18 19 27 40 41 25 
8 13 14 15 16 31 38 39 40 41 25 
8 7 6 15 17 20 21 26 
8 13 14 15 16 18 19 27 26 
8 13 14 15 16 18 19 21 24 26 
8 13 14 15 16 31 38 39 40 27 26 
8 13 14 33 32 31 38 39 40 27 26 
8 13 34 33 14 15 16 18 19 27 26 
8 7 6 15 17 20 19 27 
8 13 14 15 16 18 19 21 26 27 
8 13 14 15 16 31 38 39 40 27 
8 13 34 33 32 31 38 39 40 27 
8 13 14 15 16 18 30 29 28 27 
8 13 14 15 16 31 38 29 28 27 
8 7 6 15 17 20 19 27 28 
8 13 14 33 32 31 30 29 28 
8 13 14 33 32 31 38 29 28 
8 13 14 33 32 37 38 29 28 
8 13 34 35 36 37 38 29 28 
8 13 14 15 16 18 30 29 28 
8 7 6 15 17 18 30 29 
8 13 14 33 32 31 38 29 
8 13 14 33 32 37 38 29 
8 13 34 35 36 37 38 29 
8 13 14 15 16 31 38 29 
8 13 34 35 36 43 38 29 
8 7 6 15 17 18 30 
8 13 14 33 32 31 30 
8 13 34 33 32 31 30 
8 13 14 15 16 31 30 
8 13 14 33 32 37 38 29 30 
8 11 12 13 34 33 32 31 30 
8 7 6 15 16 31 
8 13 14 33 32 31 
8 13 34 33 32 31 
8 13 14 33 32 37 38 31 
8 11 12 13 34 33 32 31 
8 13 14 15 17 18 30 31 
8 7 14 33 32 
8 13 34 35 36 37 32 
8 13 14 15 16 31 32 
8 13 34 42 36 37 32 
8 13 34 33 14 15 16 31 32 
8 13 34 35 36 37 38 31 32 
8 7 14 33 
8 13 34 33 
8 11 12 13 34 33 
8 13 34 35 36 37 32 33 
8 13 14 15 16 31 32 33 
8 9 10 11 12 13 34 33 
8 13 34 
8 7 14 33 34 
8 11 12 13 14 33 34 
8 7 6 15 14 33 34 
8 7 14 33 32 37 36 35 34 
8 7 14 15 16 31 32 33 34 
8 13 34 35 
8 7 14 33 34 42 36 35 
8 7 14 33 32 37 36 35 
8 7 14 15 16 31 38 37 36 35 
8 7 14 33 34 42 44 43 36 35 
8 7 14 33 32 37 38 43 36 35 
8 13 34 35 36 
8 7 14 33 32 37 36 
8 7 14 33 34 42 36 
8 7 14 33 32 37 38 43 36 
8 7 14 33 32 31 38 43 36 
8 7 6 15 16 31 38 43 36 
8 7 14 33 32 37 
8 13 34 35 36 37 
8 13 34 42 36 37 
8 13 34 35 36 43 38 37 
8 13 14 15 16 31 38 37 
8 13 34 42 36 43 38 37 
8 7 6 15 16 31 38 
8 13 14 33 32 37 38 
8 13 34 35 36 43 38 
8 13 34 35 36 37 38 
8 13 34 33 32 37 38 
8 13 34 42 36 37 38 
8 7 6 15 16 31 38 39 
8 13 14 33 32 37 38 29 39 
8 13 14 33 32 31 30 29 39 
8 13 14 15 17 18 30 29 39 
8 13 34 35 36 43 38 29 39 
8 13 34 35 36 37 38 29 39 
8 7 6 15 17 20 19 27 40 
8 13 14 33 32 31 38 39 40 
8 13 14 33 32 37 38 39 40 
8 13 34 35 36 37 38 39 40 
8 13 14 15 16 31 38 39 40 
8 13 34 35 36 43 38 39 40 
8 7 6 15 17 20 19 27 40 41 
8 13 14 15 16 18 19 21 24 25 41 
8 13 14 15 16 18 19 21 26 25 41 
8 13 14 15 16 18 19 21 24 26 25 41 
8 13 14 15 16 18 19 20 21 26 25 41 
8 13 14 15 16 18 19 20 21 24 25 41 
8 13 34 42 
8 7 14 33 34 35 36 42 
8 7 14 33 32 37 36 42 
8 7 14 15 16 31 38 37 36 42 
8 7 14 33 34 35 36 43 44 42 
8 7 14 33 32 37 38 43 44 42 
8 13 34 35 36 43 
8 7 6 15 16 31 38 43 
8 7 14 33 32 37 38 43 
8 7 14 33 32 31 38 43 
8 7 14 33 34 42 44 43 
8 7 14 15 16 31 38 43 
8 13 34 42 44 
8 7 14 33 34 35 36 43 44 
8 7 14 33 32 31 38 43 44 
8 7 6 15 16 31 38 43 44 
8 7 14 15 16 31 38 43 44 
8 7 14 33 32 37 36 43 44 
8 13 34 42 44 45 
8 7 14 33 34 35 36 43 45 
8 7 14 33 32 31 38 43 45 
8 7 6 15 16 31 38 43 45 
8 7 14 15 16 31 38 43 45 
8 7 14 33 32 37 36 43 45 
8 13 34 42 44 46 
8 7 14 33 34 35 36 43 45 46 
8 7 14 33 32 31 38 43 45 46 
8 7 6 15 16 31 38 43 45 46 
8 7 14 15 16 31 38 43 45 46 
8 7 14 33 32 37 36 43 45 46 
9 10 
9 8 11 10 
9 8 13 12 11 10 
9 8 7 14 13 12 11 10 
9 8 7 14 33 34 13 12 11 10 
9 8 7 6 15 14 13 12 11 10 
9 8 11 
9 10 11 
9 8 11 12 
9 10 11 8 13 12 
9 10 11 8 7 14 13 12 
9 10 11 8 7 14 33 34 13 12 
9 10 11 8 7 6 15 14 13 12 
9 10 11 8 7 6 15 14 33 34 13 12 
9 8 13 
9 10 11 12 13 
9 10 11 8 7 14 13 
9 10 11 8 7 14 33 34 13 
9 10 11 8 7 6 15 14 13 
9 10 11 8 7 6 15 14 33 34 13 
9 8 7 14 
9 10 11 12 13 14 
9 10 11 8 13 14 
9 10 11 8 13 34 33 14 
9 10 11 12 13 34 33 14 
9 10 11 8 13 34 33 32 31 16 15 14 
9 8 7 6 15 
9 10 11 12 13 14 15 
9 10 11 8 13 14 15 
9 10 11 8 13 34 33 14 15 
9 10 11 12 13 34 33 14 15 
9 10 11 12 13 14 33 32 31 16 15 
9 8 7 6 15 16 
9 10 11 12 13 14 15 17 18 16 
9 10 11 8 13 14 15 17 18 16 
9 10 11 8 13 34 33 32 31 16 
9 10 11 12 13 14 33 32 31 16 
9 10 11 12 13 34 33 32 31 16 
9 8 7 6 15 17 
9 10 11 12 13 14 15 16 18 17 
9 10 11 8 13 14 15 16 18 17 
9 10 11 12 13 14 15 6 5 4 17 
9 10 11 8 13 14 15 6 5 4 17 
9 10 11 12 13 14 15 16 18 19 20 17 
9 8 7 6 15 17 18 
9 10 11 12 13 14 15 16 18 
9 10 11 8 13 14 15 16 18 
9 10 11 12 13 14 15 16 31 30 18 
9 10 11 8 13 14 15 16 31 30 18 
9 10 11 8 13 34 33 32 31 30 18 
9 8 7 6 15 17 20 19 
9 10 11 12 13 14 15 16 18 19 
9 10 11 8 13 14 15 16 18 19 
9 10 11 12 13 14 15 16 31 30 18 19 
9 10 11 8 13 14 15 16 31 30 18 19 
9 10 11 8 13 34 33 32 31 30 18 19 
9 8 7 6 15 17 20 
9 10 11 12 13 14 15 16 18 19 20 
9 10 11 8 13 14 15 16 18 19 20 
9 10 11 12 13 14 15 16 18 19 21 20 
9 10 11 12 13 14 15 6 5 4 3 20 
9 10 11 8 13 14 15 16 18 19 21 20 
9 8 7 6 15 17 20 21 
9 10 11 12 13 14 15 16 18 19 21 
9 10 11 8 13 14 15 16 18 19 21 
9 10 11 12 13 14 15 16 31 30 18 19 21 
9 10 11 8 13 14 15 16 31 30 18 19 21 
9 10 11 12 13 14 33 32 31 16 18 19 21 
9 8 7 6 5 4 3 2 22 
9 10 11 12 13 14 15 17 20 21 22 
9 10 11 8 13 14 15 17 20 21 22 
9 10 11 12 13 14 15 16 18 19 21 22 
9 10 11 8 13 14 15 16 18 19 21 22 
9 10 11 12 13 14 15 17 20 19 21 22 
9 8 7 6 5 4 3 2 1 23 
9 10 11 12 13 14 15 17 20 21 22 23 
9 10 11 12 13 14 15 17 20 21 24 23 
9 10 11 8 13 14 15 17 20 21 22 23 
9 10 11 8 13 14 15 17 20 21 24 23 
9 10 11 12 13 14 15 16 18 19 21 24 23 
9 8 7 6 15 17 20 21 24 
9 10 11 12 13 14 15 16 18 19 21 26 24 
9 8 7 6 15 17 20 21 24 25 
9 10 11 12 13 14 15 16 18 19 27 26 25 
9 10 11 8 13 14 15 16 18 19 27 26 25 
9 8 7 6 15 17 20 21 26 
9 10 11 12 13 14 15 16 18 19 27 26 
9 10 11 8 13 14 15 16 18 19 27 26 
