7 6 15 16 18 30 29 38 37 
2 22 21 26 27 28 29 30 
17 20 21 26 27 28 29 
2 22 21 19 18 30 29 38 43 36 
6 7 14 33 32 31 30 29 28 
6 15 16 31 38 37 
7 14 15 16 31 30 18 
13 12 11 8 7 14 
34 13 14 15 17 20 21 24 25 41 
5 4 17 18 16 31 32 
28 27 40 39 38 43 44 42 34 35 
27 19 18 30 29 39 
10 11 12 13 34 35 36 43 38 
19 20 17 18 16 31 30 
4 3 2 22 21 26 27 40 39 
18 16 31 32 37 38 39 
36 35 34 33 32 37 
15 16 18 30 29 38 43 36 
13 14 15 17 20 21 26 
22 23 24 21 26 27 28 29 
17 20 21 24 
29 38 37 36 35 34 33 
24 26 27 40 39 
13 34 35 36 37 38 29 28 
24 26 27 28 29 
