13 34 33 32 37 38 31 16 
4 17 20 19 27 26 24 
9 10 11 8 13 34 33 32 31 
16 15 17 20 21 24 26 25 41 
2 1 23 24 26 21 
12 13 14 15 17 20 21 24 25 
17 18 16 31 38 43 36 35 
24 25 41 40 39 38 31 
1 2 22 21 24 
13 14 33 32 37 36 35 34 
16 31 38 29 30 
7 6 15 16 18 30 31 32 
20 21 26 25 41 
15 17 18 30 29 39 38 
10 11 8 13 14 15 16 18 19 21 26 25 41 
16 18 17 15 14 33 32 
30 18 17 20 19 27 40 
18 19 27 28 29 38 
32 33 34 42 
10 11 12 13 14 15 16 18 19 21 22 
6 15 17 20 19 27 40 41 
20 19 18 16 31 30 
13 14 15 17 18 30 29 
14 33 32 31 38 43 36 
10 9 8 7 6 15 17 20 21 
