15 16 31 30 18 19 20 
28 27 19 18 16 15 14 33 
23 22 21 26 25 24 
2 22 21 20 17 4 5 6 7 8 13 
18 17 4 3 2 1 23 22 
26 21 19 18 30 29 
16 31 38 29 28 
10 11 8 13 14 15 16 18 19 21 22 
2 22 21 19 18 16 31 38 37 
15 16 31 32 37 36 35 
2 22 21 19 27 40 39 38 
16 15 17 20 21 24 23 22 
6 5 4 17 15 
10 11 8 13 14 15 16 18 19 21 26 27 
15 16 18 19 20 3 2 1 23 
25 41 40 39 29 30 31 32 33 
29 39 38 43 44 42 34 35 
4 17 18 19 21 24 26 
9 8 7 6 5 4 3 2 22 
12 11 10 9 8 13 14 33 34 
14 15 17 20 19 27 
32 31 38 37 
12 13 14 33 32 37 
15 16 18 17 4 3 20 
31 38 37 36 
