6 5 4 17 18 19 21 24 25 41 
20 19 27 28 29 30 
13 34 35 36 43 38 29 
14 33 32 31 38 43 36 
10 11 12 13 14 33 32 31 16 18 19 21 
8 13 12 
19 20 21 24 26 
7 14 33 34 35 36 43 44 42 
23 24 26 27 28 29 38 37 36 35 
18 17 15 14 33 32 
17 18 16 31 38 43 36 35 
10 11 8 7 14 33 34 13 
5 6 15 17 20 21 26 25 41 
2 22 21 19 18 30 31 38 43 45 46 
3 2 22 21 24 25 41 40 
8 13 14 15 16 31 38 29 28 27 
7 14 33 32 31 30 18 
38 43 36 35 34 42 
16 18 19 21 24 25 
21 24 25 26 27 
4 17 15 14 33 32 
24 26 27 28 29 38 37 36 35 
14 13 34 42 44 46 
27 26 21 24 25 41 
11 8 7 6 15 17 20 19 27 40 
