0 1 0
0 2 -2147483648
0 3 0
0 4 0
0 5 -2147483648
0 6 -2147483648
0 7 1
0 8 0
0 9 -2147483648
0 10 -2147483648
0 11 -2147483648
0 12 0
0 13 0
0 14 -2147483648
0 15 1
0 16 0
0 17 0
0 18 -2147483648
0 19 -2147483648
0 20 0
0 21 -2147483648
0 22 -2147483648
0 23 -2147483648
0 24 0
1 0 0
1 2 0
1 3 -2147483648
1 4 -2147483648
1 5 -2147483648
1 6 -2147483648
1 7 0
1 8 0
1 9 0
1 10 0
1 11 0
1 12 -2147483648
1 13 -2147483648
1 14 -2147483648
1 15 -2147483648
1 16 -2147483648
1 17 -2147483648
1 18 0
1 19 -2147483648
1 20 -2147483648
1 21 -2147483648
1 22 -2147483648
1 23 0
1 24 -2147483648
2 0 -2147483648
2 1 0
2 3 0
2 4 0
2 5 -2147483648
2 6 0
2 7 0
2 8 0
2 9 -2147483648
2 10 0
2 11 0
2 12 0
2 13 0
2 14 -2147483648
2 15 1
2 16 0
2 17 0
2 18 -2147483648
2 19 -2147483648
2 20 0
2 21 0
2 22 -2147483648
2 23 2
2 24 -2147483648
3 0 0
3 1 -2147483648
3 2 0
3 4 -2147483648
3 5 -2147483648
3 6 -2147483648
3 7 -2147483648
3 8 1
3 9 0
3 10 -2147483648
3 11 -2147483648
3 12 -2147483648
3 13 -2147483648
3 14 -2147483648
3 15 -2147483648
3 16 -2147483648
3 17 0
3 18 0
3 19 -2147483648
3 20 -2147483648
3 21 -2147483648
3 22 -2147483648
3 23 0
3 24 3
4 0 0
4 1 -2147483648
4 2 0
4 3 -2147483648
4 5 -2147483648
4 6 0
4 7 -2147483648
4 8 -2147483648
4 9 0
4 10 0
4 11 0
4 12 -2147483648
4 13 0
4 14 -2147483648
4 15 0
4 16 0
4 17 0
4 18 0
4 19 0
4 20 0
4 21 0
4 22 0
4 23 0
4 24 0
5 0 -2147483648
5 1 -2147483648
5 2 -2147483648
5 3 -2147483648
5 4 -2147483648
5 6 -2147483648
5 7 1
5 8 1
5 9 -2147483648
5 10 0
5 11 -2147483648
5 12 -2147483648
5 13 -2147483648
5 14 -2147483648
5 15 -2147483648
5 16 -2147483648
5 17 0
5 18 0
5 19 -2147483648
5 20 -2147483648
5 21 -2147483648
5 22 -2147483648
5 23 -2147483648
5 24 3
6 0 -2147483648
6 1 -2147483648
6 2 0
6 3 -2147483648
6 4 0
6 5 -2147483648
6 7 -2147483648
6 8 0
6 9 1
6 10 -2147483648
6 11 -2147483648
6 12 0
6 13 -2147483648
6 14 -2147483648
6 15 -2147483648
6 16 -2147483648
6 17 -2147483648
6 18 0
6 19 -2147483648
6 20 -2147483648
6 21 -2147483648
6 22 -2147483648
6 23 3
6 24 -2147483648
7 0 1
7 1 0
7 2 0
7 3 -2147483648
7 4 -2147483648
7 5 1
7 6 -2147483648
7 8 0
7 9 0
7 10 -2147483648
7 11 0
7 12 1
7 13 1
7 14 1
7 15 0
7 16 0
7 17 0
7 18 0
7 19 0
7 20 -2147483648
7 21 0
7 22 0
7 23 -2147483648
7 24 0
8 0 0
8 1 0
8 2 0
8 3 1
8 4 -2147483648
8 5 1
8 6 0
8 7 0
8 9 0
8 10 0
8 11 0
8 12 -2147483648
8 13 0
8 14 -2147483648
8 15 0
8 16 0
8 17 0
8 18 0
8 19 -2147483648
8 20 0
8 21 0
8 22 0
8 23 0
8 24 0
9 0 -2147483648
9 1 0
9 2 -2147483648
9 3 0
9 4 0
9 5 -2147483648
9 6 1
9 7 0
9 8 0
9 10 0
9 11 0
9 12 0
9 13 0
9 14 -2147483648
9 15 2
9 16 0
9 17 0
9 18 -2147483648
9 19 -2147483648
9 20 0
9 21 0
9 22 -2147483648
9 23 -2147483648
9 24 0
10 0 -2147483648
10 1 0
10 2 0
10 3 -2147483648
10 4 0
10 5 0
10 6 -2147483648
10 7 -2147483648
10 8 0
10 9 0
10 11 -2147483648
10 12 0
10 13 -2147483648
10 14 -2147483648
10 15 -2147483648
10 16 0
10 17 -2147483648
10 18 0
10 19 -2147483648
10 20 0
10 21 -2147483648
10 22 0
10 23 -2147483648
10 24 0
11 0 -2147483648
11 1 0
11 2 0
11 3 -2147483648
11 4 0
11 5 -2147483648
11 6 -2147483648
11 7 0
11 8 0
11 9 0
11 10 -2147483648
11 12 0
11 13 -2147483648
11 14 -2147483648
11 15 -2147483648
11 16 -2147483648
11 17 -2147483648
11 18 0
11 19 -2147483648
11 20 -2147483648
11 21 -2147483648
11 22 -2147483648
11 23 -2147483648
11 24 -2147483648
12 0 0
12 1 -2147483648
12 2 0
12 3 -2147483648
12 4 -2147483648
12 5 -2147483648
12 6 0
12 7 1
12 8 -2147483648
12 9 0
12 10 0
12 11 0
12 13 0
12 14 3
12 15 0
12 16 -2147483648
12 17 0
12 18 0
12 19 -2147483648
12 20 -2147483648
12 21 -2147483648
12 22 0
12 23 0
12 24 1
13 0 0
13 1 -2147483648
13 2 0
13 3 -2147483648
13 4 0
13 5 -2147483648
13 6 -2147483648
13 7 1
13 8 0
13 9 0
13 10 -2147483648
13 11 -2147483648
13 12 0
13 14 -2147483648
13 15 -2147483648
13 16 -2147483648
13 17 -2147483648
13 18 0
13 19 -2147483648
13 20 -2147483648
13 21 -2147483648
13 22 4
13 23 0
13 24 -2147483648
14 0 -2147483648
14 1 -2147483648
14 2 -2147483648
14 3 -2147483648
14 4 -2147483648
14 5 -2147483648
14 6 -2147483648
14 7 1
14 8 -2147483648
14 9 -2147483648
14 10 -2147483648
14 11 -2147483648
14 12 3
14 13 -2147483648
14 15 -2147483648
14 16 -2147483648
14 17 -2147483648
14 18 0
14 19 -2147483648
14 20 -2147483648
14 21 -2147483648
14 22 -2147483648
14 23 -2147483648
14 24 -2147483648
15 0 1
15 1 -2147483648
15 2 1
15 3 -2147483648
15 4 0
15 5 -2147483648
15 6 -2147483648
15 7 0
15 8 0
15 9 2
15 10 -2147483648
15 11 -2147483648
15 12 0
15 13 -2147483648
15 14 -2147483648
15 16 -2147483648
15 17 -2147483648
15 18 -2147483648
15 19 -2147483648
15 20 -2147483648
15 21 -2147483648
15 22 -2147483648
15 23 2
15 24 -2147483648
16 0 0
16 1 -2147483648
16 2 0
16 3 -2147483648
16 4 0
16 5 -2147483648
16 6 -2147483648
16 7 0
16 8 0
16 9 0
16 10 0
16 11 -2147483648
16 12 -2147483648
16 13 -2147483648
16 14 -2147483648
16 15 -2147483648
16 17 -2147483648
16 18 0
16 19 -2147483648
16 20 4
16 21 -2147483648
16 22 -2147483648
16 23 0
16 24 -2147483648
17 0 0
17 1 -2147483648
17 2 0
17 3 0
17 4 0
17 5 0
17 6 -2147483648
17 7 0
17 8 0
17 9 0
17 10 -2147483648
17 11 -2147483648
17 12 0
17 13 -2147483648
17 14 -2147483648
17 15 -2147483648
17 16 -2147483648
17 18 0
17 19 -2147483648
17 20 -2147483648
17 21 -2147483648
17 22 -2147483648
17 23 0
17 24 0
18 0 -2147483648
18 1 0
18 2 -2147483648
18 3 0
18 4 0
18 5 0
18 6 0
18 7 0
18 8 0
18 9 -2147483648
18 10 0
18 11 0
18 12 0
18 13 0
18 14 0
18 15 -2147483648
18 16 0
18 17 0
18 19 0
18 20 0
18 21 0
18 22 0
18 23 -2147483648
18 24 0
19 0 -2147483648
19 1 -2147483648
19 2 -2147483648
19 3 -2147483648
19 4 0
19 5 -2147483648
19 6 -2147483648
19 7 0
19 8 -2147483648
19 9 -2147483648
19 10 -2147483648
19 11 -2147483648
19 12 -2147483648
19 13 -2147483648
19 14 -2147483648
19 15 -2147483648
19 16 -2147483648
19 17 -2147483648
19 18 0
19 20 -2147483648
19 21 -2147483648
19 22 -2147483648
19 23 -2147483648
19 24 -2147483648
20 0 0
20 1 -2147483648
20 2 0
20 3 -2147483648
20 4 0
20 5 -2147483648
20 6 -2147483648
20 7 -2147483648
20 8 0
20 9 0
20 10 0
20 11 -2147483648
20 12 -2147483648
20 13 -2147483648
20 14 -2147483648
20 15 -2147483648
20 16 4
20 17 -2147483648
20 18 0
20 19 -2147483648
20 21 -2147483648
20 22 -2147483648
20 23 0
20 24 -2147483648
21 0 -2147483648
21 1 -2147483648
21 2 0
21 3 -2147483648
21 4 0
21 5 -2147483648
21 6 -2147483648
21 7 0
21 8 0
21 9 0
21 10 -2147483648
21 11 -2147483648
21 12 -2147483648
21 13 -2147483648
21 14 -2147483648
21 15 -2147483648
21 16 -2147483648
21 17 -2147483648
21 18 0
21 19 -2147483648
21 20 -2147483648
21 22 -2147483648
21 23 -2147483648
21 24 -2147483648
22 0 -2147483648
22 1 -2147483648
22 2 -2147483648
22 3 -2147483648
22 4 0
22 5 -2147483648
22 6 -2147483648
22 7 0
22 8 0
22 9 -2147483648
22 10 0
22 11 -2147483648
22 12 0
22 13 4
22 14 -2147483648
22 15 -2147483648
22 16 -2147483648
22 17 -2147483648
22 18 0
22 19 -2147483648
22 20 -2147483648
22 21 -2147483648
22 23 -2147483648
22 24 -2147483648
23 0 -2147483648
23 1 0
23 2 2
23 3 0
23 4 0
23 5 -2147483648
23 6 3
23 7 -2147483648
23 8 0
23 9 -2147483648
23 10 -2147483648
23 11 -2147483648
23 12 0
23 13 0
23 14 -2147483648
23 15 2
23 16 0
23 17 0
23 18 -2147483648
23 19 -2147483648
23 20 0
23 21 -2147483648
23 22 -2147483648
23 24 0
24 0 0
24 1 -2147483648
24 2 -2147483648
24 3 3
24 4 0
24 5 3
24 6 -2147483648
24 7 0
24 8 0
24 9 0
24 10 0
24 11 -2147483648
24 12 1
24 13 -2147483648
24 14 -2147483648
24 15 -2147483648
24 16 -2147483648
24 17 0
24 18 0
24 19 -2147483648
24 20 -2147483648
24 21 -2147483648
24 22 -2147483648
24 23 0
