0 1 -2147483648
0 2 0
0 3 0
0 4 2
0 5 0
0 6 -2147483648
0 7 0
0 8 -2147483648
0 9 -2147483648
0 10 -2147483648
0 11 0
0 12 -2147483648
0 13 -2147483648
0 14 3
0 15 0
0 16 0
0 17 0
0 18 4
0 19 -2147483648
0 20 -2147483648
0 21 -2147483648
0 22 0
0 23 3
0 24 -2147483648
1 0 -2147483648
1 2 0
1 3 0
1 4 -2147483648
1 5 0
1 6 -2147483648
1 7 0
1 8 -2147483648
1 9 0
1 10 0
1 11 0
1 12 -2147483648
1 13 -2147483648
1 14 0
1 15 -2147483648
1 16 0
1 17 0
1 18 -2147483648
1 19 0
1 20 0
1 21 -2147483648
1 22 0
1 23 -2147483648
1 24 -2147483648
2 0 0
2 1 0
2 3 -2147483648
2 4 -2147483648
2 5 -2147483648
2 6 0
2 7 -2147483648
2 8 -2147483648
2 9 0
2 10 -2147483648
2 11 -2147483648
2 12 0
2 13 -2147483648
2 14 0
2 15 -2147483648
2 16 0
2 17 -2147483648
2 18 0
2 19 0
2 20 0
2 21 -2147483648
2 22 -2147483648
2 23 0
2 24 0
3 0 0
3 1 0
3 2 -2147483648
3 4 -2147483648
3 5 0
3 6 0
3 7 -2147483648
3 8 -2147483648
3 9 2
3 10 3
3 11 -2147483648
3 12 0
3 13 -2147483648
3 14 0
3 15 -2147483648
3 16 -2147483648
3 17 2
3 18 0
3 19 0
3 20 2
3 21 -2147483648
3 22 -2147483648
3 23 0
3 24 0
4 0 2
4 1 -2147483648
4 2 -2147483648
4 3 -2147483648
4 5 -2147483648
4 6 -2147483648
4 7 -2147483648
4 8 0
4 9 -2147483648
4 10 -2147483648
4 11 -2147483648
4 12 0
4 13 -2147483648
4 14 0
4 15 -2147483648
4 16 -2147483648
4 17 0
4 18 3
4 19 0
4 20 2
4 21 0
4 22 -2147483648
4 23 0
4 24 -2147483648
5 0 0
5 1 0
5 2 -2147483648
5 3 0
5 4 -2147483648
5 6 0
5 7 0
5 8 0
5 9 0
5 10 0
5 11 -2147483648
5 12 0
5 13 0
5 14 0
5 15 -2147483648
5 16 0
5 17 0
5 18 0
5 19 0
5 20 0
5 21 0
5 22 -2147483648
5 23 0
5 24 -2147483648
6 0 -2147483648
6 1 -2147483648
6 2 0
6 3 0
6 4 -2147483648
6 5 0
6 7 0
6 8 1
6 9 0
6 10 0
6 11 0
6 12 -2147483648
6 13 -2147483648
6 14 -2147483648
6 15 0
6 16 0
6 17 0
6 18 -2147483648
6 19 -2147483648
6 20 0
6 21 1
6 22 0
6 23 -2147483648
6 24 -2147483648
7 0 0
7 1 0
7 2 -2147483648
7 3 -2147483648
7 4 -2147483648
7 5 0
7 6 0
7 8 -2147483648
7 9 -2147483648
7 10 -2147483648
7 11 -2147483648
7 12 0
7 13 -2147483648
7 14 0
7 15 -2147483648
7 16 -2147483648
7 17 -2147483648
7 18 0
7 19 0
7 20 -2147483648
7 21 -2147483648
7 22 -2147483648
7 23 0
7 24 -2147483648
8 0 -2147483648
8 1 -2147483648
8 2 -2147483648
8 3 -2147483648
8 4 0
8 5 0
8 6 1
8 7 -2147483648
8 9 0
8 10 -2147483648
8 11 0
8 12 -2147483648
8 13 -2147483648
8 14 -2147483648
8 15 -2147483648
8 16 0
8 17 -2147483648
8 18 -2147483648
8 19 -2147483648
8 20 0
8 21 8
8 22 0
8 23 -2147483648
8 24 -2147483648
9 0 -2147483648
9 1 0
9 2 0
9 3 2
9 4 -2147483648
9 5 0
9 6 0
9 7 -2147483648
9 8 0
9 10 -2147483648
9 11 -2147483648
9 12 -2147483648
9 13 -2147483648
9 14 0
9 15 -2147483648
9 16 2
9 17 0
9 18 -2147483648
9 19 0
9 20 4
9 21 0
9 22 -2147483648
9 23 0
9 24 -2147483648
10 0 -2147483648
10 1 0
10 2 -2147483648
10 3 3
10 4 -2147483648
10 5 0
10 6 0
10 7 -2147483648
10 8 -2147483648
10 9 -2147483648
10 11 0
10 12 -2147483648
10 13 -2147483648
10 14 0
10 15 -2147483648
10 16 -2147483648
10 17 3
10 18 -2147483648
10 19 0
10 20 -2147483648
10 21 -2147483648
10 22 0
10 23 0
10 24 -2147483648
11 0 0
11 1 0
11 2 -2147483648
11 3 -2147483648
11 4 -2147483648
11 5 -2147483648
11 6 0
11 7 -2147483648
11 8 0
11 9 -2147483648
11 10 0
11 12 0
11 13 0
11 14 0
11 15 -2147483648
11 16 -2147483648
11 17 -2147483648
11 18 0
11 19 0
11 20 -2147483648
11 21 0
11 22 -2147483648
11 23 0
11 24 -2147483648
12 0 -2147483648
12 1 -2147483648
12 2 0
12 3 0
12 4 0
12 5 0
12 6 -2147483648
12 7 0
12 8 -2147483648
12 9 -2147483648
12 10 -2147483648
12 11 0
12 13 -2147483648
12 14 -2147483648
12 15 -2147483648
12 16 0
12 17 0
12 18 -2147483648
12 19 -2147483648
12 20 -2147483648
12 21 -2147483648
12 22 0
12 23 -2147483648
12 24 -2147483648
13 0 -2147483648
13 1 -2147483648
13 2 -2147483648
13 3 -2147483648
13 4 -2147483648
13 5 0
13 6 -2147483648
13 7 -2147483648
13 8 -2147483648
13 9 -2147483648
13 10 -2147483648
13 11 0
13 12 -2147483648
13 14 -2147483648
13 15 -2147483648
13 16 -2147483648
13 17 -2147483648
13 18 -2147483648
13 19 -2147483648
13 20 0
13 21 -2147483648
13 22 0
13 23 -2147483648
13 24 -2147483648
14 0 3
14 1 0
14 2 0
14 3 0
14 4 0
14 5 0
14 6 -2147483648
14 7 0
14 8 -2147483648
14 9 0
14 10 0
14 11 0
14 12 -2147483648
14 13 -2147483648
14 15 0
14 16 0
14 17 0
14 18 2
14 19 -2147483648
14 20 0
14 21 -2147483648
14 22 0
14 23 3
14 24 0
15 0 0
15 1 -2147483648
15 2 -2147483648
15 3 -2147483648
15 4 -2147483648
15 5 -2147483648
15 6 0
15 7 -2147483648
15 8 -2147483648
15 9 -2147483648
15 10 -2147483648
15 11 -2147483648
15 12 -2147483648
15 13 -2147483648
15 14 0
15 16 -2147483648
15 17 -2147483648
15 18 -2147483648
15 19 0
15 20 -2147483648
15 21 -2147483648
15 22 -2147483648
15 23 0
15 24 -2147483648
16 0 0
16 1 0
16 2 0
16 3 -2147483648
16 4 -2147483648
16 5 0
16 6 0
16 7 -2147483648
16 8 0
16 9 2
16 10 -2147483648
16 11 -2147483648
16 12 0
16 13 -2147483648
16 14 0
16 15 -2147483648
16 17 0
16 18 0
16 19 0
16 20 2
16 21 0
16 22 -2147483648
16 23 0
16 24 -2147483648
17 0 0
17 1 0
17 2 -2147483648
17 3 2
17 4 0
17 5 0
17 6 0
17 7 -2147483648
17 8 -2147483648
17 9 0
17 10 3
17 11 -2147483648
17 12 0
17 13 -2147483648
17 14 0
17 15 -2147483648
17 16 0
17 18 0
17 19 0
17 20 0
17 21 -2147483648
17 22 1
17 23 0
17 24 0
18 0 4
18 1 -2147483648
18 2 0
18 3 0
18 4 3
18 5 0
18 6 -2147483648
18 7 0
18 8 -2147483648
18 9 -2147483648
18 10 -2147483648
18 11 0
18 12 -2147483648
18 13 -2147483648
18 14 2
18 15 -2147483648
18 16 0
18 17 0
18 19 2
18 20 0
18 21 -2147483648
18 22 0
18 23 2
18 24 -2147483648
19 0 -2147483648
19 1 0
19 2 0
19 3 0
19 4 0
19 5 0
19 6 -2147483648
19 7 0
19 8 -2147483648
19 9 0
19 10 0
19 11 0
19 12 -2147483648
19 13 -2147483648
19 14 -2147483648
19 15 0
19 16 0
19 17 0
19 18 2
19 20 0
19 21 -2147483648
19 22 0
19 23 -2147483648
19 24 0
20 0 -2147483648
20 1 0
20 2 0
20 3 2
20 4 2
20 5 0
20 6 0
20 7 -2147483648
20 8 0
20 9 4
20 10 -2147483648
20 11 -2147483648
20 12 -2147483648
20 13 0
20 14 0
20 15 -2147483648
20 16 2
20 17 0
20 18 0
20 19 0
20 21 0
20 22 -2147483648
20 23 0
20 24 -2147483648
21 0 -2147483648
21 1 -2147483648
21 2 -2147483648
21 3 -2147483648
21 4 0
21 5 0
21 6 1
21 7 -2147483648
21 8 8
21 9 0
21 10 -2147483648
21 11 0
21 12 -2147483648
21 13 -2147483648
21 14 -2147483648
21 15 -2147483648
21 16 0
21 17 -2147483648
21 18 -2147483648
21 19 -2147483648
21 20 0
21 22 0
21 23 -2147483648
21 24 -2147483648
22 0 0
22 1 0
22 2 -2147483648
22 3 -2147483648
22 4 -2147483648
22 5 -2147483648
22 6 0
22 7 -2147483648
22 8 0
22 9 -2147483648
22 10 0
22 11 -2147483648
22 12 0
22 13 0
22 14 0
22 15 -2147483648
22 16 -2147483648
22 17 1
22 18 0
22 19 0
22 20 -2147483648
22 21 0
22 23 0
22 24 0
23 0 3
23 1 -2147483648
23 2 0
23 3 0
23 4 0
23 5 0
23 6 -2147483648
23 7 0
23 8 -2147483648
23 9 0
23 10 0
23 11 0
23 12 -2147483648
23 13 -2147483648
23 14 3
23 15 0
23 16 0
23 17 0
23 18 2
23 19 -2147483648
23 20 0
23 21 -2147483648
23 22 0
23 24 -2147483648
24 0 -2147483648
24 1 -2147483648
24 2 0
24 3 0
24 4 -2147483648
24 5 -2147483648
24 6 -2147483648
24 7 -2147483648
24 8 -2147483648
24 9 -2147483648
24 10 -2147483648
24 11 -2147483648
24 12 -2147483648
24 13 -2147483648
24 14 0
24 15 -2147483648
24 16 -2147483648
24 17 0
24 18 -2147483648
24 19 0
24 20 -2147483648
24 21 -2147483648
24 22 0
24 23 -2147483648
