0 1 -2147483648
0 2 0
0 3 -2147483648
0 4 -2147483648
0 5 -2147483648
0 6 -2147483648
0 7 -2147483648
0 8 -2147483648
0 9 -2147483648
0 10 -2147483648
0 11 -2147483648
0 12 0
0 13 -2147483648
0 14 0
0 15 -2147483648
0 16 0
0 17 -2147483648
0 18 -2147483648
0 19 0
0 20 0
0 21 2
0 22 0
0 23 -2147483648
0 24 0
1 0 -2147483648
1 2 4
1 3 -2147483648
1 4 -2147483648
1 5 0
1 6 0
1 7 0
1 8 -2147483648
1 9 0
1 10 -2147483648
1 11 -2147483648
1 12 0
1 13 0
1 14 -2147483648
1 15 0
1 16 0
1 17 -2147483648
1 18 1
1 19 -2147483648
1 20 -2147483648
1 21 -2147483648
1 22 -2147483648
1 23 -2147483648
1 24 3
2 0 0
2 1 4
2 3 -2147483648
2 4 0
2 5 0
2 6 0
2 7 0
2 8 -2147483648
2 9 -2147483648
2 10 -2147483648
2 11 -2147483648
2 12 0
2 13 -2147483648
2 14 -2147483648
2 15 0
2 16 0
2 17 0
2 18 3
2 19 4
2 20 -2147483648
2 21 0
2 22 -2147483648
2 23 0
2 24 3
3 0 -2147483648
3 1 -2147483648
3 2 -2147483648
3 4 -2147483648
3 5 -2147483648
3 6 -2147483648
3 7 0
3 8 -2147483648
3 9 -2147483648
3 10 -2147483648
3 11 -2147483648
3 12 -2147483648
3 13 -2147483648
3 14 -2147483648
3 15 -2147483648
3 16 0
3 17 5
3 18 -2147483648
3 19 -2147483648
3 20 -2147483648
3 21 -2147483648
3 22 0
3 23 -2147483648
3 24 0
4 0 -2147483648
4 1 -2147483648
4 2 0
4 3 -2147483648
4 5 -2147483648
4 6 -2147483648
4 7 1
4 8 -2147483648
4 9 -2147483648
4 10 0
4 11 -2147483648
4 12 0
4 13 1
4 14 0
4 15 -2147483648
4 16 -2147483648
4 17 -2147483648
4 18 -2147483648
4 19 0
4 20 0
4 21 -2147483648
4 22 0
4 23 1
4 24 0
5 0 -2147483648
5 1 0
5 2 0
5 3 -2147483648
5 4 -2147483648
5 6 -2147483648
5 7 0
5 8 -2147483648
5 9 -2147483648
5 10 -2147483648
5 11 0
5 12 0
5 13 -2147483648
5 14 0
5 15 -2147483648
5 16 0
5 17 -2147483648
5 18 -2147483648
5 19 0
5 20 0
5 21 1
5 22 0
5 23 -2147483648
5 24 0
6 0 -2147483648
6 1 0
6 2 0
6 3 -2147483648
6 4 -2147483648
6 5 -2147483648
6 7 1
6 8 -2147483648
6 9 -2147483648
6 10 0
6 11 -2147483648
6 12 0
6 13 2
6 14 0
6 15 -2147483648
6 16 0
6 17 -2147483648
6 18 -2147483648
6 19 0
6 20 0
6 21 0
6 22 0
6 23 0
6 24 0
7 0 -2147483648
7 1 0
7 2 0
7 3 0
7 4 1
7 5 0
7 6 1
7 8 -2147483648
7 9 0
7 10 0
7 11 0
7 12 -2147483648
7 13 0
7 14 0
7 15 0
7 16 0
7 17 0
7 18 -2147483648
7 19 0
7 20 0
7 21 0
7 22 0
7 23 -2147483648
7 24 0
8 0 -2147483648
8 1 -2147483648
8 2 -2147483648
8 3 -2147483648
8 4 -2147483648
8 5 -2147483648
8 6 -2147483648
8 7 -2147483648
8 9 -2147483648
8 10 -2147483648
8 11 0
8 12 -2147483648
8 13 -2147483648
8 14 -2147483648
8 15 0
8 16 -2147483648
8 17 -2147483648
8 18 -2147483648
8 19 -2147483648
8 20 3
8 21 -2147483648
8 22 -2147483648
8 23 -2147483648
8 24 -2147483648
9 0 -2147483648
9 1 0
9 2 -2147483648
9 3 -2147483648
9 4 -2147483648
9 5 -2147483648
9 6 -2147483648
9 7 0
9 8 -2147483648
9 10 0
9 11 -2147483648
9 12 0
9 13 -2147483648
9 14 -2147483648
9 15 3
9 16 0
9 17 -2147483648
9 18 -2147483648
9 19 0
9 20 -2147483648
9 21 0
9 22 0
9 23 0
9 24 0
10 0 -2147483648
10 1 -2147483648
10 2 -2147483648
10 3 -2147483648
10 4 0
10 5 -2147483648
10 6 0
10 7 0
10 8 -2147483648
10 9 0
10 11 -2147483648
10 12 -2147483648
10 13 0
10 14 2
10 15 -2147483648
10 16 -2147483648
10 17 -2147483648
10 18 0
10 19 -2147483648
10 20 0
10 21 -2147483648
10 22 2
10 23 -2147483648
10 24 -2147483648
11 0 -2147483648
11 1 -2147483648
11 2 -2147483648
11 3 -2147483648
11 4 -2147483648
11 5 0
11 6 -2147483648
11 7 0
11 8 0
11 9 -2147483648
11 10 -2147483648
11 12 0
11 13 -2147483648
11 14 -2147483648
11 15 -2147483648
11 16 0
11 17 -2147483648
11 18 0
11 19 -2147483648
11 20 0
11 21 -2147483648
11 22 -2147483648
11 23 -2147483648
11 24 -2147483648
12 0 0
12 1 0
12 2 0
12 3 -2147483648
12 4 0
12 5 0
12 6 0
12 7 -2147483648
12 8 -2147483648
12 9 0
12 10 -2147483648
12 11 0
12 13 0
12 14 0
12 15 0
12 16 -2147483648
12 17 -2147483648
12 18 -2147483648
12 19 0
12 20 0
12 21 -2147483648
12 22 0
12 23 -2147483648
12 24 0
13 0 -2147483648
13 1 0
13 2 -2147483648
13 3 -2147483648
13 4 1
13 5 -2147483648
13 6 2
13 7 0
13 8 -2147483648
13 9 -2147483648
13 10 0
13 11 -2147483648
13 12 0
13 14 0
13 15 -2147483648
13 16 0
13 17 -2147483648
13 18 -2147483648
13 19 0
13 20 -2147483648
13 21 0
13 22 0
13 23 0
13 24 0
14 0 0
14 1 -2147483648
14 2 -2147483648
14 3 -2147483648
14 4 0
14 5 0
14 6 0
14 7 0
14 8 -2147483648
14 9 -2147483648
14 10 2
14 11 -2147483648
14 12 0
14 13 0
14 15 0
14 16 0
14 17 0
14 18 1
14 19 -2147483648
14 20 -2147483648
14 21 0
14 22 3
14 23 0
14 24 -2147483648
15 0 -2147483648
15 1 0
15 2 0
15 3 -2147483648
15 4 -2147483648
15 5 -2147483648
15 6 -2147483648
15 7 0
15 8 0
15 9 3
15 10 -2147483648
15 11 -2147483648
15 12 0
15 13 -2147483648
15 14 0
15 16 1
15 17 -2147483648
15 18 0
15 19 0
15 20 0
15 21 -2147483648
15 22 0
15 23 -2147483648
15 24 0
16 0 0
16 1 0
16 2 0
16 3 0
16 4 -2147483648
16 5 0
16 6 0
16 7 0
16 8 -2147483648
16 9 0
16 10 -2147483648
16 11 0
16 12 -2147483648
16 13 0
16 14 0
16 15 1
16 17 0
16 18 0
16 19 0
16 20 0
16 21 3
16 22 0
16 23 -2147483648
16 24 0
17 0 -2147483648
17 1 -2147483648
17 2 0
17 3 5
17 4 -2147483648
17 5 -2147483648
17 6 -2147483648
17 7 0
17 8 -2147483648
17 9 -2147483648
17 10 -2147483648
17 11 -2147483648
17 12 -2147483648
17 13 -2147483648
17 14 0
17 15 -2147483648
17 16 0
17 18 -2147483648
17 19 0
17 20 0
17 21 -2147483648
17 22 0
17 23 -2147483648
17 24 0
18 0 -2147483648
18 1 1
18 2 3
18 3 -2147483648
18 4 -2147483648
18 5 -2147483648
18 6 -2147483648
18 7 -2147483648
18 8 -2147483648
18 9 -2147483648
18 10 0
18 11 0
18 12 -2147483648
18 13 -2147483648
18 14 1
18 15 0
18 16 0
18 17 -2147483648
18 19 1
18 20 -2147483648
18 21 0
18 22 0
18 23 -2147483648
18 24 0
19 0 0
19 1 -2147483648
19 2 4
19 3 -2147483648
19 4 0
19 5 0
19 6 0
19 7 0
19 8 -2147483648
19 9 0
19 10 -2147483648
19 11 -2147483648
19 12 0
19 13 0
19 14 -2147483648
19 15 0
19 16 0
19 17 0
19 18 1
19 20 -2147483648
19 21 0
19 22 -2147483648
19 23 0
19 24 -2147483648
20 0 0
20 1 -2147483648
20 2 -2147483648
20 3 -2147483648
20 4 0
20 5 0
20 6 0
20 7 0
20 8 3
20 9 -2147483648
20 10 0
20 11 0
20 12 0
20 13 -2147483648
20 14 -2147483648
20 15 0
20 16 0
20 17 0
20 18 -2147483648
20 19 -2147483648
20 21 0
20 22 0
20 23 0
20 24 0
21 0 2
21 1 -2147483648
21 2 0
21 3 -2147483648
21 4 -2147483648
21 5 1
21 6 0
21 7 0
21 8 -2147483648
21 9 0
21 10 -2147483648
21 11 -2147483648
21 12 -2147483648
21 13 0
21 14 0
21 15 -2147483648
21 16 3
21 17 -2147483648
21 18 0
21 19 0
21 20 0
21 22 0
21 23 -2147483648
21 24 0
22 0 0
22 1 -2147483648
22 2 -2147483648
22 3 0
22 4 0
22 5 0
22 6 0
22 7 0
22 8 -2147483648
22 9 0
22 10 2
22 11 -2147483648
22 12 0
22 13 0
22 14 3
22 15 0
22 16 0
22 17 0
22 18 0
22 19 -2147483648
22 20 0
22 21 0
22 23 0
22 24 -2147483648
23 0 -2147483648
23 1 -2147483648
23 2 0
23 3 -2147483648
23 4 1
23 5 -2147483648
23 6 0
23 7 -2147483648
23 8 -2147483648
23 9 0
23 10 -2147483648
23 11 -2147483648
23 12 -2147483648
23 13 0
23 14 0
23 15 -2147483648
23 16 -2147483648
23 17 -2147483648
23 18 -2147483648
23 19 0
23 20 0
23 21 -2147483648
23 22 0
23 24 0
24 0 0
24 1 3
24 2 3
24 3 0
24 4 0
24 5 0
24 6 0
24 7 0
24 8 -2147483648
24 9 0
24 10 -2147483648
24 11 -2147483648
24 12 0
24 13 0
24 14 -2147483648
24 15 0
24 16 0
24 17 0
24 18 0
24 19 -2147483648
24 20 0
24 21 0
24 22 -2147483648
24 23 0
