6 11 13 
6 11 12 10 13 
2 1 6 11 13 
2 3 9 10 13 
5 10 12 11 
5 10 13 11 
4 7 8 
4 2 3 9 8 
7 8 9 
7 6 1 3 9 
2 3 9 
2 1 3 9 
2 4 14 12 
2 4 5 10 12 
2 1 6 
2 3 1 6 
3 2 4 14 
3 1 2 4 14 
7 6 11 12 
7 4 14 12 
4 2 3 9 
4 5 10 9 
7 8 9 
7 6 1 3 9 
7 4 14 
7 6 11 12 14 
4 7 6 11 
4 14 12 11 
7 6 11 
7 4 14 12 11 
4 14 12 
4 5 10 12 
5 10 13 
5 10 12 11 13 
5 10 12 
5 4 14 12 
3 1 6 11 
3 2 1 6 11 
9 10 12 
9 10 13 11 12 
3 2 4 
3 1 2 4 
2 3 9 
2 1 3 9 
1 3 9 10 
1 2 4 5 10 
3 1 6 
3 2 1 6 
4 7 6 
4 2 1 6 
