0 1 -2147483648
0 2 2
0 3 -2147483648
0 4 -2147483648
0 5 -2147483648
0 6 0
0 7 0
0 8 0
0 9 -2147483648
0 10 0
0 11 0
0 12 0
0 13 0
0 14 0
0 15 0
0 16 0
0 17 0
0 18 -2147483648
0 19 0
0 20 0
0 21 0
0 22 0
0 23 -2147483648
0 24 0
0 25 -2147483648
0 26 1
0 27 -2147483648
0 28 1
0 29 -2147483648
0 30 0
0 31 0
0 32 -2147483648
0 33 -2147483648
0 34 0
0 35 0
0 36 1
0 37 1
0 38 0
0 39 -2147483648
0 40 0
0 41 0
0 42 0
0 43 0
0 44 0
0 45 0
0 46 0
0 47 0
0 48 0
0 49 0
1 0 -2147483648
1 2 -2147483648
1 3 -2147483648
1 4 -2147483648
1 5 -2147483648
1 6 0
1 7 0
1 8 0
1 9 -2147483648
1 10 0
1 11 0
1 12 -2147483648
1 13 -2147483648
1 14 0
1 15 0
1 16 0
1 17 0
1 18 2
1 19 -2147483648
1 20 0
1 21 -2147483648
1 22 0
1 23 -2147483648
1 24 0
1 25 -2147483648
1 26 1
1 27 -2147483648
1 28 1
1 29 -2147483648
1 30 -2147483648
1 31 -2147483648
1 32 -2147483648
1 33 -2147483648
1 34 -2147483648
1 35 -2147483648
1 36 1
1 37 1
1 38 -2147483648
1 39 -2147483648
1 40 0
1 41 0
1 42 0
1 43 0
1 44 -2147483648
1 45 -2147483648
1 46 0
1 47 0
1 48 0
1 49 0
2 0 2
2 1 -2147483648
2 3 -2147483648
2 4 -2147483648
2 5 -2147483648
2 6 0
2 7 -2147483648
2 8 0
2 9 -2147483648
2 10 -2147483648
2 11 -2147483648
2 12 -2147483648
2 13 -2147483648
2 14 2
2 15 -2147483648
2 16 -2147483648
2 17 -2147483648
2 18 -2147483648
2 19 0
2 20 -2147483648
2 21 0
2 22 0
2 23 -2147483648
2 24 0
2 25 -2147483648
2 26 -2147483648
2 27 -2147483648
2 28 -2147483648
2 29 -2147483648
2 30 0
2 31 0
2 32 -2147483648
2 33 -2147483648
2 34 0
2 35 0
2 36 -2147483648
2 37 3
2 38 0
2 39 -2147483648
2 40 -2147483648
2 41 -2147483648
2 42 -2147483648
2 43 -2147483648
2 44 -2147483648
2 45 -2147483648
2 46 -2147483648
2 47 2
2 48 -2147483648
2 49 2
3 0 -2147483648
3 1 -2147483648
3 2 -2147483648
3 4 -2147483648
3 5 -2147483648
3 6 0
3 7 -2147483648
3 8 -2147483648
3 9 -2147483648
3 10 2
3 11 -2147483648
3 12 -2147483648
3 13 -2147483648
3 14 -2147483648
3 15 -2147483648
3 16 -2147483648
3 17 -2147483648
3 18 0
3 19 0
3 20 2
3 21 -2147483648
3 22 -2147483648
3 23 -2147483648
3 24 0
3 25 0
3 26 0
3 27 0
3 28 0
3 29 0
3 30 0
3 31 -2147483648
3 32 -2147483648
3 33 -2147483648
3 34 -2147483648
3 35 0
3 36 -2147483648
3 37 -2147483648
3 38 -2147483648
3 39 2
3 40 -2147483648
3 41 -2147483648
3 42 2
3 43 -2147483648
3 44 -2147483648
3 45 -2147483648
3 46 -2147483648
3 47 -2147483648
3 48 0
3 49 -2147483648
4 0 -2147483648
4 1 -2147483648
4 2 -2147483648
4 3 -2147483648
4 5 -2147483648
4 6 0
4 7 0
4 8 0
4 9 0
4 10 0
4 11 0
4 12 -2147483648
4 13 2
4 14 0
4 15 0
4 16 0
4 17 0
4 18 -2147483648
4 19 -2147483648
4 20 0
4 21 -2147483648
4 22 0
4 23 0
4 24 0
4 25 -2147483648
4 26 -2147483648
4 27 -2147483648
4 28 -2147483648
4 29 -2147483648
4 30 -2147483648
4 31 2
4 32 -2147483648
4 33 3
4 34 2
4 35 -2147483648
4 36 -2147483648
4 37 -2147483648
4 38 -2147483648
4 39 -2147483648
4 40 0
4 41 0
4 42 0
4 43 0
4 44 -2147483648
4 45 1
4 46 0
4 47 0
4 48 0
4 49 0
5 0 -2147483648
5 1 -2147483648
5 2 -2147483648
5 3 -2147483648
5 4 -2147483648
5 6 0
5 7 0
5 8 0
5 9 0
5 10 0
5 11 0
5 12 0
5 13 -2147483648
5 14 0
5 15 0
5 16 0
5 17 0
5 18 -2147483648
5 19 0
5 20 0
5 21 -2147483648
5 22 0
5 23 0
5 24 0
5 25 -2147483648
5 26 -2147483648
5 27 -2147483648
5 28 -2147483648
5 29 -2147483648
5 30 0
5 31 -2147483648
5 32 2
5 33 -2147483648
5 34 -2147483648
5 35 -2147483648
5 36 -2147483648
5 37 -2147483648
5 38 -2147483648
5 39 -2147483648
5 40 0
5 41 0
5 42 0
5 43 0
5 44 -2147483648
5 45 1
5 46 0
5 47 0
5 48 0
5 49 0
6 0 0
6 1 0
6 2 0
6 3 0
6 4 0
6 5 0
6 7 -2147483648
6 8 1
6 9 -2147483648
6 10 0
6 11 0
6 12 -2147483648
6 13 -2147483648
6 14 0
6 15 0
6 16 -2147483648
6 17 -2147483648
6 18 -2147483648
6 19 -2147483648
6 20 -2147483648
6 21 -2147483648
6 22 1
6 23 -2147483648
6 24 -2147483648
6 25 -2147483648
6 26 -2147483648
6 27 -2147483648
6 28 -2147483648
6 29 -2147483648
6 30 -2147483648
6 31 -2147483648
6 32 0
6 33 0
6 34 0
6 35 -2147483648
6 36 0
6 37 0
6 38 0
6 39 0
6 40 0
6 41 0
6 42 0
6 43 0
6 44 0
6 45 -2147483648
6 46 0
6 47 0
6 48 -2147483648
6 49 -2147483648
7 0 0
7 1 0
7 2 -2147483648
7 3 -2147483648
7 4 0
7 5 0
7 6 -2147483648
7 8 -2147483648
7 9 -2147483648
7 10 2
7 11 -2147483648
7 12 -2147483648
7 13 -2147483648
7 14 -2147483648
7 15 -2147483648
7 16 -2147483648
7 17 -2147483648
7 18 0
7 19 -2147483648
7 20 3
7 21 -2147483648
7 22 -2147483648
7 23 -2147483648
7 24 -2147483648
7 25 0
7 26 -2147483648
7 27 -2147483648
7 28 0
7 29 -2147483648
7 30 -2147483648
7 31 -2147483648
7 32 0
7 33 0
7 34 0
7 35 -2147483648
7 36 -2147483648
7 37 -2147483648
7 38 -2147483648
7 39 -2147483648
7 40 -2147483648
7 41 -2147483648
7 42 2
7 43 -2147483648
7 44 -2147483648
7 45 -2147483648
7 46 -2147483648
7 47 -2147483648
7 48 -2147483648
7 49 -2147483648
8 0 0
8 1 0
8 2 0
8 3 -2147483648
8 4 0
8 5 0
8 6 1
8 7 -2147483648
8 9 -2147483648
8 10 -2147483648
8 11 -2147483648
8 12 0
8 13 0
8 14 0
8 15 0
8 16 0
8 17 0
8 18 -2147483648
8 19 -2147483648
8 20 -2147483648
8 21 -2147483648
8 22 2
8 23 -2147483648
8 24 -2147483648
8 25 -2147483648
8 26 -2147483648
8 27 0
8 28 -2147483648
8 29 -2147483648
8 30 0
8 31 0
8 32 0
8 33 0
8 34 0
8 35 0
8 36 0
8 37 0
8 38 0
8 39 0
8 40 0
8 41 0
8 42 -2147483648
8 43 -2147483648
8 44 -2147483648
8 45 0
8 46 0
8 47 0
8 48 -2147483648
8 49 0
9 0 -2147483648
9 1 -2147483648
9 2 -2147483648
9 3 -2147483648
9 4 0
9 5 0
9 6 -2147483648
9 7 -2147483648
9 8 -2147483648
9 10 -2147483648
9 11 -2147483648
9 12 0
9 13 0
9 14 -2147483648
9 15 -2147483648
9 16 -2147483648
9 17 -2147483648
9 18 -2147483648
9 19 -2147483648
9 20 -2147483648
9 21 -2147483648
9 22 -2147483648
9 23 4
9 24 -2147483648
9 25 -2147483648
9 26 -2147483648
9 27 0
9 28 -2147483648
9 29 -2147483648
9 30 0
9 31 0
9 32 0
9 33 0
9 34 0
9 35 0
9 36 -2147483648
9 37 -2147483648
9 38 0
9 39 0
9 40 -2147483648
9 41 -2147483648
9 42 -2147483648
9 43 -2147483648
9 44 2
9 45 -2147483648
9 46 -2147483648
9 47 -2147483648
9 48 1
9 49 -2147483648
10 0 0
10 1 0
10 2 -2147483648
10 3 2
10 4 0
10 5 0
10 6 0
10 7 2
10 8 -2147483648
10 9 -2147483648
10 11 -2147483648
10 12 -2147483648
10 13 -2147483648
10 14 -2147483648
10 15 -2147483648
10 16 -2147483648
10 17 -2147483648
10 18 0
10 19 0
10 20 2
10 21 -2147483648
10 22 -2147483648
10 23 -2147483648
10 24 0
10 25 0
10 26 0
10 27 0
10 28 0
10 29 0
10 30 0
10 31 0
10 32 0
10 33 0
10 34 0
10 35 0
10 36 -2147483648
10 37 -2147483648
10 38 0
10 39 0
10 40 -2147483648
10 41 -2147483648
10 42 2
10 43 -2147483648
10 44 -2147483648
10 45 -2147483648
10 46 -2147483648
10 47 -2147483648
10 48 0
10 49 -2147483648
11 0 0
11 1 0
11 2 -2147483648
11 3 -2147483648
11 4 0
11 5 0
11 6 0
11 7 -2147483648
11 8 -2147483648
11 9 -2147483648
11 10 -2147483648
11 12 -2147483648
11 13 -2147483648
11 14 -2147483648
11 15 -2147483648
11 16 -2147483648
11 17 -2147483648
11 18 0
11 19 0
11 20 -2147483648
11 21 -2147483648
11 22 -2147483648
11 23 -2147483648
11 24 0
11 25 0
11 26 0
11 27 0
11 28 0
11 29 0
11 30 0
11 31 0
11 32 0
11 33 0
11 34 0
11 35 0
11 36 -2147483648
11 37 -2147483648
11 38 0
11 39 0
11 40 -2147483648
11 41 -2147483648
11 42 -2147483648
11 43 3
11 44 2
11 45 -2147483648
11 46 -2147483648
11 47 -2147483648
11 48 0
11 49 -2147483648
12 0 0
12 1 -2147483648
12 2 -2147483648
12 3 -2147483648
12 4 -2147483648
12 5 0
12 6 -2147483648
12 7 -2147483648
12 8 0
12 9 0
12 10 -2147483648
12 11 -2147483648
12 13 -2147483648
12 14 -2147483648
12 15 -2147483648
12 16 2
12 17 2
12 18 -2147483648
12 19 -2147483648
12 20 -2147483648
12 21 -2147483648
12 22 0
12 23 0
12 24 -2147483648
12 25 -2147483648
12 26 -2147483648
12 27 2
12 28 0
12 29 -2147483648
12 30 2
12 31 -2147483648
12 32 0
12 33 -2147483648
12 34 -2147483648
12 35 -2147483648
12 36 0
12 37 -2147483648
12 38 -2147483648
12 39 -2147483648
12 40 1
12 41 1
12 42 -2147483648
12 43 -2147483648
12 44 0
12 45 -2147483648
12 46 0
12 47 -2147483648
12 48 -2147483648
12 49 -2147483648
13 0 0
13 1 -2147483648
13 2 -2147483648
13 3 -2147483648
13 4 2
13 5 -2147483648
13 6 -2147483648
13 7 -2147483648
13 8 0
13 9 0
13 10 -2147483648
13 11 -2147483648
13 12 -2147483648
13 14 -2147483648
13 15 -2147483648
13 16 -2147483648
13 17 -2147483648
13 18 -2147483648
13 19 -2147483648
13 20 -2147483648
13 21 -2147483648
13 22 0
13 23 0
13 24 -2147483648
13 25 -2147483648
13 26 -2147483648
13 27 -2147483648
13 28 0
13 29 -2147483648
13 30 -2147483648
13 31 3
13 32 -2147483648
13 33 2
13 34 2
13 35 -2147483648
13 36 0
13 37 -2147483648
13 38 -2147483648
13 39 -2147483648
13 40 1
13 41 1
13 42 -2147483648
13 43 -2147483648
13 44 -2147483648
13 45 3
13 46 0
13 47 -2147483648
13 48 -2147483648
13 49 -2147483648
14 0 0
14 1 0
14 2 2
14 3 -2147483648
14 4 0
14 5 0
14 6 0
14 7 -2147483648
14 8 0
14 9 -2147483648
14 10 -2147483648
14 11 -2147483648
14 12 -2147483648
14 13 -2147483648
14 15 -2147483648
14 16 -2147483648
14 17 -2147483648
14 18 -2147483648
14 19 0
14 20 -2147483648
14 21 0
14 22 0
14 23 -2147483648
14 24 0
14 25 -2147483648
14 26 -2147483648
14 27 0
14 28 -2147483648
14 29 0
14 30 0
14 31 0
14 32 0
14 33 0
14 34 0
14 35 0
14 36 -2147483648
14 37 2
14 38 0
14 39 0
14 40 -2147483648
14 41 -2147483648
14 42 -2147483648
14 43 -2147483648
14 44 -2147483648
14 45 -2147483648
14 46 -2147483648
14 47 2
14 48 -2147483648
14 49 2
15 0 0
15 1 0
15 2 -2147483648
15 3 -2147483648
15 4 0
15 5 0
15 6 0
15 7 -2147483648
15 8 0
15 9 -2147483648
15 10 -2147483648
15 11 -2147483648
15 12 -2147483648
15 13 -2147483648
15 14 -2147483648
15 16 -2147483648
15 17 -2147483648
15 18 -2147483648
15 19 0
15 20 -2147483648
15 21 0
15 22 0
15 23 -2147483648
15 24 0
15 25 -2147483648
15 26 -2147483648
15 27 0
15 28 -2147483648
15 29 0
15 30 0
15 31 0
15 32 0
15 33 0
15 34 0
15 35 0
15 36 2
15 37 -2147483648
15 38 0
15 39 0
15 40 -2147483648
15 41 -2147483648
15 42 -2147483648
15 43 -2147483648
15 44 -2147483648
15 45 -2147483648
15 46 2
15 47 -2147483648
15 48 -2147483648
15 49 -2147483648
16 0 0
16 1 0
16 2 -2147483648
16 3 -2147483648
16 4 0
16 5 0
16 6 -2147483648
16 7 -2147483648
16 8 0
16 9 -2147483648
16 10 -2147483648
16 11 -2147483648
16 12 2
16 13 -2147483648
16 14 -2147483648
16 15 -2147483648
16 17 -2147483648
16 18 0
16 19 -2147483648
16 20 -2147483648
16 21 -2147483648
16 22 0
16 23 -2147483648
16 24 -2147483648
16 25 -2147483648
16 26 -2147483648
16 27 1
16 28 0
16 29 -2147483648
16 30 1
16 31 -2147483648
16 32 0
16 33 0
16 34 0
16 35 -2147483648
16 36 -2147483648
16 37 -2147483648
16 38 0
16 39 0
16 40 2
16 41 -2147483648
16 42 -2147483648
16 43 -2147483648
16 44 -2147483648
16 45 -2147483648
16 46 -2147483648
16 47 -2147483648
16 48 -2147483648
16 49 -2147483648
17 0 0
17 1 0
17 2 -2147483648
17 3 -2147483648
17 4 0
17 5 0
17 6 -2147483648
17 7 -2147483648
17 8 0
17 9 -2147483648
17 10 -2147483648
17 11 -2147483648
17 12 2
17 13 -2147483648
17 14 -2147483648
17 15 -2147483648
17 16 -2147483648
17 18 0
17 19 -2147483648
17 20 -2147483648
17 21 -2147483648
17 22 0
17 23 -2147483648
17 24 -2147483648
17 25 -2147483648
17 26 -2147483648
17 27 1
17 28 0
17 29 -2147483648
17 30 1
17 31 -2147483648
17 32 0
17 33 0
17 34 0
17 35 -2147483648
17 36 -2147483648
17 37 -2147483648
17 38 0
17 39 0
17 40 -2147483648
17 41 3
17 42 -2147483648
17 43 -2147483648
17 44 -2147483648
17 45 -2147483648
17 46 -2147483648
17 47 -2147483648
17 48 -2147483648
17 49 -2147483648
18 0 -2147483648
18 1 2
18 2 -2147483648
18 3 0
18 4 -2147483648
18 5 -2147483648
18 6 -2147483648
18 7 0
18 8 -2147483648
18 9 -2147483648
18 10 0
18 11 0
18 12 -2147483648
18 13 -2147483648
18 14 -2147483648
18 15 -2147483648
18 16 0
18 17 0
18 19 -2147483648
18 20 0
18 21 0
18 22 -2147483648
18 23 -2147483648
18 24 -2147483648
18 25 3
18 26 2
18 27 -2147483648
18 28 2
18 29 -2147483648
18 30 -2147483648
18 31 -2147483648
18 32 0
18 33 -2147483648
18 34 -2147483648
18 35 -2147483648
18 36 -2147483648
18 37 -2147483648
18 38 -2147483648
18 39 -2147483648
18 40 0
18 41 0
18 42 0
18 43 0
18 44 0
18 45 0
18 46 -2147483648
18 47 -2147483648
18 48 1
18 49 -2147483648
19 0 0
19 1 -2147483648
19 2 0
19 3 0
19 4 -2147483648
19 5 0
19 6 -2147483648
19 7 -2147483648
19 8 -2147483648
19 9 -2147483648
19 10 0
19 11 0
19 12 -2147483648
19 13 -2147483648
19 14 0
19 15 0
19 16 -2147483648
19 17 -2147483648
19 18 -2147483648
19 20 -2147483648
19 21 -2147483648
19 22 -2147483648
19 23 -2147483648
19 24 2
19 25 -2147483648
19 26 -2147483648
19 27 2
19 28 -2147483648
19 29 3
19 30 2
19 31 -2147483648
19 32 0
19 33 -2147483648
19 34 -2147483648
19 35 -2147483648
19 36 0
19 37 0
19 38 -2147483648
19 39 -2147483648
19 40 -2147483648
19 41 -2147483648
19 42 0
19 43 0
19 44 0
19 45 -2147483648
19 46 0
19 47 0
19 48 -2147483648
19 49 -2147483648
20 0 0
20 1 0
20 2 -2147483648
20 3 2
20 4 0
20 5 0
20 6 -2147483648
20 7 3
20 8 -2147483648
20 9 -2147483648
20 10 2
20 11 -2147483648
20 12 -2147483648
20 13 -2147483648
20 14 -2147483648
20 15 -2147483648
20 16 -2147483648
20 17 -2147483648
20 18 0
20 19 -2147483648
20 21 -2147483648
20 22 -2147483648
20 23 -2147483648
20 24 -2147483648
20 25 0
20 26 -2147483648
20 27 -2147483648
20 28 0
20 29 -2147483648
20 30 -2147483648
20 31 -2147483648
20 32 0
20 33 0
20 34 0
20 35 -2147483648
20 36 -2147483648
20 37 -2147483648
20 38 0
20 39 0
20 40 -2147483648
20 41 -2147483648
20 42 2
20 43 -2147483648
20 44 -2147483648
20 45 -2147483648
20 46 -2147483648
20 47 -2147483648
20 48 -2147483648
20 49 -2147483648
21 0 0
21 1 -2147483648
21 2 0
21 3 -2147483648
21 4 -2147483648
21 5 -2147483648
21 6 -2147483648
21 7 -2147483648
21 8 -2147483648
21 9 -2147483648
21 10 -2147483648
21 11 -2147483648
21 12 -2147483648
21 13 -2147483648
21 14 0
21 15 0
21 16 -2147483648
21 17 -2147483648
21 18 0
21 19 -2147483648
21 20 -2147483648
21 22 -2147483648
21 23 -2147483648
21 24 -2147483648
21 25 0
21 26 -2147483648
21 27 -2147483648
21 28 0
21 29 -2147483648
21 30 -2147483648
21 31 -2147483648
21 32 -2147483648
21 33 -2147483648
21 34 -2147483648
21 35 -2147483648
21 36 0
21 37 0
21 38 -2147483648
21 39 -2147483648
21 40 0
21 41 0
21 42 -2147483648
21 43 -2147483648
21 44 -2147483648
21 45 2
21 46 0
21 47 0
21 48 -2147483648
21 49 -2147483648
22 0 0
22 1 0
22 2 0
22 3 -2147483648
22 4 0
22 5 0
22 6 1
22 7 -2147483648
22 8 2
22 9 -2147483648
22 10 -2147483648
22 11 -2147483648
22 12 0
22 13 0
22 14 0
22 15 0
22 16 0
22 17 0
22 18 -2147483648
22 19 -2147483648
22 20 -2147483648
22 21 -2147483648
22 23 -2147483648
22 24 -2147483648
22 25 -2147483648
22 26 -2147483648
22 27 0
22 28 -2147483648
22 29 -2147483648
22 30 0
22 31 0
22 32 0
22 33 0
22 34 0
22 35 0
22 36 0
22 37 0
22 38 0
22 39 0
22 40 0
22 41 0
22 42 -2147483648
22 43 -2147483648
22 44 -2147483648
22 45 0
22 46 0
22 47 0
22 48 -2147483648
22 49 0
23 0 -2147483648
23 1 -2147483648
23 2 -2147483648
23 3 -2147483648
23 4 0
23 5 0
23 6 -2147483648
23 7 -2147483648
23 8 -2147483648
23 9 4
23 10 -2147483648
23 11 -2147483648
23 12 0
23 13 0
23 14 -2147483648
23 15 -2147483648
23 16 -2147483648
23 17 -2147483648
23 18 -2147483648
23 19 -2147483648
23 20 -2147483648
23 21 -2147483648
23 22 -2147483648
23 24 -2147483648
23 25 -2147483648
23 26 -2147483648
23 27 0
23 28 -2147483648
23 29 -2147483648
23 30 0
23 31 0
23 32 0
23 33 0
23 34 0
23 35 0
23 36 -2147483648
23 37 -2147483648
23 38 0
23 39 0
23 40 -2147483648
23 41 -2147483648
23 42 -2147483648
23 43 -2147483648
23 44 2
23 45 -2147483648
23 46 -2147483648
23 47 -2147483648
23 48 1
23 49 -2147483648
24 0 0
24 1 0
24 2 0
24 3 0
24 4 0
24 5 0
24 6 -2147483648
24 7 -2147483648
24 8 -2147483648
24 9 -2147483648
24 10 0
24 11 0
24 12 -2147483648
24 13 -2147483648
24 14 0
24 15 0
24 16 -2147483648
24 17 -2147483648
24 18 -2147483648
24 19 2
24 20 -2147483648
24 21 -2147483648
24 22 -2147483648
24 23 -2147483648
24 25 -2147483648
24 26 -2147483648
24 27 1
24 28 -2147483648
24 29 2
24 30 1
24 31 -2147483648
24 32 0
24 33 0
24 34 0
24 35 -2147483648
24 36 0
24 37 0
24 38 0
24 39 0
24 40 -2147483648
24 41 -2147483648
24 42 0
24 43 0
24 44 0
24 45 -2147483648
24 46 0
24 47 0
24 48 -2147483648
24 49 -2147483648
25 0 -2147483648
25 1 -2147483648
25 2 -2147483648
25 3 0
25 4 -2147483648
25 5 -2147483648
25 6 -2147483648
25 7 0
25 8 -2147483648
25 9 -2147483648
25 10 0
25 11 0
25 12 -2147483648
25 13 -2147483648
25 14 -2147483648
25 15 -2147483648
25 16 -2147483648
25 17 -2147483648
25 18 3
25 19 -2147483648
25 20 0
25 21 0
25 22 -2147483648
25 23 -2147483648
25 24 -2147483648
25 26 2
25 27 -2147483648
25 28 2
25 29 -2147483648
25 30 -2147483648
25 31 -2147483648
25 32 0
25 33 -2147483648
25 34 -2147483648
25 35 -2147483648
25 36 -2147483648
25 37 -2147483648
25 38 -2147483648
25 39 -2147483648
25 40 0
25 41 0
25 42 0
25 43 0
25 44 0
25 45 0
25 46 -2147483648
25 47 -2147483648
25 48 1
25 49 -2147483648
26 0 1
26 1 1
26 2 -2147483648
26 3 0
26 4 -2147483648
26 5 -2147483648
26 6 -2147483648
26 7 -2147483648
26 8 -2147483648
26 9 -2147483648
26 10 0
26 11 0
26 12 -2147483648
26 13 -2147483648
26 14 -2147483648
26 15 -2147483648
26 16 -2147483648
26 17 -2147483648
26 18 2
26 19 -2147483648
26 20 -2147483648
26 21 -2147483648
26 22 -2147483648
26 23 -2147483648
26 24 -2147483648
26 25 2
26 27 -2147483648
26 28 2
26 29 -2147483648
26 30 -2147483648
26 31 -2147483648
26 32 0
26 33 -2147483648
26 34 0
26 35 -2147483648
26 36 -2147483648
26 37 -2147483648
26 38 0
26 39 -2147483648
26 40 0
26 41 0
26 42 0
26 43 0
26 44 0
26 45 -2147483648
26 46 -2147483648
26 47 -2147483648
26 48 2
26 49 -2147483648
27 0 -2147483648
27 1 -2147483648
27 2 -2147483648
27 3 0
27 4 -2147483648
27 5 -2147483648
27 6 -2147483648
27 7 -2147483648
27 8 0
27 9 0
27 10 0
27 11 0
27 12 2
27 13 -2147483648
27 14 0
27 15 0
27 16 1
27 17 1
27 18 -2147483648
27 19 2
27 20 -2147483648
27 21 -2147483648
27 22 0
27 23 0
27 24 1
27 25 -2147483648
27 26 -2147483648
27 28 -2147483648
27 29 3
27 30 2
27 31 -2147483648
27 32 0
27 33 -2147483648
27 34 -2147483648
27 35 2
27 36 -2147483648
27 37 -2147483648
27 38 -2147483648
27 39 -2147483648
27 40 0
27 41 0
27 42 0
27 43 0
27 44 0
27 45 -2147483648
27 46 0
27 47 0
27 48 -2147483648
27 49 -2147483648
28 0 1
28 1 1
28 2 -2147483648
28 3 0
28 4 -2147483648
28 5 -2147483648
28 6 -2147483648
28 7 0
28 8 -2147483648
28 9 -2147483648
28 10 0
28 11 0
28 12 0
28 13 0
28 14 -2147483648
28 15 -2147483648
28 16 0
28 17 0
28 18 2
28 19 -2147483648
28 20 0
28 21 0
28 22 -2147483648
28 23 -2147483648
28 24 -2147483648
28 25 2
28 26 2
28 27 -2147483648
28 29 -2147483648
28 30 0
28 31 0
28 32 0
28 33 -2147483648
28 34 0
28 35 0
28 36 -2147483648
28 37 -2147483648
28 38 0
28 39 -2147483648
28 40 0
28 41 0
28 42 0
28 43 0
28 44 0
28 45 0
28 46 -2147483648
28 47 -2147483648
28 48 1
28 49 -2147483648
29 0 -2147483648
29 1 -2147483648
29 2 -2147483648
29 3 0
29 4 -2147483648
29 5 -2147483648
29 6 -2147483648
29 7 -2147483648
29 8 -2147483648
29 9 -2147483648
29 10 0
29 11 0
29 12 -2147483648
29 13 -2147483648
29 14 0
29 15 0
29 16 -2147483648
29 17 -2147483648
29 18 -2147483648
29 19 3
29 20 -2147483648
29 21 -2147483648
29 22 -2147483648
29 23 -2147483648
29 24 2
29 25 -2147483648
29 26 -2147483648
29 27 3
29 28 -2147483648
29 30 2
29 31 -2147483648
29 32 0
29 33 -2147483648
29 34 -2147483648
29 35 -2147483648
29 36 -2147483648
29 37 -2147483648
29 38 -2147483648
29 39 -2147483648
29 40 -2147483648
29 41 -2147483648
29 42 0
29 43 0
29 44 0
29 45 -2147483648
29 46 0
29 47 0
29 48 -2147483648
29 49 -2147483648
30 0 0
30 1 -2147483648
30 2 0
30 3 0
30 4 -2147483648
30 5 0
30 6 -2147483648
30 7 -2147483648
30 8 0
30 9 0
30 10 0
30 11 0
30 12 2
30 13 -2147483648
30 14 0
30 15 0
30 16 1
30 17 1
30 18 -2147483648
30 19 2
30 20 -2147483648
30 21 -2147483648
30 22 0
30 23 0
30 24 1
30 25 -2147483648
30 26 -2147483648
30 27 2
30 28 0
30 29 2
30 31 -2147483648
30 32 0
30 33 -2147483648
30 34 -2147483648
30 35 2
30 36 0
30 37 0
30 38 -2147483648
30 39 -2147483648
30 40 0
30 41 0
30 42 0
30 43 0
30 44 0
30 45 -2147483648
30 46 0
30 47 0
30 48 -2147483648
30 49 -2147483648
31 0 0
31 1 -2147483648
31 2 0
31 3 -2147483648
31 4 2
31 5 -2147483648
31 6 -2147483648
31 7 -2147483648
31 8 0
31 9 0
31 10 0
31 11 0
31 12 -2147483648
31 13 3
31 14 0
31 15 0
31 16 -2147483648
31 17 -2147483648
31 18 -2147483648
31 19 -2147483648
31 20 -2147483648
31 21 -2147483648
31 22 0
31 23 0
31 24 -2147483648
31 25 -2147483648
31 26 -2147483648
31 27 -2147483648
31 28 0
31 29 -2147483648
31 30 -2147483648
31 32 -2147483648
31 33 2
31 34 2
31 35 -2147483648
31 36 0
31 37 0
31 38 -2147483648
31 39 -2147483648
31 40 0
31 41 0
31 42 0
31 43 0
31 44 -2147483648
31 45 2
31 46 0
31 47 0
31 48 -2147483648
31 49 -2147483648
32 0 -2147483648
32 1 -2147483648
32 2 -2147483648
32 3 -2147483648
32 4 -2147483648
32 5 2
32 6 0
32 7 0
32 8 0
32 9 0
32 10 0
32 11 0
32 12 0
32 13 -2147483648
32 14 0
32 15 0
32 16 0
32 17 0
32 18 0
32 19 0
32 20 0
32 21 -2147483648
32 22 0
32 23 0
32 24 0
32 25 0
32 26 0
32 27 0
32 28 0
32 29 0
32 30 0
32 31 -2147483648
32 33 -2147483648
32 34 -2147483648
32 35 -2147483648
32 36 0
32 37 0
32 38 -2147483648
32 39 -2147483648
32 40 0
32 41 0
32 42 0
32 43 0
32 44 -2147483648
32 45 1
32 46 0
32 47 0
32 48 0
32 49 0
33 0 -2147483648
33 1 -2147483648
33 2 -2147483648
33 3 -2147483648
33 4 3
33 5 -2147483648
33 6 0
33 7 0
33 8 0
33 9 0
33 10 0
33 11 0
33 12 -2147483648
33 13 2
33 14 0
33 15 0
33 16 0
33 17 0
33 18 -2147483648
33 19 -2147483648
33 20 0
33 21 -2147483648
33 22 0
33 23 0
33 24 0
33 25 -2147483648
33 26 -2147483648
33 27 -2147483648
33 28 -2147483648
33 29 -2147483648
33 30 -2147483648
33 31 2
33 32 -2147483648
33 34 2
33 35 -2147483648
33 36 -2147483648
33 37 -2147483648
33 38 -2147483648
33 39 -2147483648
33 40 0
33 41 0
33 42 0
33 43 0
33 44 -2147483648
33 45 1
33 46 0
33 47 0
33 48 0
33 49 0
34 0 0
34 1 -2147483648
34 2 0
34 3 -2147483648
34 4 2
34 5 -2147483648
34 6 0
34 7 0
34 8 0
34 9 0
34 10 0
34 11 0
34 12 -2147483648
34 13 2
34 14 0
34 15 0
34 16 0
34 17 0
34 18 -2147483648
34 19 -2147483648
34 20 0
34 21 -2147483648
34 22 0
34 23 0
34 24 0
34 25 -2147483648
34 26 0
34 27 -2147483648
34 28 0
34 29 -2147483648
34 30 -2147483648
34 31 2
34 32 -2147483648
34 33 2
34 35 -2147483648
34 36 0
34 37 0
34 38 -2147483648
34 39 -2147483648
34 40 0
34 41 0
34 42 0
34 43 0
34 44 -2147483648
34 45 1
34 46 0
34 47 0
34 48 0
34 49 0
35 0 0
35 1 -2147483648
35 2 0
35 3 0
35 4 -2147483648
35 5 -2147483648
35 6 -2147483648
35 7 -2147483648
35 8 0
35 9 0
35 10 0
35 11 0
35 12 -2147483648
35 13 -2147483648
35 14 0
35 15 0
35 16 -2147483648
35 17 -2147483648
35 18 -2147483648
35 19 -2147483648
35 20 -2147483648
35 21 -2147483648
35 22 0
35 23 0
35 24 -2147483648
35 25 -2147483648
35 26 -2147483648
35 27 2
35 28 0
35 29 -2147483648
35 30 2
35 31 -2147483648
35 32 -2147483648
35 33 -2147483648
35 34 -2147483648
35 36 0
35 37 0
35 38 -2147483648
35 39 -2147483648
35 40 -2147483648
35 41 -2147483648
35 42 0
35 43 0
35 44 0
35 45 -2147483648
35 46 0
35 47 0
35 48 -2147483648
35 49 -2147483648
36 0 1
36 1 1
36 2 -2147483648
36 3 -2147483648
36 4 -2147483648
36 5 -2147483648
36 6 0
36 7 -2147483648
36 8 0
36 9 -2147483648
36 10 -2147483648
36 11 -2147483648
36 12 0
36 13 0
36 14 -2147483648
36 15 2
36 16 -2147483648
36 17 -2147483648
36 18 -2147483648
36 19 0
36 20 -2147483648
36 21 0
36 22 0
36 23 -2147483648
36 24 0
36 25 -2147483648
36 26 -2147483648
36 27 -2147483648
36 28 -2147483648
36 29 -2147483648
36 30 0
36 31 0
36 32 0
36 33 -2147483648
36 34 0
36 35 0
36 37 -2147483648
36 38 0
36 39 -2147483648
36 40 -2147483648
36 41 -2147483648
36 42 -2147483648
36 43 -2147483648
36 44 -2147483648
36 45 -2147483648
36 46 2
36 47 -2147483648
36 48 -2147483648
36 49 -2147483648
37 0 1
37 1 1
37 2 3
37 3 -2147483648
37 4 -2147483648
37 5 -2147483648
37 6 0
37 7 -2147483648
37 8 0
37 9 -2147483648
37 10 -2147483648
37 11 -2147483648
37 12 -2147483648
37 13 -2147483648
37 14 2
37 15 -2147483648
37 16 -2147483648
37 17 -2147483648
37 18 -2147483648
37 19 0
37 20 -2147483648
37 21 0
37 22 0
37 23 -2147483648
37 24 0
37 25 -2147483648
37 26 -2147483648
37 27 -2147483648
37 28 -2147483648
37 29 -2147483648
37 30 0
37 31 0
37 32 0
37 33 -2147483648
37 34 0
37 35 0
37 36 -2147483648
37 38 0
37 39 -2147483648
37 40 -2147483648
37 41 -2147483648
37 42 -2147483648
37 43 -2147483648
37 44 -2147483648
37 45 -2147483648
37 46 -2147483648
37 47 3
37 48 -2147483648
37 49 -2147483648
38 0 0
38 1 -2147483648
38 2 0
38 3 -2147483648
38 4 -2147483648
38 5 -2147483648
38 6 0
38 7 -2147483648
38 8 0
38 9 0
38 10 0
38 11 0
38 12 -2147483648
38 13 -2147483648
38 14 0
38 15 0
38 16 0
38 17 0
38 18 -2147483648
38 19 -2147483648
38 20 0
38 21 -2147483648
38 22 0
38 23 0
38 24 0
38 25 -2147483648
38 26 0
38 27 -2147483648
38 28 0
38 29 -2147483648
38 30 -2147483648
38 31 -2147483648
38 32 -2147483648
38 33 -2147483648
38 34 -2147483648
38 35 -2147483648
38 36 0
38 37 0
38 39 -2147483648
38 40 0
38 41 0
38 42 0
38 43 0
38 44 1
38 45 -2147483648
38 46 0
38 47 0
38 48 0
38 49 0
39 0 -2147483648
39 1 -2147483648
39 2 -2147483648
39 3 2
39 4 -2147483648
39 5 -2147483648
39 6 0
39 7 -2147483648
39 8 0
39 9 0
39 10 0
39 11 0
39 12 -2147483648
39 13 -2147483648
39 14 0
39 15 0
39 16 0
39 17 0
39 18 -2147483648
39 19 -2147483648
39 20 0
39 21 -2147483648
39 22 0
39 23 0
39 24 0
39 25 -2147483648
39 26 -2147483648
39 27 -2147483648
39 28 -2147483648
39 29 -2147483648
39 30 -2147483648
39 31 -2147483648
39 32 -2147483648
39 33 -2147483648
39 34 -2147483648
39 35 -2147483648
39 36 -2147483648
39 37 -2147483648
39 38 -2147483648
39 40 0
39 41 0
39 42 0
39 43 0
39 44 1
39 45 -2147483648
39 46 0
39 47 0
39 48 0
39 49 0
40 0 0
40 1 0
40 2 -2147483648
40 3 -2147483648
40 4 0
40 5 0
40 6 0
40 7 -2147483648
40 8 0
40 9 -2147483648
40 10 -2147483648
40 11 -2147483648
40 12 1
40 13 1
40 14 -2147483648
40 15 -2147483648
40 16 2
40 17 -2147483648
40 18 0
40 19 -2147483648
40 20 -2147483648
40 21 0
40 22 0
40 23 -2147483648
40 24 -2147483648
40 25 0
40 26 0
40 27 0
40 28 0
40 29 -2147483648
40 30 0
40 31 0
40 32 0
40 33 0
40 34 0
40 35 -2147483648
40 36 -2147483648
40 37 -2147483648
40 38 0
40 39 0
40 41 -2147483648
40 42 -2147483648
40 43 -2147483648
40 44 -2147483648
40 45 -2147483648
40 46 -2147483648
40 47 -2147483648
40 48 0
40 49 -2147483648
41 0 0
41 1 0
41 2 -2147483648
41 3 -2147483648
41 4 0
41 5 0
41 6 0
41 7 -2147483648
41 8 0
41 9 -2147483648
41 10 -2147483648
41 11 -2147483648
41 12 1
41 13 1
41 14 -2147483648
41 15 -2147483648
41 16 -2147483648
41 17 3
41 18 0
41 19 -2147483648
41 20 -2147483648
41 21 0
41 22 0
41 23 -2147483648
41 24 -2147483648
41 25 0
41 26 0
41 27 0
41 28 0
41 29 -2147483648
41 30 0
41 31 0
41 32 0
41 33 0
41 34 0
41 35 -2147483648
41 36 -2147483648
41 37 -2147483648
41 38 0
41 39 0
41 40 -2147483648
41 42 -2147483648
41 43 -2147483648
41 44 -2147483648
41 45 2
41 46 -2147483648
41 47 -2147483648
41 48 0
41 49 -2147483648
42 0 0
42 1 0
42 2 -2147483648
42 3 2
42 4 0
42 5 0
42 6 0
42 7 2
42 8 -2147483648
42 9 -2147483648
42 10 2
42 11 -2147483648
42 12 -2147483648
42 13 -2147483648
42 14 -2147483648
42 15 -2147483648
42 16 -2147483648
42 17 -2147483648
42 18 0
42 19 0
42 20 2
42 21 -2147483648
42 22 -2147483648
42 23 -2147483648
42 24 0
42 25 0
42 26 0
42 27 0
42 28 0
42 29 0
42 30 0
42 31 0
42 32 0
42 33 0
42 34 0
42 35 0
42 36 -2147483648
42 37 -2147483648
42 38 0
42 39 0
42 40 -2147483648
42 41 -2147483648
42 43 -2147483648
42 44 -2147483648
42 45 -2147483648
42 46 -2147483648
42 47 -2147483648
42 48 0
42 49 -2147483648
43 0 0
43 1 0
43 2 -2147483648
43 3 -2147483648
43 4 0
43 5 0
43 6 0
43 7 -2147483648
43 8 -2147483648
43 9 -2147483648
43 10 -2147483648
43 11 3
43 12 -2147483648
43 13 -2147483648
43 14 -2147483648
43 15 -2147483648
43 16 -2147483648
43 17 -2147483648
43 18 0
43 19 0
43 20 -2147483648
43 21 -2147483648
43 22 -2147483648
43 23 -2147483648
43 24 0
43 25 0
43 26 0
43 27 0
43 28 0
43 29 0
43 30 0
43 31 0
43 32 0
43 33 0
43 34 0
43 35 0
43 36 -2147483648
43 37 -2147483648
43 38 0
43 39 0
43 40 -2147483648
43 41 -2147483648
43 42 -2147483648
43 44 2
43 45 -2147483648
43 46 -2147483648
43 47 -2147483648
43 48 0
43 49 -2147483648
44 0 0
44 1 -2147483648
44 2 -2147483648
44 3 -2147483648
44 4 -2147483648
44 5 -2147483648
44 6 0
44 7 -2147483648
44 8 -2147483648
44 9 2
44 10 -2147483648
44 11 2
44 12 0
44 13 -2147483648
44 14 -2147483648
44 15 -2147483648
44 16 -2147483648
44 17 -2147483648
44 18 0
44 19 0
44 20 -2147483648
44 21 -2147483648
44 22 -2147483648
44 23 2
44 24 0
44 25 0
44 26 0
44 27 0
44 28 0
44 29 0
44 30 0
44 31 -2147483648
44 32 -2147483648
44 33 -2147483648
44 34 -2147483648
44 35 0
44 36 -2147483648
44 37 -2147483648
44 38 1
44 39 1
44 40 -2147483648
44 41 -2147483648
44 42 -2147483648
44 43 2
44 45 -2147483648
44 46 -2147483648
44 47 -2147483648
44 48 0
44 49 -2147483648
45 0 0
45 1 -2147483648
45 2 -2147483648
45 3 -2147483648
45 4 1
45 5 1
45 6 -2147483648
45 7 -2147483648
45 8 0
45 9 -2147483648
45 10 -2147483648
45 11 -2147483648
45 12 -2147483648
45 13 3
45 14 -2147483648
45 15 -2147483648
45 16 -2147483648
45 17 -2147483648
45 18 0
45 19 -2147483648
45 20 -2147483648
45 21 2
45 22 0
45 23 -2147483648
45 24 -2147483648
45 25 0
45 26 -2147483648
45 27 -2147483648
45 28 0
45 29 -2147483648
45 30 -2147483648
45 31 2
45 32 1
45 33 1
45 34 1
45 35 -2147483648
45 36 -2147483648
45 37 -2147483648
45 38 -2147483648
45 39 -2147483648
45 40 -2147483648
45 41 2
45 42 -2147483648
45 43 -2147483648
45 44 -2147483648
45 46 -2147483648
45 47 -2147483648
45 48 -2147483648
45 49 -2147483648
46 0 0
46 1 0
46 2 -2147483648
46 3 -2147483648
46 4 0
46 5 0
46 6 0
46 7 -2147483648
46 8 0
46 9 -2147483648
46 10 -2147483648
46 11 -2147483648
46 12 0
46 13 0
46 14 -2147483648
46 15 2
46 16 -2147483648
46 17 -2147483648
46 18 -2147483648
46 19 0
46 20 -2147483648
46 21 0
46 22 0
46 23 -2147483648
46 24 0
46 25 -2147483648
46 26 -2147483648
46 27 0
46 28 -2147483648
46 29 0
46 30 0
46 31 0
46 32 0
46 33 0
46 34 0
46 35 0
46 36 2
46 37 -2147483648
46 38 0
46 39 0
46 40 -2147483648
46 41 -2147483648
46 42 -2147483648
46 43 -2147483648
46 44 -2147483648
46 45 -2147483648
46 47 -2147483648
46 48 -2147483648
46 49 -2147483648
47 0 0
47 1 0
47 2 2
47 3 -2147483648
47 4 0
47 5 0
47 6 0
47 7 -2147483648
47 8 0
47 9 -2147483648
47 10 -2147483648
47 11 -2147483648
47 12 -2147483648
47 13 -2147483648
47 14 2
47 15 -2147483648
47 16 -2147483648
47 17 -2147483648
47 18 -2147483648
47 19 0
47 20 -2147483648
47 21 0
47 22 0
47 23 -2147483648
47 24 0
47 25 -2147483648
47 26 -2147483648
47 27 0
47 28 -2147483648
47 29 0
47 30 0
47 31 0
47 32 0
47 33 0
47 34 0
47 35 0
47 36 -2147483648
47 37 3
47 38 0
47 39 0
47 40 -2147483648
47 41 -2147483648
47 42 -2147483648
47 43 -2147483648
47 44 -2147483648
47 45 -2147483648
47 46 -2147483648
47 48 -2147483648
47 49 -2147483648
48 0 0
48 1 0
48 2 -2147483648
48 3 0
48 4 0
48 5 0
48 6 -2147483648
48 7 -2147483648
48 8 -2147483648
48 9 1
48 10 0
48 11 0
48 12 -2147483648
48 13 -2147483648
48 14 -2147483648
48 15 -2147483648
48 16 -2147483648
48 17 -2147483648
48 18 1
48 19 -2147483648
48 20 -2147483648
48 21 -2147483648
48 22 -2147483648
48 23 1
48 24 -2147483648
48 25 1
48 26 2
48 27 -2147483648
48 28 1
48 29 -2147483648
48 30 -2147483648
48 31 -2147483648
48 32 0
48 33 0
48 34 0
48 35 -2147483648
48 36 -2147483648
48 37 -2147483648
48 38 0
48 39 0
48 40 0
48 41 0
48 42 0
48 43 0
48 44 0
48 45 -2147483648
48 46 -2147483648
48 47 -2147483648
48 49 -2147483648
49 0 0
49 1 0
49 2 2
49 3 -2147483648
49 4 0
49 5 0
49 6 -2147483648
49 7 -2147483648
49 8 0
49 9 -2147483648
49 10 -2147483648
49 11 -2147483648
49 12 -2147483648
49 13 -2147483648
49 14 2
49 15 -2147483648
49 16 -2147483648
49 17 -2147483648
49 18 -2147483648
49 19 -2147483648
49 20 -2147483648
49 21 -2147483648
49 22 0
49 23 -2147483648
49 24 -2147483648
49 25 -2147483648
49 26 -2147483648
49 27 -2147483648
49 28 -2147483648
49 29 -2147483648
49 30 -2147483648
49 31 -2147483648
49 32 0
49 33 0
49 34 0
49 35 -2147483648
49 36 -2147483648
49 37 -2147483648
49 38 0
49 39 0
49 40 -2147483648
49 41 -2147483648
49 42 -2147483648
49 43 -2147483648
49 44 -2147483648
49 45 -2147483648
49 46 -2147483648
49 47 -2147483648
49 48 -2147483648
