0 1 -2147483648
0 2 -2147483648
0 3 1
0 4 1
0 5 -2147483648
0 6 -2147483648
0 7 1
0 8 -2147483648
0 9 -2147483648
0 10 -2147483648
0 11 -2147483648
0 12 -2147483648
0 13 -2147483648
0 14 -2147483648
0 15 -2147483648
0 16 0
0 17 0
0 18 2
0 19 -2147483648
0 20 3
0 21 0
0 22 -2147483648
0 23 -2147483648
0 24 0
0 25 -2147483648
0 26 1
0 27 -2147483648
0 28 1
0 29 1
0 30 -2147483648
0 31 1
0 32 0
0 33 -2147483648
0 34 -2147483648
0 35 1
0 36 -2147483648
0 37 -2147483648
0 38 0
0 39 -2147483648
0 40 -2147483648
0 41 2
0 42 2
0 43 -2147483648
0 44 -2147483648
0 45 -2147483648
0 46 0
0 47 0
0 48 -2147483648
0 49 -2147483648
0 50 -2147483648
0 51 -2147483648
0 52 -2147483648
0 53 3
0 54 -2147483648
0 55 -2147483648
0 56 -2147483648
0 57 -2147483648
0 58 -2147483648
0 59 0
0 60 -2147483648
0 61 -2147483648
0 62 -2147483648
0 63 -2147483648
0 64 -2147483648
0 65 -2147483648
0 66 1
0 67 -2147483648
0 68 -2147483648
0 69 -2147483648
0 70 2
0 71 2
0 72 0
0 73 3
1 0 -2147483648
1 2 -2147483648
1 3 -2147483648
1 4 -2147483648
1 5 -2147483648
1 6 -2147483648
1 7 0
1 8 -2147483648
1 9 -2147483648
1 10 -2147483648
1 11 -2147483648
1 12 -2147483648
1 13 -2147483648
1 14 1
1 15 0
1 16 -2147483648
1 17 1
1 18 -2147483648
1 19 -2147483648
1 20 -2147483648
1 21 2
1 22 -2147483648
1 23 -2147483648
1 24 -2147483648
1 25 0
1 26 -2147483648
1 27 -2147483648
1 28 -2147483648
1 29 0
1 30 -2147483648
1 31 0
1 32 -2147483648
1 33 -2147483648
1 34 3
1 35 -2147483648
1 36 -2147483648
1 37 3
1 38 -2147483648
1 39 -2147483648
1 40 -2147483648
1 41 -2147483648
1 42 -2147483648
1 43 -2147483648
1 44 -2147483648
1 45 -2147483648
1 46 -2147483648
1 47 -2147483648
1 48 -2147483648
1 49 2
1 50 1
1 51 0
1 52 -2147483648
1 53 -2147483648
1 54 2
1 55 0
1 56 -2147483648
1 57 -2147483648
1 58 -2147483648
1 59 -2147483648
1 60 -2147483648
1 61 2
1 62 -2147483648
1 63 -2147483648
1 64 -2147483648
1 65 -2147483648
1 66 -2147483648
1 67 -2147483648
1 68 -2147483648
1 69 -2147483648
1 70 -2147483648
1 71 -2147483648
1 72 0
1 73 0
2 0 -2147483648
2 1 -2147483648
2 3 -2147483648
2 4 1
2 5 0
2 6 -2147483648
2 7 0
2 8 -2147483648
2 9 -2147483648
2 10 -2147483648
2 11 -2147483648
2 12 -2147483648
2 13 -2147483648
2 14 -2147483648
2 15 1
2 16 -2147483648
2 17 -2147483648
2 18 2
2 19 -2147483648
2 20 -2147483648
2 21 -2147483648
2 22 -2147483648
2 23 -2147483648
2 24 -2147483648
2 25 0
2 26 -2147483648
2 27 3
2 28 0
2 29 1
2 30 -2147483648
2 31 0
2 32 -2147483648
2 33 0
2 34 -2147483648
2 35 -2147483648
2 36 -2147483648
2 37 -2147483648
2 38 -2147483648
2 39 -2147483648
2 40 -2147483648
2 41 -2147483648
2 42 -2147483648
2 43 -2147483648
2 44 -2147483648
2 45 -2147483648
2 46 -2147483648
2 47 -2147483648
2 48 -2147483648
2 49 -2147483648
2 50 -2147483648
2 51 -2147483648
2 52 -2147483648
2 53 -2147483648
2 54 -2147483648
2 55 -2147483648
2 56 -2147483648
2 57 -2147483648
2 58 -2147483648
2 59 -2147483648
2 60 -2147483648
2 61 -2147483648
2 62 -2147483648
2 63 -2147483648
2 64 -2147483648
2 65 -2147483648
2 66 2
2 67 -2147483648
2 68 0
2 69 -2147483648
2 70 -2147483648
2 71 -2147483648
2 72 0
2 73 0
3 0 1
3 1 -2147483648
3 2 -2147483648
3 4 -2147483648
3 5 0
3 6 0
3 7 0
3 8 -2147483648
3 9 0
3 10 1
3 11 -2147483648
3 12 -2147483648
3 13 0
3 14 -2147483648
3 15 -2147483648
3 16 -2147483648
3 17 -2147483648
3 18 -2147483648
3 19 0
3 20 3
3 21 -2147483648
3 22 -2147483648
3 23 -2147483648
3 24 -2147483648
3 25 1
3 26 0
3 27 -2147483648
3 28 0
3 29 -2147483648
3 30 -2147483648
3 31 0
3 32 -2147483648
3 33 0
3 34 -2147483648
3 35 -2147483648
3 36 0
3 37 -2147483648
3 38 0
3 39 0
3 40 -2147483648
3 41 -2147483648
3 42 -2147483648
3 43 -2147483648
3 44 0
3 45 -2147483648
3 46 -2147483648
3 47 -2147483648
3 48 1
3 49 -2147483648
3 50 -2147483648
3 51 -2147483648
3 52 2
3 53 -2147483648
3 54 -2147483648
3 55 2
3 56 -2147483648
3 57 -2147483648
3 58 2
3 59 0
3 60 -2147483648
3 61 -2147483648
3 62 -2147483648
3 63 2
3 64 -2147483648
3 65 -2147483648
3 66 -2147483648
3 67 -2147483648
3 68 0
3 69 -2147483648
3 70 2
3 71 -2147483648
3 72 0
3 73 1
4 0 1
4 1 -2147483648
4 2 1
4 3 -2147483648
4 5 -2147483648
4 6 -2147483648
4 7 0
4 8 0
4 9 -2147483648
4 10 0
4 11 0
4 12 -2147483648
4 13 -2147483648
4 14 -2147483648
4 15 -2147483648
4 16 -2147483648
4 17 -2147483648
4 18 2
4 19 -2147483648
4 20 -2147483648
4 21 -2147483648
4 22 0
4 23 0
4 24 -2147483648
4 25 -2147483648
4 26 2
4 27 1
4 28 3
4 29 0
4 30 -2147483648
4 31 1
4 32 -2147483648
4 33 -2147483648
4 34 -2147483648
4 35 3
4 36 -2147483648
4 37 -2147483648
4 38 -2147483648
4 39 -2147483648
4 40 1
4 41 0
4 42 0
4 43 -2147483648
4 44 2
4 45 0
4 46 -2147483648
4 47 -2147483648
4 48 -2147483648
4 49 -2147483648
4 50 -2147483648
4 51 0
4 52 0
4 53 0
4 54 -2147483648
4 55 0
4 56 0
4 57 0
4 58 0
4 59 0
4 60 0
4 61 -2147483648
4 62 0
4 63 0
4 64 0
4 65 -2147483648
4 66 1
4 67 0
4 68 -2147483648
4 69 -2147483648
4 70 0
4 71 0
4 72 0
4 73 -2147483648
5 0 -2147483648
5 1 -2147483648
5 2 0
5 3 0
5 4 -2147483648
5 6 -2147483648
5 7 0
5 8 0
5 9 2
5 10 0
5 11 0
5 12 2
5 13 -2147483648
5 14 -2147483648
5 15 2
5 16 0
5 17 0
5 18 -2147483648
5 19 -2147483648
5 20 -2147483648
5 21 1
5 22 0
5 23 0
5 24 -2147483648
5 25 2
5 26 -2147483648
5 27 0
5 28 -2147483648
5 29 0
5 30 -2147483648
5 31 -2147483648
5 32 0
5 33 -2147483648
5 34 -2147483648
5 35 -2147483648
5 36 2
5 37 0
5 38 -2147483648
5 39 -2147483648
5 40 0
5 41 0
5 42 0
5 43 2
5 44 -2147483648
5 45 0
5 46 0
5 47 -2147483648
5 48 -2147483648
5 49 0
5 50 0
5 51 0
5 52 0
5 53 0
5 54 -2147483648
5 55 0
5 56 0
5 57 0
5 58 0
5 59 -2147483648
5 60 0
5 61 1
5 62 0
5 63 0
5 64 0
5 65 -2147483648
5 66 0
5 67 0
5 68 -2147483648
5 69 -2147483648
5 70 0
5 71 0
5 72 0
5 73 -2147483648
6 0 -2147483648
6 1 -2147483648
6 2 -2147483648
6 3 0
6 4 -2147483648
6 5 -2147483648
6 7 0
6 8 -2147483648
6 9 -2147483648
6 10 -2147483648
6 11 1
6 12 -2147483648
6 13 -2147483648
6 14 -2147483648
6 15 -2147483648
6 16 -2147483648
6 17 0
6 18 -2147483648
6 19 -2147483648
6 20 -2147483648
6 21 -2147483648
6 22 -2147483648
6 23 -2147483648
6 24 -2147483648
6 25 -2147483648
6 26 -2147483648
6 27 0
6 28 -2147483648
6 29 0
6 30 -2147483648
6 31 -2147483648
6 32 -2147483648
6 33 -2147483648
6 34 2
6 35 -2147483648
6 36 -2147483648
6 37 -2147483648
6 38 3
6 39 -2147483648
6 40 0
6 41 -2147483648
6 42 -2147483648
6 43 -2147483648
6 44 -2147483648
6 45 -2147483648
6 46 -2147483648
6 47 -2147483648
6 48 -2147483648
6 49 0
6 50 1
6 51 0
6 52 0
6 53 0
6 54 -2147483648
6 55 0
6 56 -2147483648
6 57 -2147483648
6 58 0
6 59 -2147483648
6 60 -2147483648
6 61 -2147483648
6 62 -2147483648
6 63 -2147483648
6 64 1
6 65 -2147483648
6 66 0
6 67 -2147483648
6 68 -2147483648
6 69 -2147483648
6 70 0
6 71 -2147483648
6 72 0
6 73 -2147483648
7 0 1
7 1 0
7 2 0
7 3 0
7 4 0
7 5 0
7 6 0
7 8 0
7 9 0
7 10 0
7 11 0
7 12 0
7 13 0
7 14 0
7 15 1
7 16 0
7 17 0
7 18 1
7 19 0
7 20 1
7 21 0
7 22 0
7 23 0
7 24 0
7 25 1
7 26 0
7 27 0
7 28 0
7 29 1
7 30 0
7 31 0
7 32 0
7 33 0
7 34 0
7 35 0
7 36 0
7 37 0
7 38 0
7 39 0
7 40 0
7 41 0
7 42 0
7 43 0
7 44 0
7 45 0
7 46 0
7 47 0
7 48 1
7 49 0
7 50 -2147483648
7 51 -2147483648
7 52 0
7 53 1
7 54 -2147483648
7 55 -2147483648
7 56 0
7 57 0
7 58 -2147483648
7 59 0
7 60 0
7 61 0
7 62 0
7 63 0
7 64 0
7 65 0
7 66 1
7 67 0
7 68 -2147483648
7 69 -2147483648
7 70 1
7 71 0
7 72 0
7 73 1
8 0 -2147483648
8 1 -2147483648
8 2 -2147483648
8 3 -2147483648
8 4 0
8 5 0
8 6 -2147483648
8 7 0
8 9 -2147483648
8 10 -2147483648
8 11 -2147483648
8 12 -2147483648
8 13 -2147483648
8 14 -2147483648
8 15 2
8 16 -2147483648
8 17 -2147483648
8 18 2
8 19 -2147483648
8 20 0
8 21 0
8 22 2
8 23 4
8 24 -2147483648
8 25 0
8 26 -2147483648
8 27 1
8 28 0
8 29 2
8 30 -2147483648
8 31 0
8 32 -2147483648
8 33 0
8 34 -2147483648
8 35 -2147483648
8 36 -2147483648
8 37 -2147483648
8 38 -2147483648
8 39 -2147483648
8 40 -2147483648
8 41 -2147483648
8 42 -2147483648
8 43 -2147483648
8 44 -2147483648
8 45 2
8 46 -2147483648
8 47 -2147483648
8 48 -2147483648
8 49 0
8 50 -2147483648
8 51 -2147483648
8 52 -2147483648
8 53 -2147483648
8 54 0
8 55 -2147483648
8 56 -2147483648
8 57 -2147483648
8 58 -2147483648
8 59 -2147483648
8 60 2
8 61 0
8 62 -2147483648
8 63 -2147483648
8 64 -2147483648
8 65 -2147483648
8 66 2
8 67 3
8 68 0
8 69 -2147483648
8 70 0
8 71 -2147483648
8 72 1
8 73 0
9 0 -2147483648
9 1 -2147483648
9 2 -2147483648
9 3 0
9 4 -2147483648
9 5 2
9 6 -2147483648
9 7 0
9 8 -2147483648
9 10 -2147483648
9 11 -2147483648
9 12 3
9 13 -2147483648
9 14 -2147483648
9 15 1
9 16 -2147483648
9 17 0
9 18 -2147483648
9 19 -2147483648
9 20 -2147483648
9 21 0
9 22 -2147483648
9 23 -2147483648
9 24 -2147483648
9 25 1
9 26 -2147483648
9 27 0
9 28 -2147483648
9 29 0
9 30 -2147483648
9 31 -2147483648
9 32 -2147483648
9 33 -2147483648
9 34 -2147483648
9 35 -2147483648
9 36 3
9 37 -2147483648
9 38 -2147483648
9 39 3
9 40 -2147483648
9 41 -2147483648
9 42 -2147483648
9 43 4
9 44 -2147483648
9 45 -2147483648
9 46 -2147483648
9 47 -2147483648
9 48 -2147483648
9 49 0
9 50 0
9 51 0
9 52 -2147483648
9 53 -2147483648
9 54 -2147483648
9 55 0
9 56 -2147483648
9 57 2
9 58 -2147483648
9 59 -2147483648
9 60 -2147483648
9 61 1
9 62 2
9 63 -2147483648
9 64 -2147483648
9 65 3
9 66 0
9 67 -2147483648
9 68 -2147483648
9 69 -2147483648
9 70 0
9 71 -2147483648
9 72 0
9 73 -2147483648
10 0 -2147483648
10 1 -2147483648
10 2 -2147483648
10 3 1
10 4 0
10 5 0
10 6 -2147483648
10 7 0
10 8 -2147483648
10 9 -2147483648
10 11 -2147483648
10 12 -2147483648
10 13 -2147483648
10 14 1
10 15 -2147483648
10 16 2
10 17 1
10 18 -2147483648
10 19 -2147483648
10 20 0
10 21 0
10 22 2
10 23 -2147483648
10 24 2
10 25 0
10 26 -2147483648
10 27 -2147483648
10 28 0
10 29 -2147483648
10 30 -2147483648
10 31 0
10 32 2
10 33 0
10 34 -2147483648
10 35 -2147483648
10 36 -2147483648
10 37 -2147483648
10 38 -2147483648
10 39 -2147483648
10 40 -2147483648
10 41 -2147483648
10 42 -2147483648
10 43 -2147483648
10 44 -2147483648
10 45 2
10 46 2
10 47 2
10 48 -2147483648
10 49 0
10 50 1
10 51 -2147483648
10 52 -2147483648
10 53 -2147483648
10 54 0
10 55 1
10 56 -2147483648
10 57 -2147483648
10 58 -2147483648
10 59 -2147483648
10 60 2
10 61 0
10 62 -2147483648
10 63 -2147483648
10 64 -2147483648
10 65 -2147483648
10 66 -2147483648
10 67 -2147483648
10 68 0
10 69 -2147483648
10 70 0
10 71 -2147483648
10 72 0
10 73 0
11 0 -2147483648
11 1 -2147483648
11 2 -2147483648
11 3 -2147483648
11 4 0
11 5 0
11 6 1
11 7 0
11 8 -2147483648
11 9 -2147483648
11 10 -2147483648
11 12 -2147483648
11 13 -2147483648
11 14 0
11 15 0
11 16 -2147483648
11 17 0
11 18 0
11 19 1
11 20 -2147483648
11 21 -2147483648
11 22 -2147483648
11 23 -2147483648
11 24 -2147483648
11 25 -2147483648
11 26 -2147483648
11 27 -2147483648
11 28 0
11 29 0
11 30 -2147483648
11 31 0
11 32 -2147483648
11 33 0
11 34 -2147483648
11 35 -2147483648
11 36 -2147483648
11 37 -2147483648
11 38 1
11 39 -2147483648
11 40 -2147483648
11 41 -2147483648
11 42 -2147483648
11 43 -2147483648
11 44 -2147483648
11 45 -2147483648
11 46 -2147483648
11 47 -2147483648
11 48 -2147483648
11 49 -2147483648
11 50 0
11 51 -2147483648
11 52 -2147483648
11 53 -2147483648
11 54 -2147483648
11 55 -2147483648
11 56 -2147483648
11 57 -2147483648
11 58 -2147483648
11 59 1
11 60 -2147483648
11 61 -2147483648
11 62 -2147483648
11 63 -2147483648
11 64 3
11 65 -2147483648
11 66 0
11 67 -2147483648
11 68 0
11 69 -2147483648
11 70 -2147483648
11 71 -2147483648
11 72 0
11 73 -2147483648
12 0 -2147483648
12 1 -2147483648
12 2 -2147483648
12 3 -2147483648
12 4 -2147483648
12 5 2
12 6 -2147483648
12 7 0
12 8 -2147483648
12 9 3
12 10 -2147483648
12 11 -2147483648
12 13 -2147483648
12 14 -2147483648
12 15 -2147483648
12 16 -2147483648
12 17 -2147483648
12 18 -2147483648
12 19 -2147483648
12 20 -2147483648
12 21 0
12 22 -2147483648
12 23 -2147483648
12 24 -2147483648
12 25 1
12 26 -2147483648
12 27 -2147483648
12 28 -2147483648
12 29 -2147483648
12 30 -2147483648
12 31 -2147483648
12 32 -2147483648
12 33 -2147483648
12 34 0
12 35 -2147483648
12 36 3
12 37 0
12 38 -2147483648
12 39 3
12 40 0
12 41 -2147483648
12 42 -2147483648
12 43 3
12 44 -2147483648
12 45 -2147483648
12 46 -2147483648
12 47 -2147483648
12 48 -2147483648
12 49 0
12 50 -2147483648
12 51 1
12 52 0
12 53 0
12 54 -2147483648
12 55 -2147483648
12 56 -2147483648
12 57 1
12 58 0
12 59 -2147483648
12 60 -2147483648
12 61 1
12 62 1
12 63 -2147483648
12 64 -2147483648
12 65 4
12 66 -2147483648
12 67 -2147483648
12 68 -2147483648
12 69 -2147483648
12 70 0
12 71 -2147483648
12 72 0
12 73 -2147483648
13 0 -2147483648
13 1 -2147483648
13 2 -2147483648
13 3 0
13 4 -2147483648
13 5 -2147483648
13 6 -2147483648
13 7 0
13 8 -2147483648
13 9 -2147483648
13 10 -2147483648
13 11 -2147483648
13 12 -2147483648
13 14 1
13 15 -2147483648
13 16 -2147483648
13 17 0
13 18 -2147483648
13 19 -2147483648
13 20 -2147483648
13 21 0
13 22 -2147483648
13 23 -2147483648
13 24 -2147483648
13 25 -2147483648
13 26 -2147483648
13 27 0
13 28 -2147483648
13 29 0
13 30 -2147483648
13 31 -2147483648
13 32 -2147483648
13 33 2
13 34 0
13 35 -2147483648
13 36 -2147483648
13 37 0
13 38 -2147483648
13 39 -2147483648
13 40 0
13 41 -2147483648
13 42 -2147483648
13 43 -2147483648
13 44 -2147483648
13 45 -2147483648
13 46 -2147483648
13 47 -2147483648
13 48 -2147483648
13 49 0
13 50 0
13 51 0
13 52 0
13 53 0
13 54 1
13 55 0
13 56 -2147483648
13 57 1
13 58 0
13 59 -2147483648
13 60 -2147483648
13 61 -2147483648
13 62 1
13 63 -2147483648
13 64 -2147483648
13 65 -2147483648
13 66 0
13 67 -2147483648
13 68 2
13 69 -2147483648
13 70 0
13 71 -2147483648
13 72 0
13 73 -2147483648
14 0 -2147483648
14 1 1
14 2 -2147483648
14 3 -2147483648
14 4 -2147483648
14 5 -2147483648
14 6 -2147483648
14 7 0
14 8 -2147483648
14 9 -2147483648
14 10 1
14 11 0
14 12 -2147483648
14 13 1
14 15 -2147483648
14 16 2
14 17 2
14 18 -2147483648
14 19 -2147483648
14 20 -2147483648
14 21 -2147483648
14 22 0
14 23 -2147483648
14 24 -2147483648
14 25 -2147483648
14 26 -2147483648
14 27 -2147483648
14 28 -2147483648
14 29 -2147483648
14 30 -2147483648
14 31 -2147483648
14 32 2
14 33 1
14 34 3
14 35 -2147483648
14 36 -2147483648
14 37 -2147483648
14 38 1
14 39 -2147483648
14 40 -2147483648
14 41 -2147483648
14 42 -2147483648
14 43 -2147483648
14 44 -2147483648
14 45 0
14 46 3
14 47 -2147483648
14 48 -2147483648
14 49 1
14 50 3
14 51 -2147483648
14 52 0
14 53 0
14 54 2
14 55 1
14 56 0
14 57 0
14 58 0
14 59 -2147483648
14 60 0
14 61 -2147483648
14 62 0
14 63 0
14 64 0
14 65 -2147483648
14 66 -2147483648
14 67 -2147483648
14 68 1
14 69 1
14 70 0
14 71 -2147483648
14 72 0
14 73 -2147483648
15 0 -2147483648
15 1 0
15 2 1
15 3 -2147483648
15 4 -2147483648
15 5 2
15 6 -2147483648
15 7 1
15 8 2
15 9 1
15 10 -2147483648
15 11 0
15 12 -2147483648
15 13 -2147483648
15 14 -2147483648
15 16 -2147483648
15 17 -2147483648
15 18 -2147483648
15 19 -2147483648
15 20 -2147483648
15 21 1
15 22 0
15 23 2
15 24 -2147483648
15 25 3
15 26 -2147483648
15 27 1
15 28 -2147483648
15 29 3
15 30 -2147483648
15 31 -2147483648
15 32 -2147483648
15 33 -2147483648
15 34 -2147483648
15 35 -2147483648
15 36 1
15 37 0
15 38 -2147483648
15 39 -2147483648
15 40 0
15 41 -2147483648
15 42 -2147483648
15 43 1
15 44 -2147483648
15 45 0
15 46 -2147483648
15 47 -2147483648
15 48 2
15 49 0
15 50 -2147483648
15 51 -2147483648
15 52 0
15 53 1
15 54 -2147483648
15 55 -2147483648
15 56 0
15 57 0
15 58 -2147483648
15 59 -2147483648
15 60 0
15 61 1
15 62 0
15 63 0
15 64 0
15 65 -2147483648
15 66 3
15 67 1
15 68 -2147483648
15 69 -2147483648
15 70 1
15 71 -2147483648
15 72 1
15 73 -2147483648
16 0 0
16 1 -2147483648
16 2 -2147483648
16 3 -2147483648
16 4 -2147483648
16 5 0
16 6 -2147483648
16 7 0
16 8 -2147483648
16 9 -2147483648
16 10 2
16 11 -2147483648
16 12 -2147483648
16 13 -2147483648
16 14 2
16 15 -2147483648
16 17 2
16 18 -2147483648
16 19 -2147483648
16 20 -2147483648
16 21 1
16 22 1
16 23 -2147483648
16 24 3
16 25 0
16 26 -2147483648
16 27 -2147483648
16 28 0
16 29 -2147483648
16 30 -2147483648
16 31 0
16 32 3
16 33 0
16 34 1
16 35 -2147483648
16 36 -2147483648
16 37 1
16 38 -2147483648
16 39 -2147483648
16 40 -2147483648
16 41 -2147483648
16 42 -2147483648
16 43 -2147483648
16 44 -2147483648
16 45 1
16 46 3
16 47 3
16 48 -2147483648
16 49 1
16 50 2
16 51 -2147483648
16 52 0
16 53 0
16 54 1
16 55 1
16 56 -2147483648
16 57 -2147483648
16 58 0
16 59 -2147483648
16 60 1
16 61 1
16 62 -2147483648
16 63 -2147483648
16 64 -2147483648
16 65 -2147483648
16 66 -2147483648
16 67 -2147483648
16 68 0
16 69 -2147483648
16 70 0
16 71 -2147483648
16 72 0
16 73 0
17 0 0
17 1 1
17 2 -2147483648
17 3 -2147483648
17 4 -2147483648
17 5 0
17 6 0
17 7 0
17 8 -2147483648
17 9 0
17 10 1
17 11 0
17 12 -2147483648
17 13 0
17 14 2
17 15 -2147483648
17 16 2
17 18 -2147483648
17 19 0
17 20 -2147483648
17 21 1
17 22 0
17 23 -2147483648
17 24 2
17 25 0
17 26 0
17 27 -2147483648
17 28 0
17 29 -2147483648
17 30 -2147483648
17 31 0
17 32 2
17 33 0
17 34 1
17 35 -2147483648
17 36 0
17 37 1
17 38 0
17 39 0
17 40 -2147483648
17 41 -2147483648
17 42 -2147483648
17 43 0
17 44 0
17 45 0
17 46 2
17 47 2
17 48 0
17 49 1
17 50 2
17 51 -2147483648
17 52 0
17 53 0
17 54 1
17 55 1
17 56 0
17 57 0
17 58 0
17 59 0
17 60 0
17 61 1
17 62 0
17 63 0
17 64 0
17 65 -2147483648
17 66 -2147483648
17 67 -2147483648
17 68 0
17 69 0
17 70 0
17 71 -2147483648
17 72 0
17 73 0
18 0 2
18 1 -2147483648
18 2 2
18 3 -2147483648
18 4 2
18 5 -2147483648
18 6 -2147483648
18 7 1
18 8 2
18 9 -2147483648
18 10 -2147483648
18 11 0
18 12 -2147483648
18 13 -2147483648
18 14 -2147483648
18 15 -2147483648
18 16 -2147483648
18 17 -2147483648
18 19 -2147483648
18 20 -2147483648
18 21 -2147483648
18 22 0
18 23 2
18 24 -2147483648
18 25 -2147483648
18 26 1
18 27 2
18 28 1
18 29 3
18 30 -2147483648
18 31 1
18 32 -2147483648
18 33 -2147483648
18 34 -2147483648
18 35 -2147483648
18 36 -2147483648
18 37 -2147483648
18 38 0
18 39 -2147483648
18 40 1
18 41 -2147483648
18 42 -2147483648
18 43 -2147483648
18 44 1
18 45 0
18 46 -2147483648
18 47 -2147483648
18 48 -2147483648
18 49 -2147483648
18 50 -2147483648
18 51 -2147483648
18 52 0
18 53 1
18 54 -2147483648
18 55 -2147483648
18 56 0
18 57 0
18 58 -2147483648
18 59 0
18 60 0
18 61 -2147483648
18 62 0
18 63 0
18 64 0
18 65 -2147483648
18 66 4
18 67 1
18 68 -2147483648
18 69 -2147483648
18 70 1
18 71 -2147483648
18 72 1
18 73 2
19 0 -2147483648
19 1 -2147483648
19 2 -2147483648
19 3 0
19 4 -2147483648
19 5 -2147483648
19 6 -2147483648
19 7 0
19 8 -2147483648
19 9 -2147483648
19 10 -2147483648
19 11 1
19 12 -2147483648
19 13 -2147483648
19 14 -2147483648
19 15 -2147483648
19 16 -2147483648
19 17 0
19 18 -2147483648
19 20 -2147483648
19 21 -2147483648
19 22 -2147483648
19 23 -2147483648
19 24 -2147483648
19 25 -2147483648
19 26 -2147483648
19 27 0
19 28 -2147483648
19 29 0
19 30 -2147483648
19 31 -2147483648
19 32 -2147483648
19 33 -2147483648
19 34 -2147483648
19 35 -2147483648
19 36 -2147483648
19 37 1
19 38 -2147483648
19 39 -2147483648
19 40 0
19 41 -2147483648
19 42 -2147483648
19 43 -2147483648
19 44 -2147483648
19 45 -2147483648
19 46 -2147483648
19 47 -2147483648
19 48 -2147483648
19 49 0
19 50 -2147483648
19 51 0
19 52 0
19 53 0
19 54 -2147483648
19 55 0
19 56 -2147483648
19 57 -2147483648
19 58 0
19 59 3
19 60 -2147483648
19 61 -2147483648
19 62 -2147483648
19 63 -2147483648
19 64 2
19 65 -2147483648
19 66 0
19 67 -2147483648
19 68 -2147483648
19 69 -2147483648
19 70 0
19 71 -2147483648
19 72 0
19 73 -2147483648
20 0 3
20 1 -2147483648
20 2 -2147483648
20 3 3
20 4 -2147483648
20 5 -2147483648
20 6 -2147483648
20 7 1
20 8 0
20 9 -2147483648
20 10 0
20 11 -2147483648
20 12 -2147483648
20 13 -2147483648
20 14 -2147483648
20 15 -2147483648
20 16 -2147483648
20 17 -2147483648
20 18 -2147483648
20 19 -2147483648
20 21 -2147483648
20 22 -2147483648
20 23 0
20 24 -2147483648
20 25 -2147483648
20 26 -2147483648
20 27 -2147483648
20 28 1
20 29 1
20 30 -2147483648
20 31 1
20 32 -2147483648
20 33 -2147483648
20 34 -2147483648
20 35 -2147483648
20 36 -2147483648
20 37 -2147483648
20 38 -2147483648
20 39 -2147483648
20 40 -2147483648
20 41 1
20 42 1
20 43 -2147483648
20 44 1
20 45 -2147483648
20 46 -2147483648
20 47 -2147483648
20 48 -2147483648
20 49 -2147483648
20 50 -2147483648
20 51 -2147483648
20 52 2
20 53 -2147483648
20 54 -2147483648
20 55 -2147483648
20 56 -2147483648
20 57 -2147483648
20 58 -2147483648
20 59 1
20 60 -2147483648
20 61 -2147483648
20 62 -2147483648
20 63 2
20 64 -2147483648
20 65 -2147483648
20 66 -2147483648
20 67 -2147483648
20 68 -2147483648
20 69 -2147483648
20 70 3
20 71 1
20 72 0
20 73 -2147483648
21 0 0
21 1 2
21 2 -2147483648
21 3 -2147483648
21 4 -2147483648
21 5 1
21 6 -2147483648
21 7 0
21 8 0
21 9 0
21 10 0
21 11 -2147483648
21 12 0
21 13 0
21 14 -2147483648
21 15 1
21 16 1
21 17 1
21 18 -2147483648
21 19 -2147483648
21 20 -2147483648
21 22 -2147483648
21 23 0
21 24 -2147483648
21 25 1
21 26 1
21 27 -2147483648
21 28 0
21 29 0
21 30 -2147483648
21 31 0
21 32 1
21 33 0
21 34 -2147483648
21 35 -2147483648
21 36 0
21 37 -2147483648
21 38 -2147483648
21 39 -2147483648
21 40 -2147483648
21 41 0
21 42 0
21 43 0
21 44 0
21 45 0
21 46 2
21 47 -2147483648
21 48 0
21 49 2
21 50 2
21 51 0
21 52 -2147483648
21 53 -2147483648
21 54 2
21 55 0
21 56 1
21 57 -2147483648
21 58 -2147483648
21 59 -2147483648
21 60 -2147483648
21 61 -2147483648
21 62 -2147483648
21 63 -2147483648
21 64 -2147483648
21 65 -2147483648
21 66 -2147483648
21 67 -2147483648
21 68 0
21 69 0
21 70 -2147483648
21 71 0
21 72 0
21 73 1
22 0 -2147483648
22 1 -2147483648
22 2 -2147483648
22 3 -2147483648
22 4 0
22 5 0
22 6 -2147483648
22 7 0
22 8 2
22 9 -2147483648
22 10 2
22 11 -2147483648
22 12 -2147483648
22 13 -2147483648
22 14 0
22 15 0
22 16 1
22 17 0
22 18 0
22 19 -2147483648
22 20 -2147483648
22 21 -2147483648
22 23 2
22 24 1
22 25 -2147483648
22 26 -2147483648
22 27 -2147483648
22 28 0
22 29 0
22 30 -2147483648
22 31 0
22 32 1
22 33 0
22 34 -2147483648
22 35 -2147483648
22 36 -2147483648
22 37 -2147483648
22 38 -2147483648
22 39 -2147483648
22 40 -2147483648
22 41 -2147483648
22 42 -2147483648
22 43 -2147483648
22 44 -2147483648
22 45 3
22 46 1
22 47 1
22 48 -2147483648
22 49 -2147483648
22 50 0
22 51 -2147483648
22 52 -2147483648
22 53 -2147483648
22 54 -2147483648
22 55 -2147483648
22 56 -2147483648
22 57 -2147483648
22 58 -2147483648
22 59 -2147483648
22 60 -2147483648
22 61 -2147483648
22 62 -2147483648
22 63 -2147483648
22 64 -2147483648
22 65 -2147483648
22 66 0
22 67 -2147483648
22 68 0
22 69 -2147483648
22 70 -2147483648
22 71 -2147483648
22 72 0
22 73 -2147483648
23 0 -2147483648
23 1 -2147483648
23 2 -2147483648
23 3 -2147483648
23 4 0
23 5 0
23 6 -2147483648
23 7 0
23 8 4
23 9 -2147483648
23 10 -2147483648
23 11 -2147483648
23 12 -2147483648
23 13 -2147483648
23 14 -2147483648
23 15 2
23 16 -2147483648
23 17 -2147483648
23 18 2
23 19 -2147483648
23 20 0
23 21 0
23 22 2
23 24 -2147483648
23 25 0
23 26 -2147483648
23 27 1
23 28 0
23 29 2
23 30 -2147483648
23 31 0
23 32 -2147483648
23 33 0
23 34 -2147483648
23 35 -2147483648
23 36 -2147483648
23 37 -2147483648
23 38 -2147483648
23 39 -2147483648
23 40 -2147483648
23 41 -2147483648
23 42 -2147483648
23 43 -2147483648
23 44 -2147483648
23 45 2
23 46 -2147483648
23 47 -2147483648
23 48 -2147483648
23 49 0
23 50 -2147483648
23 51 -2147483648
23 52 -2147483648
23 53 -2147483648
23 54 0
23 55 -2147483648
23 56 -2147483648
23 57 -2147483648
23 58 -2147483648
23 59 -2147483648
23 60 2
23 61 0
23 62 -2147483648
23 63 -2147483648
23 64 -2147483648
23 65 -2147483648
23 66 2
23 67 3
23 68 0
23 69 -2147483648
23 70 0
23 71 -2147483648
23 72 1
23 73 0
24 0 0
24 1 -2147483648
24 2 -2147483648
24 3 -2147483648
24 4 -2147483648
24 5 -2147483648
24 6 -2147483648
24 7 0
24 8 -2147483648
24 9 -2147483648
24 10 2
24 11 -2147483648
24 12 -2147483648
24 13 -2147483648
24 14 -2147483648
24 15 -2147483648
24 16 3
24 17 2
24 18 -2147483648
24 19 -2147483648
24 20 -2147483648
24 21 -2147483648
24 22 1
24 23 -2147483648
24 25 0
24 26 -2147483648
24 27 -2147483648
24 28 -2147483648
24 29 -2147483648
24 30 -2147483648
24 31 0
24 32 3
24 33 -2147483648
24 34 -2147483648
24 35 -2147483648
24 36 -2147483648
24 37 2
24 38 -2147483648
24 39 -2147483648
24 40 -2147483648
24 41 -2147483648
24 42 -2147483648
24 43 -2147483648
24 44 -2147483648
24 45 1
24 46 -2147483648
24 47 5
24 48 -2147483648
24 49 1
24 50 -2147483648
24 51 -2147483648
24 52 0
24 53 0
24 54 1
24 55 1
24 56 -2147483648
24 57 -2147483648
24 58 0
24 59 -2147483648
24 60 1
24 61 2
24 62 -2147483648
24 63 -2147483648
24 64 -2147483648
24 65 -2147483648
24 66 -2147483648
24 67 -2147483648
24 68 -2147483648
24 69 -2147483648
24 70 0
24 71 -2147483648
24 72 0
24 73 -2147483648
25 0 -2147483648
25 1 0
25 2 0
25 3 1
25 4 -2147483648
25 5 2
25 6 -2147483648
25 7 1
25 8 0
25 9 1
25 10 0
25 11 -2147483648
25 12 1
25 13 -2147483648
25 14 -2147483648
25 15 3
25 16 0
25 17 0
25 18 -2147483648
25 19 -2147483648
25 20 -2147483648
25 21 1
25 22 -2147483648
25 23 0
25 24 0
25 26 -2147483648
25 27 -2147483648
25 28 -2147483648
25 29 1
25 30 -2147483648
25 31 -2147483648
25 32 0
25 33 -2147483648
25 34 -2147483648
25 35 -2147483648
25 36 1
25 37 -2147483648
25 38 -2147483648
25 39 -2147483648
25 40 -2147483648
25 41 1
25 42 1
25 43 -2147483648
25 44 -2147483648
25 45 -2147483648
25 46 0
25 47 0
25 48 3
25 49 -2147483648
25 50 -2147483648
25 51 -2147483648
25 52 1
25 53 2
25 54 -2147483648
25 55 -2147483648
25 56 -2147483648
25 57 -2147483648
25 58 -2147483648
25 59 -2147483648
25 60 -2147483648
25 61 1
25 62 -2147483648
25 63 1
25 64 0
25 65 -2147483648
25 66 1
25 67 0
25 68 -2147483648
25 69 -2147483648
25 70 2
25 71 1
25 72 0
25 73 -2147483648
26 0 1
26 1 -2147483648
26 2 -2147483648
26 3 0
26 4 2
26 5 -2147483648
26 6 -2147483648
26 7 0
26 8 -2147483648
26 9 -2147483648
26 10 -2147483648
26 11 -2147483648
26 12 -2147483648
26 13 -2147483648
26 14 -2147483648
26 15 -2147483648
26 16 -2147483648
26 17 0
26 18 1
26 19 -2147483648
26 20 -2147483648
26 21 1
26 22 -2147483648
26 23 -2147483648
26 24 -2147483648
26 25 -2147483648
26 27 0
26 28 2
26 29 0
26 30 3
26 31 1
26 32 -2147483648
26 33 -2147483648
26 34 -2147483648
26 35 3
26 36 -2147483648
26 37 0
26 38 -2147483648
26 39 -2147483648
26 40 0
26 41 -2147483648
26 42 -2147483648
26 43 -2147483648
26 44 3
26 45 -2147483648
26 46 -2147483648
26 47 -2147483648
26 48 -2147483648
26 49 0
26 50 0
26 51 0
26 52 0
26 53 0
26 54 -2147483648
26 55 0
26 56 -2147483648
26 57 1
26 58 0
26 59 -2147483648
26 60 -2147483648
26 61 -2147483648
26 62 1
26 63 -2147483648
26 64 -2147483648
26 65 -2147483648
26 66 0
26 67 -2147483648
26 68 -2147483648
26 69 -2147483648
26 70 0
26 71 -2147483648
26 72 0
26 73 1
27 0 -2147483648
27 1 -2147483648
27 2 3
27 3 -2147483648
27 4 1
27 5 0
27 6 0
27 7 0
27 8 1
27 9 0
27 10 -2147483648
27 11 -2147483648
27 12 -2147483648
27 13 0
27 14 -2147483648
27 15 1
27 16 -2147483648
27 17 -2147483648
27 18 2
27 19 0
27 20 -2147483648
27 21 -2147483648
27 22 -2147483648
27 23 1
27 24 -2147483648
27 25 -2147483648
27 26 0
27 28 0
27 29 1
27 30 -2147483648
27 31 0
27 32 -2147483648
27 33 0
27 34 -2147483648
27 35 -2147483648
27 36 0
27 37 -2147483648
27 38 0
27 39 0
27 40 3
27 41 -2147483648
27 42 -2147483648
27 43 -2147483648
27 44 0
27 45 -2147483648
27 46 -2147483648
27 47 -2147483648
27 48 -2147483648
27 49 -2147483648
27 50 -2147483648
27 51 -2147483648
27 52 -2147483648
27 53 -2147483648
27 54 -2147483648
27 55 -2147483648
27 56 2
27 57 -2147483648
27 58 -2147483648
27 59 0
27 60 -2147483648
27 61 -2147483648
27 62 -2147483648
27 63 -2147483648
27 64 -2147483648
27 65 -2147483648
27 66 2
27 67 -2147483648
27 68 0
27 69 -2147483648
27 70 -2147483648
27 71 -2147483648
27 72 0
27 73 -2147483648
28 0 1
28 1 -2147483648
28 2 0
28 3 0
28 4 3
28 5 -2147483648
28 6 -2147483648
28 7 0
28 8 0
28 9 -2147483648
28 10 0
28 11 0
28 12 -2147483648
28 13 -2147483648
28 14 -2147483648
28 15 -2147483648
28 16 0
28 17 0
28 18 1
28 19 -2147483648
28 20 1
28 21 0
28 22 0
28 23 0
28 24 -2147483648
28 25 -2147483648
28 26 2
28 27 0
28 29 0
28 30 2
28 31 1
28 32 0
28 33 -2147483648
28 34 0
28 35 2
28 36 -2147483648
28 37 0
28 38 -2147483648
28 39 -2147483648
28 40 0
28 41 0
28 42 0
28 43 -2147483648
28 44 2
28 45 0
28 46 0
28 47 -2147483648
28 48 -2147483648
28 49 0
28 50 0
28 51 0
28 52 0
28 53 0
28 54 -2147483648
28 55 0
28 56 0
28 57 0
28 58 0
28 59 0
28 60 0
28 61 -2147483648
28 62 0
28 63 0
28 64 0
28 65 -2147483648
28 66 0
28 67 0
28 68 -2147483648
28 69 -2147483648
28 70 0
28 71 0
28 72 0
28 73 2
29 0 1
29 1 0
29 2 1
29 3 -2147483648
29 4 0
29 5 0
29 6 0
29 7 1
29 8 2
29 9 0
29 10 -2147483648
29 11 0
29 12 -2147483648
29 13 0
29 14 -2147483648
29 15 3
29 16 -2147483648
29 17 -2147483648
29 18 3
29 19 0
29 20 1
29 21 0
29 22 0
29 23 2
29 24 -2147483648
29 25 1
29 26 0
29 27 1
29 28 0
29 30 0
29 31 0
29 32 -2147483648
29 33 0
29 34 0
29 35 -2147483648
29 36 0
29 37 0
29 38 0
29 39 0
29 40 0
29 41 -2147483648
29 42 -2147483648
29 43 0
29 44 0
29 45 0
29 46 -2147483648
29 47 -2147483648
29 48 1
29 49 0
29 50 -2147483648
29 51 -2147483648
29 52 0
29 53 1
29 54 -2147483648
29 55 -2147483648
29 56 0
29 57 0
29 58 -2147483648
29 59 0
29 60 0
29 61 0
29 62 0
29 63 0
29 64 0
29 65 -2147483648
29 66 3
29 67 1
29 68 -2147483648
29 69 -2147483648
29 70 1
29 71 -2147483648
29 72 1
29 73 1
30 0 -2147483648
30 1 -2147483648
30 2 -2147483648
30 3 -2147483648
30 4 -2147483648
30 5 -2147483648
30 6 -2147483648
30 7 0
30 8 -2147483648
30 9 -2147483648
30 10 -2147483648
30 11 -2147483648
30 12 -2147483648
30 13 -2147483648
30 14 -2147483648
30 15 -2147483648
30 16 -2147483648
30 17 -2147483648
30 18 -2147483648
30 19 -2147483648
30 20 -2147483648
30 21 -2147483648
30 22 -2147483648
30 23 -2147483648
30 24 -2147483648
30 25 -2147483648
30 26 3
30 27 -2147483648
30 28 2
30 29 0
30 31 1
30 32 -2147483648
30 33 -2147483648
30 34 -2147483648
30 35 -2147483648
30 36 -2147483648
30 37 -2147483648
30 38 -2147483648
30 39 -2147483648
30 40 -2147483648
30 41 -2147483648
30 42 -2147483648
30 43 -2147483648
30 44 4
30 45 -2147483648
30 46 -2147483648
30 47 -2147483648
30 48 -2147483648
30 49 -2147483648
30 50 -2147483648
30 51 0
30 52 -2147483648
30 53 -2147483648
30 54 -2147483648
30 55 0
30 56 -2147483648
30 57 3
30 58 -2147483648
30 59 -2147483648
30 60 -2147483648
30 61 -2147483648
30 62 -2147483648
30 63 -2147483648
30 64 -2147483648
30 65 -2147483648
30 66 -2147483648
30 67 -2147483648
30 68 -2147483648
30 69 -2147483648
30 70 -2147483648
30 71 -2147483648
30 72 0
30 73 1
31 0 1
31 1 0
31 2 0
31 3 0
31 4 1
31 5 -2147483648
31 6 -2147483648
31 7 0
31 8 0
31 9 -2147483648
31 10 0
31 11 0
31 12 -2147483648
31 13 -2147483648
31 14 -2147483648
31 15 -2147483648
31 16 0
31 17 0
31 18 1
31 19 -2147483648
31 20 1
31 21 0
31 22 0
31 23 0
31 24 0
31 25 -2147483648
31 26 1
31 27 0
31 28 1
31 29 0
31 30 1
31 32 0
31 33 -2147483648
31 34 0
31 35 1
31 36 -2147483648
31 37 0
31 38 0
31 39 -2147483648
31 40 0
31 41 0
31 42 0
31 43 -2147483648
31 44 1
31 45 0
31 46 0
31 47 0
31 48 -2147483648
31 49 0
31 50 0
31 51 0
31 52 0
31 53 0
31 54 -2147483648
31 55 0
31 56 0
31 57 0
31 58 0
31 59 0
31 60 0
31 61 -2147483648
31 62 0
31 63 0
31 64 0
31 65 -2147483648
31 66 0
31 67 0
31 68 -2147483648
31 69 -2147483648
31 70 0
31 71 0
31 72 0
31 73 1
32 0 0
32 1 -2147483648
32 2 -2147483648
32 3 -2147483648
32 4 -2147483648
32 5 0
32 6 -2147483648
32 7 0
32 8 -2147483648
32 9 -2147483648
32 10 2
32 11 -2147483648
32 12 -2147483648
32 13 -2147483648
32 14 2
32 15 -2147483648
32 16 3
32 17 2
32 18 -2147483648
32 19 -2147483648
32 20 -2147483648
32 21 1
32 22 1
32 23 -2147483648
32 24 3
32 25 0
32 26 -2147483648
32 27 -2147483648
32 28 0
32 29 -2147483648
32 30 -2147483648
32 31 0
32 33 0
32 34 1
32 35 -2147483648
32 36 -2147483648
32 37 1
32 38 -2147483648
32 39 -2147483648
32 40 -2147483648
32 41 -2147483648
32 42 -2147483648
32 43 -2147483648
32 44 -2147483648
32 45 1
32 46 3
32 47 3
32 48 -2147483648
32 49 1
32 50 2
32 51 -2147483648
32 52 0
32 53 0
32 54 1
32 55 1
32 56 -2147483648
32 57 -2147483648
32 58 0
32 59 -2147483648
32 60 1
32 61 1
32 62 -2147483648
32 63 -2147483648
32 64 -2147483648
32 65 -2147483648
32 66 -2147483648
32 67 -2147483648
32 68 0
32 69 -2147483648
32 70 0
32 71 -2147483648
32 72 0
32 73 0
33 0 -2147483648
33 1 -2147483648
33 2 0
33 3 0
33 4 -2147483648
33 5 -2147483648
33 6 -2147483648
33 7 0
33 8 0
33 9 -2147483648
33 10 0
33 11 0
33 12 -2147483648
33 13 2
33 14 1
33 15 -2147483648
33 16 0
33 17 0
33 18 -2147483648
33 19 -2147483648
33 20 -2147483648
33 21 0
33 22 0
33 23 0
33 24 -2147483648
33 25 -2147483648
33 26 -2147483648
33 27 0
33 28 -2147483648
33 29 0
33 30 -2147483648
33 31 -2147483648
33 32 0
33 34 0
33 35 -2147483648
33 36 -2147483648
33 37 0
33 38 -2147483648
33 39 -2147483648
33 40 0
33 41 0
33 42 0
33 43 -2147483648
33 44 -2147483648
33 45 0
33 46 0
33 47 -2147483648
33 48 -2147483648
33 49 0
33 50 0
33 51 0
33 52 0
33 53 0
33 54 1
33 55 0
33 56 0
33 57 0
33 58 0
33 59 0
33 60 0
33 61 -2147483648
33 62 0
33 63 0
33 64 0
33 65 -2147483648
33 66 0
33 67 0
33 68 2
33 69 1
33 70 0
33 71 0
33 72 0
33 73 -2147483648
34 0 -2147483648
34 1 3
34 2 -2147483648
34 3 -2147483648
34 4 -2147483648
34 5 -2147483648
34 6 2
34 7 0
34 8 -2147483648
34 9 -2147483648
34 10 -2147483648
34 11 -2147483648
34 12 0
34 13 0
34 14 3
34 15 -2147483648
34 16 1
34 17 1
34 18 -2147483648
34 19 -2147483648
34 20 -2147483648
34 21 -2147483648
34 22 -2147483648
34 23 -2147483648
34 24 -2147483648
34 25 -2147483648
34 26 -2147483648
34 27 -2147483648
34 28 0
34 29 0
34 30 -2147483648
34 31 0
34 32 1
34 33 0
34 35 -2147483648
34 36 0
34 37 -2147483648
34 38 1
34 39 -2147483648
34 40 -2147483648
34 41 -2147483648
34 42 -2147483648
34 43 -2147483648
34 44 -2147483648
34 45 -2147483648
34 46 2
34 47 -2147483648
34 48 -2147483648
34 49 2
34 50 2
34 51 0
34 52 -2147483648
34 53 -2147483648
34 54 2
34 55 0
34 56 -2147483648
34 57 -2147483648
34 58 -2147483648
34 59 -2147483648
34 60 -2147483648
34 61 -2147483648
34 62 -2147483648
34 63 -2147483648
34 64 -2147483648
34 65 -2147483648
34 66 -2147483648
34 67 -2147483648
34 68 0
34 69 -2147483648
34 70 -2147483648
34 71 -2147483648
34 72 0
34 73 1
35 0 1
35 1 -2147483648
35 2 -2147483648
35 3 -2147483648
35 4 3
35 5 -2147483648
35 6 -2147483648
35 7 0
35 8 -2147483648
35 9 -2147483648
35 10 -2147483648
35 11 -2147483648
35 12 -2147483648
35 13 -2147483648
35 14 -2147483648
35 15 -2147483648
35 16 -2147483648
35 17 -2147483648
35 18 -2147483648
35 19 -2147483648
35 20 -2147483648
35 21 -2147483648
35 22 -2147483648
35 23 -2147483648
35 24 -2147483648
35 25 -2147483648
35 26 3
35 27 -2147483648
35 28 2
35 29 -2147483648
35 30 -2147483648
35 31 1
35 32 -2147483648
35 33 -2147483648
35 34 -2147483648
35 36 -2147483648
35 37 -2147483648
35 38 -2147483648
35 39 -2147483648
35 40 1
35 41 -2147483648
35 42 -2147483648
35 43 -2147483648
35 44 3
35 45 -2147483648
35 46 -2147483648
35 47 -2147483648
35 48 -2147483648
35 49 -2147483648
35 50 -2147483648
35 51 1
35 52 0
35 53 0
35 54 -2147483648
35 55 -2147483648
35 56 -2147483648
35 57 1
35 58 0
35 59 -2147483648
35 60 -2147483648
35 61 -2147483648
35 62 1
35 63 -2147483648
35 64 -2147483648
35 65 -2147483648
35 66 -2147483648
35 67 -2147483648
35 68 -2147483648
35 69 -2147483648
35 70 0
35 71 -2147483648
35 72 0
35 73 1
36 0 -2147483648
36 1 -2147483648
36 2 -2147483648
36 3 0
36 4 -2147483648
36 5 2
36 6 -2147483648
36 7 0
36 8 -2147483648
36 9 3
36 10 -2147483648
36 11 -2147483648
36 12 3
36 13 -2147483648
36 14 -2147483648
36 15 1
36 16 -2147483648
36 17 0
36 18 -2147483648
36 19 -2147483648
36 20 -2147483648
36 21 0
36 22 -2147483648
36 23 -2147483648
36 24 -2147483648
36 25 1
36 26 -2147483648
36 27 0
36 28 -2147483648
36 29 0
36 30 -2147483648
36 31 -2147483648
36 32 -2147483648
36 33 -2147483648
36 34 0
36 35 -2147483648
36 37 0
36 38 -2147483648
36 39 3
36 40 0
36 41 -2147483648
36 42 -2147483648
36 43 3
36 44 -2147483648
36 45 -2147483648
36 46 -2147483648
36 47 -2147483648
36 48 -2147483648
36 49 0
36 50 0
36 51 0
36 52 0
36 53 0
36 54 -2147483648
36 55 0
36 56 -2147483648
36 57 1
36 58 0
36 59 -2147483648
36 60 -2147483648
36 61 1
36 62 1
36 63 -2147483648
36 64 -2147483648
36 65 3
36 66 0
36 67 -2147483648
36 68 -2147483648
36 69 -2147483648
36 70 0
36 71 -2147483648
36 72 0
36 73 -2147483648
37 0 -2147483648
37 1 3
37 2 -2147483648
37 3 -2147483648
37 4 -2147483648
37 5 0
37 6 -2147483648
37 7 0
37 8 -2147483648
37 9 -2147483648
37 10 -2147483648
37 11 -2147483648
37 12 0
37 13 0
37 14 -2147483648
37 15 0
37 16 1
37 17 1
37 18 -2147483648
37 19 1
37 20 -2147483648
37 21 -2147483648
37 22 -2147483648
37 23 -2147483648
37 24 2
37 25 -2147483648
37 26 0
37 27 -2147483648
37 28 0
37 29 0
37 30 -2147483648
37 31 0
37 32 1
37 33 0
37 34 -2147483648
37 35 -2147483648
37 36 0
37 38 0
37 39 1
37 40 -2147483648
37 41 -2147483648
37 42 -2147483648
37 43 -2147483648
37 44 -2147483648
37 45 -2147483648
37 46 -2147483648
37 47 2
37 48 -2147483648
37 49 -2147483648
37 50 -2147483648
37 51 -2147483648
37 52 -2147483648
37 53 -2147483648
37 54 -2147483648
37 55 -2147483648
37 56 -2147483648
37 57 -2147483648
37 58 -2147483648
37 59 0
37 60 -2147483648
37 61 3
37 62 -2147483648
37 63 -2147483648
37 64 -2147483648
37 65 -2147483648
37 66 -2147483648
37 67 -2147483648
37 68 0
37 69 -2147483648
37 70 -2147483648
37 71 -2147483648
37 72 0
37 73 -2147483648
38 0 0
38 1 -2147483648
38 2 -2147483648
38 3 0
38 4 -2147483648
38 5 -2147483648
38 6 3
38 7 0
38 8 -2147483648
38 9 -2147483648
38 10 -2147483648
38 11 1
38 12 -2147483648
38 13 -2147483648
38 14 1
38 15 -2147483648
38 16 -2147483648
38 17 0
38 18 0
38 19 -2147483648
38 20 -2147483648
38 21 -2147483648
38 22 -2147483648
38 23 -2147483648
38 24 -2147483648
38 25 -2147483648
38 26 -2147483648
38 27 0
38 28 -2147483648
38 29 0
38 30 -2147483648
38 31 0
38 32 -2147483648
38 33 -2147483648
38 34 1
38 35 -2147483648
38 36 -2147483648
38 37 0
38 39 -2147483648
38 40 0
38 41 -2147483648
38 42 -2147483648
38 43 -2147483648
38 44 -2147483648
38 45 -2147483648
38 46 -2147483648
38 47 -2147483648
38 48 -2147483648
38 49 0
38 50 0
38 51 0
38 52 0
38 53 0
38 54 0
38 55 0
38 56 -2147483648
38 57 -2147483648
38 58 0
38 59 -2147483648
38 60 -2147483648
38 61 0
38 62 -2147483648
38 63 -2147483648
38 64 2
38 65 -2147483648
38 66 0
38 67 -2147483648
38 68 -2147483648
38 69 2
38 70 0
38 71 -2147483648
38 72 0
38 73 0
39 0 -2147483648
39 1 -2147483648
39 2 -2147483648
39 3 0
39 4 -2147483648
39 5 -2147483648
39 6 -2147483648
39 7 0
39 8 -2147483648
39 9 3
39 10 -2147483648
39 11 -2147483648
39 12 3
39 13 -2147483648
39 14 -2147483648
39 15 -2147483648
39 16 -2147483648
39 17 0
39 18 -2147483648
39 19 -2147483648
39 20 -2147483648
39 21 -2147483648
39 22 -2147483648
39 23 -2147483648
39 24 -2147483648
39 25 -2147483648
39 26 -2147483648
39 27 0
39 28 -2147483648
39 29 0
39 30 -2147483648
39 31 -2147483648
39 32 -2147483648
39 33 -2147483648
39 34 -2147483648
39 35 -2147483648
39 36 3
39 37 1
39 38 -2147483648
39 40 0
39 41 -2147483648
39 42 -2147483648
39 43 3
39 44 -2147483648
39 45 -2147483648
39 46 -2147483648
39 47 -2147483648
39 48 -2147483648
39 49 0
39 50 -2147483648
39 51 0
39 52 0
39 53 0
39 54 -2147483648
39 55 0
39 56 -2147483648
39 57 1
39 58 0
39 59 -2147483648
39 60 -2147483648
39 61 2
39 62 1
39 63 -2147483648
39 64 -2147483648
39 65 4
39 66 0
39 67 -2147483648
39 68 -2147483648
39 69 -2147483648
39 70 0
39 71 -2147483648
39 72 0
39 73 -2147483648
40 0 -2147483648
40 1 -2147483648
40 2 -2147483648
40 3 -2147483648
40 4 1
40 5 0
40 6 0
40 7 0
40 8 -2147483648
40 9 -2147483648
40 10 -2147483648
40 11 -2147483648
40 12 0
40 13 0
40 14 -2147483648
40 15 0
40 16 -2147483648
40 17 -2147483648
40 18 1
40 19 0
40 20 -2147483648
40 21 -2147483648
40 22 -2147483648
40 23 -2147483648
40 24 -2147483648
40 25 -2147483648
40 26 0
40 27 3
40 28 0
40 29 0
40 30 -2147483648
40 31 0
40 32 -2147483648
40 33 0
40 34 -2147483648
40 35 1
40 36 0
40 37 -2147483648
40 38 0
40 39 0
40 41 -2147483648
40 42 -2147483648
40 43 -2147483648
40 44 -2147483648
40 45 -2147483648
40 46 -2147483648
40 47 -2147483648
40 48 -2147483648
40 49 -2147483648
40 50 -2147483648
40 51 -2147483648
40 52 -2147483648
40 53 -2147483648
40 54 -2147483648
40 55 -2147483648
40 56 3
40 57 -2147483648
40 58 -2147483648
40 59 0
40 60 -2147483648
40 61 -2147483648
40 62 -2147483648
40 63 -2147483648
40 64 -2147483648
40 65 1
40 66 1
40 67 -2147483648
40 68 0
40 69 -2147483648
40 70 -2147483648
40 71 -2147483648
40 72 0
40 73 -2147483648
41 0 2
41 1 -2147483648
41 2 -2147483648
41 3 -2147483648
41 4 0
41 5 0
41 6 -2147483648
41 7 0
41 8 -2147483648
41 9 -2147483648
41 10 -2147483648
41 11 -2147483648
41 12 -2147483648
41 13 -2147483648
41 14 -2147483648
41 15 -2147483648
41 16 -2147483648
41 17 -2147483648
41 18 -2147483648
41 19 -2147483648
41 20 1
41 21 0
41 22 -2147483648
41 23 -2147483648
41 24 -2147483648
41 25 1
41 26 -2147483648
41 27 -2147483648
41 28 0
41 29 -2147483648
41 30 -2147483648
41 31 0
41 32 -2147483648
41 33 0
41 34 -2147483648
41 35 -2147483648
41 36 -2147483648
41 37 -2147483648
41 38 -2147483648
41 39 -2147483648
41 40 -2147483648
41 42 4
41 43 -2147483648
41 44 -2147483648
41 45 -2147483648
41 46 -2147483648
41 47 -2147483648
41 48 3
41 49 -2147483648
41 50 -2147483648
41 51 2
41 52 -2147483648
41 53 2
41 54 -2147483648
41 55 -2147483648
41 56 -2147483648
41 57 -2147483648
41 58 -2147483648
41 59 -2147483648
41 60 -2147483648
41 61 0
41 62 -2147483648
41 63 -2147483648
41 64 -2147483648
41 65 -2147483648
41 66 -2147483648
41 67 -2147483648
41 68 0
41 69 -2147483648
41 70 1
41 71 4
41 72 0
41 73 1
42 0 2
42 1 -2147483648
42 2 -2147483648
42 3 -2147483648
42 4 0
42 5 0
42 6 -2147483648
42 7 0
42 8 -2147483648
42 9 -2147483648
42 10 -2147483648
42 11 -2147483648
42 12 -2147483648
42 13 -2147483648
42 14 -2147483648
42 15 -2147483648
42 16 -2147483648
42 17 -2147483648
42 18 -2147483648
42 19 -2147483648
42 20 1
42 21 0
42 22 -2147483648
42 23 -2147483648
42 24 -2147483648
42 25 1
42 26 -2147483648
42 27 -2147483648
42 28 0
42 29 -2147483648
42 30 -2147483648
42 31 0
42 32 -2147483648
42 33 0
42 34 -2147483648
42 35 -2147483648
42 36 -2147483648
42 37 -2147483648
42 38 -2147483648
42 39 -2147483648
42 40 -2147483648
42 41 4
42 43 -2147483648
42 44 -2147483648
42 45 -2147483648
42 46 -2147483648
42 47 -2147483648
42 48 3
42 49 -2147483648
42 50 -2147483648
42 51 3
42 52 -2147483648
42 53 2
42 54 -2147483648
42 55 -2147483648
42 56 -2147483648
42 57 -2147483648
42 58 -2147483648
42 59 -2147483648
42 60 -2147483648
42 61 0
42 62 -2147483648
42 63 -2147483648
42 64 -2147483648
42 65 -2147483648
42 66 -2147483648
42 67 -2147483648
42 68 0
42 69 -2147483648
42 70 1
42 71 4
42 72 -2147483648
42 73 1
43 0 -2147483648
43 1 -2147483648
43 2 -2147483648
43 3 -2147483648
43 4 -2147483648
43 5 2
43 6 -2147483648
43 7 0
43 8 -2147483648
43 9 4
43 10 -2147483648
43 11 -2147483648
43 12 3
43 13 -2147483648
43 14 -2147483648
43 15 1
43 16 -2147483648
43 17 0
43 18 -2147483648
43 19 -2147483648
43 20 -2147483648
43 21 0
43 22 -2147483648
43 23 -2147483648
43 24 -2147483648
43 25 -2147483648
43 26 -2147483648
43 27 -2147483648
43 28 -2147483648
43 29 0
43 30 -2147483648
43 31 -2147483648
43 32 -2147483648
43 33 -2147483648
43 34 -2147483648
43 35 -2147483648
43 36 3
43 37 -2147483648
43 38 -2147483648
43 39 3
43 40 -2147483648
43 41 -2147483648
43 42 -2147483648
43 44 -2147483648
43 45 -2147483648
43 46 -2147483648
43 47 -2147483648
43 48 -2147483648
43 49 -2147483648
43 50 0
43 51 -2147483648
43 52 -2147483648
43 53 -2147483648
43 54 -2147483648
43 55 -2147483648
43 56 -2147483648
43 57 -2147483648
43 58 -2147483648
43 59 -2147483648
43 60 -2147483648
43 61 1
43 62 3
43 63 -2147483648
43 64 -2147483648
43 65 3
43 66 0
43 67 -2147483648
43 68 -2147483648
43 69 -2147483648
43 70 -2147483648
43 71 -2147483648
43 72 0
43 73 -2147483648
44 0 -2147483648
44 1 -2147483648
44 2 -2147483648
44 3 0
44 4 2
44 5 -2147483648
44 6 -2147483648
44 7 0
44 8 -2147483648
44 9 -2147483648
44 10 -2147483648
44 11 -2147483648
44 12 -2147483648
44 13 -2147483648
44 14 -2147483648
44 15 -2147483648
44 16 -2147483648
44 17 0
44 18 1
44 19 -2147483648
44 20 1
44 21 0
44 22 -2147483648
44 23 -2147483648
44 24 -2147483648
44 25 -2147483648
44 26 3
44 27 0
44 28 2
44 29 0
44 30 4
44 31 1
44 32 -2147483648
44 33 -2147483648
44 34 -2147483648
44 35 3
44 36 -2147483648
44 37 -2147483648
44 38 -2147483648
44 39 -2147483648
44 40 -2147483648
44 41 -2147483648
44 42 -2147483648
44 43 -2147483648
44 45 -2147483648
44 46 -2147483648
44 47 -2147483648
44 48 -2147483648
44 49 0
44 50 0
44 51 0
44 52 -2147483648
44 53 -2147483648
44 54 -2147483648
44 55 0
44 56 -2147483648
44 57 2
44 58 -2147483648
44 59 -2147483648
44 60 -2147483648
44 61 -2147483648
44 62 2
44 63 -2147483648
44 64 -2147483648
44 65 -2147483648
44 66 0
44 67 -2147483648
44 68 -2147483648
44 69 -2147483648
44 70 0
44 71 -2147483648
44 72 0
44 73 1
45 0 -2147483648
45 1 -2147483648
45 2 -2147483648
45 3 -2147483648
45 4 0
45 5 0
45 6 -2147483648
45 7 0
45 8 2
45 9 -2147483648
45 10 2
45 11 -2147483648
45 12 -2147483648
45 13 -2147483648
45 14 0
45 15 0
45 16 1
45 17 0
45 18 0
45 19 -2147483648
45 20 -2147483648
45 21 0
45 22 3
45 23 2
45 24 1
45 25 -2147483648
45 26 -2147483648
45 27 -2147483648
45 28 0
45 29 0
45 30 -2147483648
45 31 0
45 32 1
45 33 0
45 34 -2147483648
45 35 -2147483648
45 36 -2147483648
45 37 -2147483648
45 38 -2147483648
45 39 -2147483648
45 40 -2147483648
45 41 -2147483648
45 42 -2147483648
45 43 -2147483648
45 44 -2147483648
45 46 1
45 47 1
45 48 -2147483648
45 49 -2147483648
45 50 0
45 51 -2147483648
45 52 -2147483648
45 53 -2147483648
45 54 -2147483648
45 55 -2147483648
45 56 -2147483648
45 57 -2147483648
45 58 -2147483648
45 59 -2147483648
45 60 -2147483648
45 61 0
45 62 -2147483648
45 63 -2147483648
45 64 -2147483648
45 65 -2147483648
45 66 0
45 67 2
45 68 0
45 69 -2147483648
45 70 -2147483648
45 71 -2147483648
45 72 0
45 73 -2147483648
46 0 0
46 1 -2147483648
46 2 -2147483648
46 3 -2147483648
46 4 -2147483648
46 5 0
46 6 -2147483648
46 7 0
46 8 -2147483648
46 9 -2147483648
46 10 2
46 11 -2147483648
46 12 -2147483648
46 13 -2147483648
46 14 3
46 15 -2147483648
46 16 3
46 17 2
46 18 -2147483648
46 19 -2147483648
46 20 -2147483648
46 21 2
46 22 1
46 23 -2147483648
46 24 -2147483648
46 25 0
46 26 -2147483648
46 27 -2147483648
46 28 0
46 29 -2147483648
46 30 -2147483648
46 31 0
46 32 3
46 33 0
46 34 2
46 35 -2147483648
46 36 -2147483648
46 37 -2147483648
46 38 -2147483648
46 39 -2147483648
46 40 -2147483648
46 41 -2147483648
46 42 -2147483648
46 43 -2147483648
46 44 -2147483648
46 45 1
46 47 -2147483648
46 48 -2147483648
46 49 1
46 50 3
46 51 -2147483648
46 52 0
46 53 0
46 54 1
46 55 1
46 56 -2147483648
46 57 -2147483648
46 58 0
46 59 -2147483648
46 60 1
46 61 -2147483648
46 62 -2147483648
46 63 -2147483648
46 64 -2147483648
46 65 -2147483648
46 66 -2147483648
46 67 -2147483648
46 68 0
46 69 -2147483648
46 70 0
46 71 -2147483648
46 72 0
46 73 1
47 0 0
47 1 -2147483648
47 2 -2147483648
47 3 -2147483648
47 4 -2147483648
47 5 -2147483648
47 6 -2147483648
47 7 0
47 8 -2147483648
47 9 -2147483648
47 10 2
47 11 -2147483648
47 12 -2147483648
47 13 -2147483648
47 14 -2147483648
47 15 -2147483648
47 16 3
47 17 2
47 18 -2147483648
47 19 -2147483648
47 20 -2147483648
47 21 -2147483648
47 22 1
47 23 -2147483648
47 24 5
47 25 0
47 26 -2147483648
47 27 -2147483648
47 28 -2147483648
47 29 -2147483648
47 30 -2147483648
47 31 0
47 32 3
47 33 -2147483648
47 34 -2147483648
47 35 -2147483648
47 36 -2147483648
47 37 2
47 38 -2147483648
47 39 -2147483648
47 40 -2147483648
47 41 -2147483648
47 42 -2147483648
47 43 -2147483648
47 44 -2147483648
47 45 1
47 46 -2147483648
47 48 -2147483648
47 49 1
47 50 -2147483648
47 51 -2147483648
47 52 0
47 53 0
47 54 1
47 55 1
47 56 -2147483648
47 57 -2147483648
47 58 0
47 59 -2147483648
47 60 1
47 61 2
47 62 -2147483648
47 63 -2147483648
47 64 -2147483648
47 65 -2147483648
47 66 -2147483648
47 67 -2147483648
47 68 -2147483648
47 69 -2147483648
47 70 0
47 71 -2147483648
47 72 0
47 73 -2147483648
48 0 -2147483648
48 1 -2147483648
48 2 -2147483648
48 3 1
48 4 -2147483648
48 5 -2147483648
48 6 -2147483648
48 7 1
48 8 -2147483648
48 9 -2147483648
48 10 -2147483648
48 11 -2147483648
48 12 -2147483648
48 13 -2147483648
48 14 -2147483648
48 15 2
48 16 -2147483648
48 17 0
48 18 -2147483648
48 19 -2147483648
48 20 -2147483648
48 21 0
48 22 -2147483648
48 23 -2147483648
48 24 -2147483648
48 25 3
48 26 -2147483648
48 27 -2147483648
48 28 -2147483648
48 29 1
48 30 -2147483648
48 31 -2147483648
48 32 -2147483648
48 33 -2147483648
48 34 -2147483648
48 35 -2147483648
48 36 -2147483648
48 37 -2147483648
48 38 -2147483648
48 39 -2147483648
48 40 -2147483648
48 41 3
48 42 3
48 43 -2147483648
48 44 -2147483648
48 45 -2147483648
48 46 -2147483648
48 47 -2147483648
48 49 -2147483648
48 50 -2147483648
48 51 -2147483648
48 52 -2147483648
48 53 3
48 54 -2147483648
48 55 -2147483648
48 56 -2147483648
48 57 -2147483648
48 58 -2147483648
48 59 -2147483648
48 60 -2147483648
48 61 1
48 62 -2147483648
48 63 -2147483648
48 64 -2147483648
48 65 -2147483648
48 66 1
48 67 -2147483648
48 68 -2147483648
48 69 -2147483648
48 70 2
48 71 3
48 72 0
48 73 -2147483648
49 0 -2147483648
49 1 2
49 2 -2147483648
49 3 -2147483648
49 4 -2147483648
49 5 0
49 6 0
49 7 0
49 8 0
49 9 0
49 10 0
49 11 -2147483648
49 12 0
49 13 0
49 14 1
49 15 0
49 16 1
49 17 1
49 18 -2147483648
49 19 0
49 20 -2147483648
49 21 2
49 22 -2147483648
49 23 0
49 24 1
49 25 -2147483648
49 26 0
49 27 -2147483648
49 28 0
49 29 0
49 30 -2147483648
49 31 0
49 32 1
49 33 0
49 34 2
49 35 -2147483648
49 36 0
49 37 -2147483648
49 38 0
49 39 0
49 40 -2147483648
49 41 -2147483648
49 42 -2147483648
49 43 -2147483648
49 44 0
49 45 -2147483648
49 46 1
49 47 1
49 48 -2147483648
49 50 1
49 51 -2147483648
49 52 -2147483648
49 53 -2147483648
49 54 3
49 55 -2147483648
49 56 2
49 57 -2147483648
49 58 -2147483648
49 59 0
49 60 -2147483648
49 61 2
49 62 -2147483648
49 63 -2147483648
49 64 -2147483648
49 65 -2147483648
49 66 -2147483648
49 67 -2147483648
49 68 0
49 69 -2147483648
49 70 -2147483648
49 71 -2147483648
49 72 0
49 73 -2147483648
50 0 -2147483648
50 1 1
50 2 -2147483648
50 3 -2147483648
50 4 -2147483648
50 5 0
50 6 1
50 7 -2147483648
50 8 -2147483648
50 9 0
50 10 1
50 11 0
50 12 -2147483648
50 13 0
50 14 3
50 15 -2147483648
50 16 2
50 17 2
50 18 -2147483648
50 19 -2147483648
50 20 -2147483648
50 21 2
50 22 0
50 23 -2147483648
50 24 -2147483648
50 25 -2147483648
50 26 0
50 27 -2147483648
50 28 0
50 29 -2147483648
50 30 -2147483648
50 31 0
50 32 2
50 33 0
50 34 2
50 35 -2147483648
50 36 0
50 37 -2147483648
50 38 0
50 39 -2147483648
50 40 -2147483648
50 41 -2147483648
50 42 -2147483648
50 43 0
50 44 0
50 45 0
50 46 3
50 47 -2147483648
50 48 -2147483648
50 49 1
50 51 -2147483648
50 52 0
50 53 -2147483648
50 54 -2147483648
50 55 3
50 56 0
50 57 0
50 58 2
50 59 0
50 60 0
50 61 -2147483648
50 62 0
50 63 0
50 64 0
50 65 -2147483648
50 66 -2147483648
50 67 -2147483648
50 68 1
50 69 -2147483648
50 70 -2147483648
50 71 -2147483648
50 72 -2147483648
50 73 -2147483648
51 0 -2147483648
51 1 0
51 2 -2147483648
51 3 -2147483648
51 4 0
51 5 0
51 6 0
51 7 -2147483648
51 8 -2147483648
51 9 0
51 10 -2147483648
51 11 -2147483648
51 12 1
51 13 0
51 14 -2147483648
51 15 -2147483648
51 16 -2147483648
51 17 -2147483648
51 18 -2147483648
51 19 0
51 20 -2147483648
51 21 0
51 22 -2147483648
51 23 -2147483648
51 24 -2147483648
51 25 -2147483648
51 26 0
51 27 -2147483648
51 28 0
51 29 -2147483648
51 30 0
51 31 0
51 32 -2147483648
51 33 0
51 34 0
51 35 1
51 36 0
51 37 -2147483648
51 38 0
51 39 0
51 40 -2147483648
51 41 2
51 42 3
51 43 -2147483648
51 44 0
51 45 -2147483648
51 46 -2147483648
51 47 -2147483648
51 48 -2147483648
51 49 -2147483648
51 50 -2147483648
51 52 1
51 53 -2147483648
51 54 -2147483648
51 55 -2147483648
51 56 -2147483648
51 57 -2147483648
51 58 3
51 59 0
51 60 -2147483648
51 61 0
51 62 -2147483648
51 63 1
51 64 0
51 65 1
51 66 -2147483648
51 67 -2147483648
51 68 1
51 69 -2147483648
51 70 -2147483648
51 71 2
51 72 -2147483648
51 73 -2147483648
52 0 -2147483648
52 1 -2147483648
52 2 -2147483648
52 3 2
52 4 0
52 5 0
52 6 0
52 7 0
52 8 -2147483648
52 9 -2147483648
52 10 -2147483648
52 11 -2147483648
52 12 0
52 13 0
52 14 0
52 15 0
52 16 0
52 17 0
52 18 0
52 19 0
52 20 2
52 21 -2147483648
52 22 -2147483648
52 23 -2147483648
52 24 0
52 25 1
52 26 0
52 27 -2147483648
52 28 0
52 29 0
52 30 -2147483648
52 31 0
52 32 0
52 33 0
52 34 -2147483648
52 35 0
52 36 0
52 37 -2147483648
52 38 0
52 39 0
52 40 -2147483648
52 41 -2147483648
52 42 -2147483648
52 43 -2147483648
52 44 -2147483648
52 45 -2147483648
52 46 0
52 47 0
52 48 -2147483648
52 49 -2147483648
52 50 0
52 51 1
52 53 -2147483648
52 54 -2147483648
52 55 1
52 56 -2147483648
52 57 -2147483648
52 58 3
52 59 0
52 60 -2147483648
52 61 -2147483648
52 62 -2147483648
52 63 3
52 64 -2147483648
52 65 0
52 66 0
52 67 -2147483648
52 68 0
52 69 -2147483648
52 70 2
52 71 -2147483648
52 72 0
52 73 1
53 0 3
53 1 -2147483648
53 2 -2147483648
53 3 -2147483648
53 4 0
53 5 0
53 6 0
53 7 1
53 8 -2147483648
53 9 -2147483648
53 10 -2147483648
53 11 -2147483648
53 12 0
53 13 0
53 14 0
53 15 1
53 16 0
53 17 0
53 18 1
53 19 0
53 20 -2147483648
53 21 -2147483648
53 22 -2147483648
53 23 -2147483648
53 24 0
53 25 2
53 26 0
53 27 -2147483648
53 28 0
53 29 1
53 30 -2147483648
53 31 0
53 32 0
53 33 0
53 34 -2147483648
53 35 0
53 36 0
53 37 -2147483648
53 38 0
53 39 0
53 40 -2147483648
53 41 2
53 42 2
53 43 -2147483648
53 44 -2147483648
53 45 -2147483648
53 46 0
53 47 0
53 48 3
53 49 -2147483648
53 50 -2147483648
53 51 -2147483648
53 52 -2147483648
53 54 -2147483648
53 55 -2147483648
53 56 -2147483648
53 57 -2147483648
53 58 -2147483648
53 59 0
53 60 -2147483648
53 61 -2147483648
53 62 -2147483648
53 63 -2147483648
53 64 -2147483648
53 65 0
53 66 1
53 67 -2147483648
53 68 -2147483648
53 69 -2147483648
53 70 -2147483648
53 71 2
53 72 0
53 73 2
54 0 -2147483648
54 1 2
54 2 -2147483648
54 3 -2147483648
54 4 -2147483648
54 5 -2147483648
54 6 -2147483648
54 7 -2147483648
54 8 0
54 9 -2147483648
54 10 0
54 11 -2147483648
54 12 -2147483648
54 13 1
54 14 2
54 15 -2147483648
54 16 1
54 17 1
54 18 -2147483648
54 19 -2147483648
54 20 -2147483648
54 21 2
54 22 -2147483648
54 23 0
54 24 1
54 25 -2147483648
54 26 -2147483648
54 27 -2147483648
54 28 -2147483648
54 29 -2147483648
54 30 -2147483648
54 31 -2147483648
54 32 1
54 33 1
54 34 2
54 35 -2147483648
54 36 -2147483648
54 37 -2147483648
54 38 0
54 39 -2147483648
54 40 -2147483648
54 41 -2147483648
54 42 -2147483648
54 43 -2147483648
54 44 -2147483648
54 45 -2147483648
54 46 1
54 47 1
54 48 -2147483648
54 49 3
54 50 -2147483648
54 51 -2147483648
54 52 -2147483648
54 53 -2147483648
54 55 -2147483648
54 56 2
54 57 -2147483648
54 58 -2147483648
54 59 0
54 60 -2147483648
54 61 -2147483648
54 62 -2147483648
54 63 -2147483648
54 64 -2147483648
54 65 -2147483648
54 66 -2147483648
54 67 -2147483648
54 68 -2147483648
54 69 -2147483648
54 70 -2147483648
54 71 -2147483648
54 72 0
54 73 -2147483648
55 0 -2147483648
55 1 0
55 2 -2147483648
55 3 2
55 4 0
55 5 0
55 6 0
55 7 -2147483648
55 8 -2147483648
55 9 0
55 10 1
55 11 -2147483648
55 12 -2147483648
55 13 0
55 14 1
55 15 -2147483648
55 16 1
55 17 1
55 18 -2147483648
55 19 0
55 20 -2147483648
55 21 0
55 22 -2147483648
55 23 -2147483648
55 24 1
55 25 -2147483648
55 26 0
55 27 -2147483648
55 28 0
55 29 -2147483648
55 30 0
55 31 0
55 32 1
55 33 0
55 34 0
55 35 -2147483648
55 36 0
55 37 -2147483648
55 38 0
55 39 0
55 40 -2147483648
55 41 -2147483648
55 42 -2147483648
55 43 -2147483648
55 44 0
55 45 -2147483648
55 46 1
55 47 1
55 48 -2147483648
55 49 -2147483648
55 50 3
55 51 -2147483648
55 52 1
55 53 -2147483648
55 54 -2147483648
55 56 -2147483648
55 57 -2147483648
55 58 3
55 59 0
55 60 -2147483648
55 61 0
55 62 -2147483648
55 63 1
55 64 0
55 65 -2147483648
55 66 -2147483648
55 67 -2147483648
55 68 1
55 69 -2147483648
55 70 -2147483648
55 71 -2147483648
55 72 -2147483648
55 73 -2147483648
56 0 -2147483648
56 1 -2147483648
56 2 -2147483648
56 3 -2147483648
56 4 0
56 5 0
56 6 -2147483648
56 7 0
56 8 -2147483648
56 9 -2147483648
56 10 -2147483648
56 11 -2147483648
56 12 -2147483648
56 13 -2147483648
56 14 0
56 15 0
56 16 -2147483648
56 17 0
56 18 0
56 19 -2147483648
56 20 -2147483648
56 21 1
56 22 -2147483648
56 23 -2147483648
56 24 -2147483648
56 25 -2147483648
56 26 -2147483648
56 27 2
56 28 0
56 29 0
56 30 -2147483648
56 31 0
56 32 -2147483648
56 33 0
56 34 -2147483648
56 35 -2147483648
56 36 -2147483648
56 37 -2147483648
56 38 -2147483648
56 39 -2147483648
56 40 3
56 41 -2147483648
56 42 -2147483648
56 43 -2147483648
56 44 -2147483648
56 45 -2147483648
56 46 -2147483648
56 47 -2147483648
56 48 -2147483648
56 49 2
56 50 0
56 51 -2147483648
56 52 -2147483648
56 53 -2147483648
56 54 2
56 55 -2147483648
56 57 -2147483648
56 58 -2147483648
56 59 -2147483648
56 60 -2147483648
56 61 1
56 62 -2147483648
56 63 -2147483648
56 64 -2147483648
56 65 -2147483648
56 66 0
56 67 -2147483648
56 68 0
56 69 -2147483648
56 70 -2147483648
56 71 -2147483648
56 72 0
56 73 -2147483648
57 0 -2147483648
57 1 -2147483648
57 2 -2147483648
57 3 -2147483648
57 4 0
57 5 0
57 6 -2147483648
57 7 0
57 8 -2147483648
57 9 2
57 10 -2147483648
57 11 -2147483648
57 12 1
57 13 1
57 14 0
57 15 0
57 16 -2147483648
57 17 0
57 18 0
57 19 -2147483648
57 20 -2147483648
57 21 -2147483648
57 22 -2147483648
57 23 -2147483648
57 24 -2147483648
57 25 -2147483648
57 26 1
57 27 -2147483648
57 28 0
57 29 0
57 30 3
57 31 0
57 32 -2147483648
57 33 0
57 34 -2147483648
57 35 1
57 36 1
57 37 -2147483648
57 38 -2147483648
57 39 1
57 40 -2147483648
57 41 -2147483648
57 42 -2147483648
57 43 -2147483648
57 44 2
57 45 -2147483648
57 46 -2147483648
57 47 -2147483648
57 48 -2147483648
57 49 -2147483648
57 50 0
57 51 -2147483648
57 52 -2147483648
57 53 -2147483648
57 54 -2147483648
57 55 -2147483648
57 56 -2147483648
57 58 -2147483648
57 59 -2147483648
57 60 -2147483648
57 61 -2147483648
57 62 -2147483648
57 63 -2147483648
57 64 -2147483648
57 65 1
57 66 0
57 67 -2147483648
57 68 0
57 69 -2147483648
57 70 -2147483648
57 71 -2147483648
57 72 0
57 73 -2147483648
58 0 -2147483648
58 1 -2147483648
58 2 -2147483648
58 3 2
58 4 0
58 5 0
58 6 0
58 7 -2147483648
58 8 -2147483648
58 9 -2147483648
58 10 -2147483648
58 11 -2147483648
58 12 0
58 13 0
58 14 0
58 15 -2147483648
58 16 0
58 17 0
58 18 -2147483648
58 19 0
58 20 -2147483648
58 21 -2147483648
58 22 -2147483648
58 23 -2147483648
58 24 0
58 25 -2147483648
58 26 0
58 27 -2147483648
58 28 0
58 29 -2147483648
58 30 -2147483648
58 31 0
58 32 0
58 33 0
58 34 -2147483648
58 35 0
58 36 0
58 37 -2147483648
58 38 0
58 39 0
58 40 -2147483648
58 41 -2147483648
58 42 -2147483648
58 43 -2147483648
58 44 -2147483648
58 45 -2147483648
58 46 0
58 47 0
58 48 -2147483648
58 49 -2147483648
58 50 2
58 51 3
58 52 3
58 53 -2147483648
58 54 -2147483648
58 55 3
58 56 -2147483648
58 57 -2147483648
58 59 0
58 60 -2147483648
58 61 -2147483648
58 62 -2147483648
58 63 3
58 64 -2147483648
58 65 0
58 66 -2147483648
58 67 -2147483648
58 68 1
58 69 -2147483648
58 70 -2147483648
58 71 -2147483648
58 72 -2147483648
58 73 -2147483648
59 0 0
59 1 -2147483648
59 2 -2147483648
59 3 0
59 4 0
59 5 -2147483648
59 6 -2147483648
59 7 0
59 8 -2147483648
59 9 -2147483648
59 10 -2147483648
59 11 1
59 12 -2147483648
59 13 -2147483648
59 14 -2147483648
59 15 -2147483648
59 16 -2147483648
59 17 0
59 18 0
59 19 3
59 20 1
59 21 -2147483648
59 22 -2147483648
59 23 -2147483648
59 24 -2147483648
59 25 -2147483648
59 26 -2147483648
59 27 0
59 28 0
59 29 0
59 30 -2147483648
59 31 0
59 32 -2147483648
59 33 0
59 34 -2147483648
59 35 -2147483648
59 36 -2147483648
59 37 0
59 38 -2147483648
59 39 -2147483648
59 40 0
59 41 -2147483648
59 42 -2147483648
59 43 -2147483648
59 44 -2147483648
59 45 -2147483648
59 46 -2147483648
59 47 -2147483648
59 48 -2147483648
59 49 0
59 50 0
59 51 0
59 52 0
59 53 0
59 54 0
59 55 0
59 56 -2147483648
59 57 -2147483648
59 58 0
59 60 -2147483648
59 61 0
59 62 -2147483648
59 63 -2147483648
59 64 2
59 65 -2147483648
59 66 0
59 67 -2147483648
59 68 0
59 69 2
59 70 0
59 71 -2147483648
59 72 0
59 73 0
60 0 -2147483648
60 1 -2147483648
60 2 -2147483648
60 3 -2147483648
60 4 0
60 5 0
60 6 -2147483648
60 7 0
60 8 2
60 9 -2147483648
60 10 2
60 11 -2147483648
60 12 -2147483648
60 13 -2147483648
60 14 0
60 15 0
60 16 1
60 17 0
60 18 0
60 19 -2147483648
60 20 -2147483648
60 21 -2147483648
60 22 -2147483648
60 23 2
60 24 1
60 25 -2147483648
60 26 -2147483648
60 27 -2147483648
60 28 0
60 29 0
60 30 -2147483648
60 31 0
60 32 1
60 33 0
60 34 -2147483648
60 35 -2147483648
60 36 -2147483648
60 37 -2147483648
60 38 -2147483648
60 39 -2147483648
60 40 -2147483648
60 41 -2147483648
60 42 -2147483648
60 43 -2147483648
60 44 -2147483648
60 45 -2147483648
60 46 1
60 47 1
60 48 -2147483648
60 49 -2147483648
60 50 0
60 51 -2147483648
60 52 -2147483648
60 53 -2147483648
60 54 -2147483648
60 55 -2147483648
60 56 -2147483648
60 57 -2147483648
60 58 -2147483648
60 59 -2147483648
60 61 -2147483648
60 62 -2147483648
60 63 -2147483648
60 64 -2147483648
60 65 -2147483648
60 66 0
60 67 3
60 68 0
60 69 -2147483648
60 70 -2147483648
60 71 -2147483648
60 72 0
60 73 -2147483648
61 0 -2147483648
61 1 2
61 2 -2147483648
61 3 -2147483648
61 4 -2147483648
61 5 1
61 6 -2147483648
61 7 0
61 8 0
61 9 1
61 10 0
61 11 -2147483648
61 12 1
61 13 -2147483648
61 14 -2147483648
61 15 1
61 16 1
61 17 1
61 18 -2147483648
61 19 -2147483648
61 20 -2147483648
61 21 -2147483648
61 22 -2147483648
61 23 0
61 24 2
61 25 1
61 26 -2147483648
61 27 -2147483648
61 28 -2147483648
61 29 0
61 30 -2147483648
61 31 -2147483648
61 32 1
61 33 -2147483648
61 34 -2147483648
61 35 -2147483648
61 36 1
61 37 3
61 38 0
61 39 2
61 40 -2147483648
61 41 0
61 42 0
61 43 1
61 44 -2147483648
61 45 0
61 46 -2147483648
61 47 2
61 48 1
61 49 2
61 50 -2147483648
61 51 0
61 52 -2147483648
61 53 -2147483648
61 54 -2147483648
61 55 0
61 56 1
61 57 -2147483648
61 58 -2147483648
61 59 0
61 60 -2147483648
61 62 -2147483648
61 63 -2147483648
61 64 -2147483648
61 65 -2147483648
61 66 -2147483648
61 67 -2147483648
61 68 -2147483648
61 69 -2147483648
61 70 -2147483648
61 71 0
61 72 0
61 73 -2147483648
62 0 -2147483648
62 1 -2147483648
62 2 -2147483648
62 3 -2147483648
62 4 0
62 5 0
62 6 -2147483648
62 7 0
62 8 -2147483648
62 9 2
62 10 -2147483648
62 11 -2147483648
62 12 1
62 13 1
62 14 0
62 15 0
62 16 -2147483648
62 17 0
62 18 0
62 19 -2147483648
62 20 -2147483648
62 21 -2147483648
62 22 -2147483648
62 23 -2147483648
62 24 -2147483648
62 25 -2147483648
62 26 1
62 27 -2147483648
62 28 0
62 29 0
62 30 -2147483648
62 31 0
62 32 -2147483648
62 33 0
62 34 -2147483648
62 35 1
62 36 1
62 37 -2147483648
62 38 -2147483648
62 39 1
62 40 -2147483648
62 41 -2147483648
62 42 -2147483648
62 43 3
62 44 2
62 45 -2147483648
62 46 -2147483648
62 47 -2147483648
62 48 -2147483648
62 49 -2147483648
62 50 0
62 51 -2147483648
62 52 -2147483648
62 53 -2147483648
62 54 -2147483648
62 55 -2147483648
62 56 -2147483648
62 57 -2147483648
62 58 -2147483648
62 59 -2147483648
62 60 -2147483648
62 61 -2147483648
62 63 -2147483648
62 64 -2147483648
62 65 1
62 66 0
62 67 -2147483648
62 68 0
62 69 -2147483648
62 70 -2147483648
62 71 -2147483648
62 72 0
62 73 -2147483648
63 0 -2147483648
63 1 -2147483648
63 2 -2147483648
63 3 2
63 4 0
63 5 0
63 6 -2147483648
63 7 0
63 8 -2147483648
63 9 -2147483648
63 10 -2147483648
63 11 -2147483648
63 12 -2147483648
63 13 -2147483648
63 14 0
63 15 0
63 16 -2147483648
63 17 0
63 18 0
63 19 -2147483648
63 20 2
63 21 -2147483648
63 22 -2147483648
63 23 -2147483648
63 24 -2147483648
63 25 1
63 26 -2147483648
63 27 -2147483648
63 28 0
63 29 0
63 30 -2147483648
63 31 0
63 32 -2147483648
63 33 0
63 34 -2147483648
63 35 -2147483648
63 36 -2147483648
63 37 -2147483648
63 38 -2147483648
63 39 -2147483648
63 40 -2147483648
63 41 -2147483648
63 42 -2147483648
63 43 -2147483648
63 44 -2147483648
63 45 -2147483648
63 46 -2147483648
63 47 -2147483648
63 48 -2147483648
63 49 -2147483648
63 50 0
63 51 1
63 52 3
63 53 -2147483648
63 54 -2147483648
63 55 1
63 56 -2147483648
63 57 -2147483648
63 58 3
63 59 -2147483648
63 60 -2147483648
63 61 -2147483648
63 62 -2147483648
63 64 -2147483648
63 65 -2147483648
63 66 0
63 67 -2147483648
63 68 0
63 69 -2147483648
63 70 2
63 71 -2147483648
63 72 0
63 73 1
64 0 -2147483648
64 1 -2147483648
64 2 -2147483648
64 3 -2147483648
64 4 0
64 5 0
64 6 1
64 7 0
64 8 -2147483648
64 9 -2147483648
64 10 -2147483648
64 11 3
64 12 -2147483648
64 13 -2147483648
64 14 0
64 15 0
64 16 -2147483648
64 17 0
64 18 0
64 19 2
64 20 -2147483648
64 21 -2147483648
64 22 -2147483648
64 23 -2147483648
64 24 -2147483648
64 25 0
64 26 -2147483648
64 27 -2147483648
64 28 0
64 29 0
64 30 -2147483648
64 31 0
64 32 -2147483648
64 33 0
64 34 -2147483648
64 35 -2147483648
64 36 -2147483648
64 37 -2147483648
64 38 2
64 39 -2147483648
64 40 -2147483648
64 41 -2147483648
64 42 -2147483648
64 43 -2147483648
64 44 -2147483648
64 45 -2147483648
64 46 -2147483648
64 47 -2147483648
64 48 -2147483648
64 49 -2147483648
64 50 0
64 51 0
64 52 -2147483648
64 53 -2147483648
64 54 -2147483648
64 55 0
64 56 -2147483648
64 57 -2147483648
64 58 -2147483648
64 59 2
64 60 -2147483648
64 61 -2147483648
64 62 -2147483648
64 63 -2147483648
64 65 -2147483648
64 66 0
64 67 -2147483648
64 68 0
64 69 3
64 70 -2147483648
64 71 -2147483648
64 72 0
64 73 0
65 0 -2147483648
65 1 -2147483648
65 2 -2147483648
65 3 -2147483648
65 4 -2147483648
65 5 -2147483648
65 6 -2147483648
65 7 0
65 8 -2147483648
65 9 3
65 10 -2147483648
65 11 -2147483648
65 12 4
65 13 -2147483648
65 14 -2147483648
65 15 -2147483648
65 16 -2147483648
65 17 -2147483648
65 18 -2147483648
65 19 -2147483648
65 20 -2147483648
65 21 -2147483648
65 22 -2147483648
65 23 -2147483648
65 24 -2147483648
65 25 -2147483648
65 26 -2147483648
65 27 -2147483648
65 28 -2147483648
65 29 -2147483648
65 30 -2147483648
65 31 -2147483648
65 32 -2147483648
65 33 -2147483648
65 34 -2147483648
65 35 -2147483648
65 36 3
65 37 -2147483648
65 38 -2147483648
65 39 4
65 40 1
65 41 -2147483648
65 42 -2147483648
65 43 3
65 44 -2147483648
65 45 -2147483648
65 46 -2147483648
65 47 -2147483648
65 48 -2147483648
65 49 -2147483648
65 50 -2147483648
65 51 1
65 52 0
65 53 0
65 54 -2147483648
65 55 -2147483648
65 56 -2147483648
65 57 1
65 58 0
65 59 -2147483648
65 60 -2147483648
65 61 -2147483648
65 62 1
65 63 -2147483648
65 64 -2147483648
65 66 -2147483648
65 67 -2147483648
65 68 -2147483648
65 69 -2147483648
65 70 0
65 71 -2147483648
65 72 0
65 73 -2147483648
66 0 1
66 1 -2147483648
66 2 2
66 3 -2147483648
66 4 1
66 5 0
66 6 0
66 7 1
66 8 2
66 9 0
66 10 -2147483648
66 11 0
66 12 -2147483648
66 13 0
66 14 -2147483648
66 15 3
66 16 -2147483648
66 17 -2147483648
66 18 4
66 19 0
66 20 -2147483648
66 21 -2147483648
66 22 0
66 23 2
66 24 -2147483648
66 25 1
66 26 0
66 27 2
66 28 0
66 29 3
66 30 -2147483648
66 31 0
66 32 -2147483648
66 33 0
66 34 -2147483648
66 35 -2147483648
66 36 0
66 37 -2147483648
66 38 0
66 39 0
66 40 1
66 41 -2147483648
66 42 -2147483648
66 43 0
66 44 0
66 45 0
66 46 -2147483648
66 47 -2147483648
66 48 1
66 49 -2147483648
66 50 -2147483648
66 51 -2147483648
66 52 0
66 53 1
66 54 -2147483648
66 55 -2147483648
66 56 0
66 57 0
66 58 -2147483648
66 59 0
66 60 0
66 61 -2147483648
66 62 0
66 63 0
66 64 0
66 65 -2147483648
66 67 1
66 68 -2147483648
66 69 -2147483648
66 70 1
66 71 -2147483648
66 72 1
66 73 1
67 0 -2147483648
67 1 -2147483648
67 2 -2147483648
67 3 -2147483648
67 4 0
67 5 0
67 6 -2147483648
67 7 0
67 8 3
67 9 -2147483648
67 10 -2147483648
67 11 -2147483648
67 12 -2147483648
67 13 -2147483648
67 14 -2147483648
67 15 1
67 16 -2147483648
67 17 -2147483648
67 18 1
67 19 -2147483648
67 20 -2147483648
67 21 -2147483648
67 22 -2147483648
67 23 3
67 24 -2147483648
67 25 0
67 26 -2147483648
67 27 -2147483648
67 28 0
67 29 1
67 30 -2147483648
67 31 0
67 32 -2147483648
67 33 0
67 34 -2147483648
67 35 -2147483648
67 36 -2147483648
67 37 -2147483648
67 38 -2147483648
67 39 -2147483648
67 40 -2147483648
67 41 -2147483648
67 42 -2147483648
67 43 -2147483648
67 44 -2147483648
67 45 2
67 46 -2147483648
67 47 -2147483648
67 48 -2147483648
67 49 -2147483648
67 50 -2147483648
67 51 -2147483648
67 52 -2147483648
67 53 -2147483648
67 54 -2147483648
67 55 -2147483648
67 56 -2147483648
67 57 -2147483648
67 58 -2147483648
67 59 -2147483648
67 60 3
67 61 -2147483648
67 62 -2147483648
67 63 -2147483648
67 64 -2147483648
67 65 -2147483648
67 66 1
67 68 0
67 69 -2147483648
67 70 -2147483648
67 71 -2147483648
67 72 0
67 73 0
68 0 -2147483648
68 1 -2147483648
68 2 0
68 3 0
68 4 -2147483648
68 5 -2147483648
68 6 -2147483648
68 7 -2147483648
68 8 0
68 9 -2147483648
68 10 0
68 11 0
68 12 -2147483648
68 13 2
68 14 1
68 15 -2147483648
68 16 0
68 17 0
68 18 -2147483648
68 19 -2147483648
68 20 -2147483648
68 21 0
68 22 0
68 23 0
68 24 -2147483648
68 25 -2147483648
68 26 -2147483648
68 27 0
68 28 -2147483648
68 29 -2147483648
68 30 -2147483648
68 31 -2147483648
68 32 0
68 33 2
68 34 0
68 35 -2147483648
68 36 -2147483648
68 37 0
68 38 -2147483648
68 39 -2147483648
68 40 0
68 41 0
68 42 0
68 43 -2147483648
68 44 -2147483648
68 45 0
68 46 0
68 47 -2147483648
68 48 -2147483648
68 49 0
68 50 1
68 51 1
68 52 0
68 53 -2147483648
68 54 -2147483648
68 55 1
68 56 0
68 57 0
68 58 1
68 59 0
68 60 0
68 61 -2147483648
68 62 0
68 63 0
68 64 0
68 65 -2147483648
68 66 -2147483648
68 67 0
68 69 -2147483648
68 70 -2147483648
68 71 0
68 72 0
68 73 -2147483648
69 0 -2147483648
69 1 -2147483648
69 2 -2147483648
69 3 -2147483648
69 4 -2147483648
69 5 -2147483648
69 6 -2147483648
69 7 -2147483648
69 8 -2147483648
69 9 -2147483648
69 10 -2147483648
69 11 -2147483648
69 12 -2147483648
69 13 -2147483648
69 14 1
69 15 -2147483648
69 16 -2147483648
69 17 0
69 18 -2147483648
69 19 -2147483648
69 20 -2147483648
69 21 0
69 22 -2147483648
69 23 -2147483648
69 24 -2147483648
69 25 -2147483648
69 26 -2147483648
69 27 -2147483648
69 28 -2147483648
69 29 -2147483648
69 30 -2147483648
69 31 -2147483648
69 32 -2147483648
69 33 1
69 34 -2147483648
69 35 -2147483648
69 36 -2147483648
69 37 -2147483648
69 38 2
69 39 -2147483648
69 40 -2147483648
69 41 -2147483648
69 42 -2147483648
69 43 -2147483648
69 44 -2147483648
69 45 -2147483648
69 46 -2147483648
69 47 -2147483648
69 48 -2147483648
69 49 -2147483648
69 50 -2147483648
69 51 -2147483648
69 52 -2147483648
69 53 -2147483648
69 54 -2147483648
69 55 -2147483648
69 56 -2147483648
69 57 -2147483648
69 58 -2147483648
69 59 2
69 60 -2147483648
69 61 -2147483648
69 62 -2147483648
69 63 -2147483648
69 64 3
69 65 -2147483648
69 66 -2147483648
69 67 -2147483648
69 68 -2147483648
69 70 -2147483648
69 71 -2147483648
69 72 0
69 73 -2147483648
70 0 2
70 1 -2147483648
70 2 -2147483648
70 3 2
70 4 0
70 5 0
70 6 0
70 7 1
70 8 0
70 9 0
70 10 0
70 11 -2147483648
70 12 0
70 13 0
70 14 0
70 15 1
70 16 0
70 17 0
70 18 1
70 19 0
70 20 3
70 21 -2147483648
70 22 -2147483648
70 23 0
70 24 0
70 25 2
70 26 0
70 27 -2147483648
70 28 0
70 29 1
70 30 -2147483648
70 31 0
70 32 0
70 33 0
70 34 -2147483648
70 35 0
70 36 0
70 37 -2147483648
70 38 0
70 39 0
70 40 -2147483648
70 41 1
70 42 1
70 43 -2147483648
70 44 0
70 45 -2147483648
70 46 0
70 47 0
70 48 2
70 49 -2147483648
70 50 -2147483648
70 51 -2147483648
70 52 2
70 53 -2147483648
70 54 -2147483648
70 55 -2147483648
70 56 -2147483648
70 57 -2147483648
70 58 -2147483648
70 59 0
70 60 -2147483648
70 61 -2147483648
70 62 -2147483648
70 63 2
70 64 -2147483648
70 65 0
70 66 1
70 67 -2147483648
70 68 -2147483648
70 69 -2147483648
70 71 1
70 72 0
70 73 2
71 0 2
71 1 -2147483648
71 2 -2147483648
71 3 -2147483648
71 4 0
71 5 0
71 6 -2147483648
71 7 0
71 8 -2147483648
71 9 -2147483648
71 10 -2147483648
71 11 -2147483648
71 12 -2147483648
71 13 -2147483648
71 14 -2147483648
71 15 -2147483648
71 16 -2147483648
71 17 -2147483648
71 18 -2147483648
71 19 -2147483648
71 20 1
71 21 0
71 22 -2147483648
71 23 -2147483648
71 24 -2147483648
71 25 1
71 26 -2147483648
71 27 -2147483648
71 28 0
71 29 -2147483648
71 30 -2147483648
71 31 0
71 32 -2147483648
71 33 0
71 34 -2147483648
71 35 -2147483648
71 36 -2147483648
71 37 -2147483648
71 38 -2147483648
71 39 -2147483648
71 40 -2147483648
71 41 4
71 42 4
71 43 -2147483648
71 44 -2147483648
71 45 -2147483648
71 46 -2147483648
71 47 -2147483648
71 48 3
71 49 -2147483648
71 50 -2147483648
71 51 2
71 52 -2147483648
71 53 2
71 54 -2147483648
71 55 -2147483648
71 56 -2147483648
71 57 -2147483648
71 58 -2147483648
71 59 -2147483648
71 60 -2147483648
71 61 0
71 62 -2147483648
71 63 -2147483648
71 64 -2147483648
71 65 -2147483648
71 66 -2147483648
71 67 -2147483648
71 68 0
71 69 -2147483648
71 70 1
71 72 0
71 73 1
72 0 0
72 1 0
72 2 0
72 3 0
72 4 0
72 5 0
72 6 0
72 7 0
72 8 1
72 9 0
72 10 0
72 11 0
72 12 0
72 13 0
72 14 0
72 15 1
72 16 0
72 17 0
72 18 1
72 19 0
72 20 0
72 21 0
72 22 0
72 23 1
72 24 0
72 25 0
72 26 0
72 27 0
72 28 0
72 29 1
72 30 0
72 31 0
72 32 0
72 33 0
72 34 0
72 35 0
72 36 0
72 37 0
72 38 0
72 39 0
72 40 0
72 41 0
72 42 -2147483648
72 43 0
72 44 0
72 45 0
72 46 0
72 47 0
72 48 0
72 49 0
72 50 -2147483648
72 51 -2147483648
72 52 0
72 53 0
72 54 0
72 55 -2147483648
72 56 0
72 57 0
72 58 -2147483648
72 59 0
72 60 0
72 61 0
72 62 0
72 63 0
72 64 0
72 65 0
72 66 1
72 67 0
72 68 0
72 69 0
72 70 0
72 71 0
72 73 0
73 0 3
73 1 0
73 2 0
73 3 1
73 4 -2147483648
73 5 -2147483648
73 6 -2147483648
73 7 1
73 8 0
73 9 -2147483648
73 10 0
73 11 -2147483648
73 12 -2147483648
73 13 -2147483648
73 14 -2147483648
73 15 -2147483648
73 16 0
73 17 0
73 18 2
73 19 -2147483648
73 20 -2147483648
73 21 1
73 22 -2147483648
73 23 0
73 24 -2147483648
73 25 -2147483648
73 26 1
73 27 -2147483648
73 28 2
73 29 1
73 30 1
73 31 1
73 32 0
73 33 -2147483648
73 34 1
73 35 1
73 36 -2147483648
73 37 -2147483648
73 38 0
73 39 -2147483648
73 40 -2147483648
73 41 1
73 42 1
73 43 -2147483648
73 44 1
73 45 -2147483648
73 46 1
73 47 -2147483648
73 48 -2147483648
73 49 -2147483648
73 50 -2147483648
73 51 -2147483648
73 52 1
73 53 2
73 54 -2147483648
73 55 -2147483648
73 56 -2147483648
73 57 -2147483648
73 58 -2147483648
73 59 0
73 60 -2147483648
73 61 -2147483648
73 62 -2147483648
73 63 1
73 64 0
73 65 -2147483648
73 66 1
73 67 0
73 68 -2147483648
73 69 -2147483648
73 70 2
73 71 1
73 72 0
