10 11 8 7 14 33 32 31 38 43 45 46 
9 10 11 8 7 14 33 32 31 38 43 45 46 
21 19 18 16 31 38 
9 10 11 12 13 14 15 17 20 19 21 22 
10 11 12 13 14 15 17 20 19 21 22 
9 10 11 12 13 14 15 16 31 38 37 36 42 
12 11 8 7 14 33 32 31 38 39 40 41 25 
19 27 40 41 25 26 
22 21 19 27 
10 11 12 13 14 15 16 18 19 21 24 25 41 
12 11 8 7 6 5 4 3 20 21 24 25 41 
39 29 28 27 19 21 24 25 41 
9 10 11 12 13 14 15 16 18 19 21 26 24 
23 22 21 20 17 15 14 13 34 42 44 45 
27 28 29 38 37 32 33 34 42 44 
10 11 12 13 14 15 16 31 30 18 19 21 
2 3 20 19 21 
27 19 21 24 25 41 
3 20 17 15 14 33 34 13 8 11 10 9 
24 21 19 18 16 15 14 13 34 42 44 45 
9 10 11 12 13 14 33 32 37 36 35 34 
5 6 7 14 33 32 37 
24 26 27 40 39 38 37 36 
23 24 26 27 
9 10 11 12 13 14 33 32 31 38 39 40 
4 17 15 16 31 38 39 40 
24 21 19 27 28 29 38 39 
13 8 7 6 5 4 3 2 22 21 24 23 
12 11 8 7 6 15 16 18 19 21 26 27 
9 10 11 12 13 14 33 32 37 38 31 
15 14 33 32 37 38 
18 30 31 32 37 38 
11 12 13 14 15 16 18 19 21 26 27 
2 3 4 17 15 14 13 34 42 44 46 
1 23 24 26 27 28 29 38 37 36 35 
15 16 31 38 37 36 35 34 
21 26 27 28 29 39 38 37 36 42 44 
10 11 12 13 14 33 32 37 38 29 39 
4 17 15 14 33 32 
23 22 21 19 18 30 29 39 40 
10 11 12 13 34 35 36 43 38 29 
10 11 12 13 34 35 36 43 38 29 39 
24 25 41 40 39 38 29 
14 33 32 31 16 18 19 21 24 23 22 
12 11 8 7 6 15 16 31 38 29 30 
13 14 15 16 31 38 
41 25 26 21 20 17 15 14 13 34 42 
30 18 17 15 14 13 34 
32 33 34 42 
38 31 32 33 34 42 
12 11 8 7 6 15 16 18 30 29 28 
23 22 21 19 18 30 29 28 
14 33 32 31 38 39 40 27 26 25 41 
10 11 12 13 14 15 16 18 19 21 22 
2 3 20 19 21 
12 11 8 13 14 33 32 37 38 43 36 
15 14 33 32 37 38 
16 18 30 31 32 37 38 
13 8 7 6 15 16 18 19 27 26 
3 2 22 21 19 27 26 24 
11 12 13 14 33 34 35 36 43 45 
20 19 18 30 29 38 37 36 43 
20 19 18 30 29 39 38 37 36 43 
10 9 8 7 6 15 17 18 30 
6 5 4 3 20 21 24 26 25 41 
23 22 21 20 17 15 14 13 34 35 
24 21 20 17 15 14 13 34 35 
29 30 31 32 33 14 13 34 35 
10 11 8 7 6 15 14 33 34 13 
26 24 21 20 17 15 14 13 34 35 
32 33 34 35 
2 22 21 20 17 15 14 13 8 7 
5 6 15 16 18 19 21 24 25 41 
8 13 14 15 16 18 19 21 26 27 
11 12 13 14 33 32 37 38 29 30 
4 17 15 14 33 32 
10 11 12 13 14 33 32 31 16 15 
5 4 17 18 30 31 16 
13 34 33 32 31 38 39 40 41 25 
4 17 20 19 27 40 41 25 
3 20 19 27 40 41 
5 4 17 15 14 7 8 13 34 33 
36 35 34 33 32 37 
25 26 27 28 29 38 31 32 37 
8 13 14 33 32 31 16 18 19 20 
20 19 18 30 29 39 38 37 36 43 
5 4 17 15 16 31 32 33 14 13 
24 21 19 18 16 31 
6 7 14 15 16 31 38 29 28 
18 30 29 28 27 26 25 41 
5 4 17 15 14 13 8 7 6 
3 4 17 15 14 13 34 42 44 
33 34 42 44 46 
16 31 38 39 40 27 26 25 41 
6 15 16 31 38 
8 7 6 15 14 33 34 13 12 
7 14 15 16 31 38 37 36 42 
4 17 15 14 13 8 7 6 5 
7 14 15 16 31 38 37 36 35 
3 4 17 15 14 13 34 42 44 
39 29 30 31 32 33 34 42 
30 29 39 38 37 36 43 44 45 
7 14 15 17 20 19 27 40 39 
38 29 28 27 40 39 
22 23 24 26 27 28 29 38 31 
13 34 33 32 37 38 31 16 
1 2 3 20 19 27 40 39 29 
16 31 38 39 29 30 
8 13 14 15 17 18 30 31 16 
5 4 17 15 16 31 38 37 32 
34 35 36 43 38 37 
13 14 15 16 31 38 37 36 42 
7 6 5 4 17 15 14 13 12 
8 13 34 33 14 15 16 31 32 
23 22 21 19 18 16 31 
29 28 27 19 18 16 31 
6 15 14 33 32 37 36 35 34 
21 19 18 16 31 38 37 36 
8 7 14 33 34 13 12 11 10 
5 6 15 16 18 19 21 24 23 
15 16 18 19 20 3 2 1 23 
13 8 7 6 5 4 3 20 17 
19 20 17 15 14 33 32 
18 17 15 14 33 32 
29 38 31 16 15 14 33 
7 14 15 17 20 21 24 23 22 
11 12 13 14 33 32 31 16 15 
15 16 31 38 37 36 43 45 46 
33 14 15 17 20 21 26 27 40 
5 6 15 17 18 19 21 26 27 
8 7 6 15 
7 14 15 17 20 21 24 23 22 
16 31 38 39 40 27 26 25 41 
1 2 3 4 17 18 16 31 30 
13 14 15 16 31 
13 14 15 17 20 19 27 28 
24 21 20 19 27 
13 14 33 32 37 38 43 36 
15 16 18 30 29 38 43 36 
33 32 31 30 29 38 43 
22 21 19 18 30 29 
6 15 16 31 38 43 36 37 
13 14 15 16 31 38 43 36 
4 17 20 3 2 1 23 24 
21 22 23 24 26 27 
17 18 16 31 38 37 36 35 
13 14 33 32 37 36 35 34 
7 6 15 16 31 38 37 32 
17 18 16 31 38 37 36 35 
7 14 33 32 37 36 35 34 
8 7 14 33 34 13 12 11 
30 29 38 43 36 42 34 35 
3 4 17 18 30 29 
4 17 15 14 13 8 7 6 
3 2 22 21 26 25 41 40 
16 15 17 20 19 27 26 25 
14 33 34 35 36 43 45 46 
39 29 38 37 36 42 44 43 
34 35 36 37 38 43 45 46 
15 17 20 19 27 28 29 39 
34 35 36 37 38 29 39 
8 13 34 35 36 37 32 33 
14 13 34 35 36 37 32 
28 27 40 39 38 31 30 29 
18 30 29 38 43 44 42 36 
6 5 4 17 18 30 31 16 
29 39 38 43 36 35 34 42 
3 20 17 15 14 13 8 7 
5 6 15 16 31 38 29 30 
4 5 6 7 8 13 14 15 
30 29 38 43 36 42 34 35 
29 28 27 19 21 24 25 41 
6 15 14 33 34 35 36 42 
20 19 18 16 31 38 37 32 
24 21 19 27 40 39 29 28 
28 27 40 39 38 31 30 29 
37 36 35 34 42 44 43 
18 19 21 26 27 40 39 
17 18 19 21 26 25 24 
7 6 15 17 18 
4 3 2 22 21 20 17 
3 2 22 21 20 17 4 
15 14 13 34 42 44 43 
7 14 13 34 42 44 43 
30 18 19 21 26 27 40 
18 19 21 26 27 40 39 
7 14 15 16 31 30 18 
1 2 3 20 21 26 24 
2 3 20 21 26 24 
21 20 17 18 30 29 39 
17 18 30 29 39 40 27 
13 14 15 17 18 30 29 
14 33 34 42 44 43 36 
32 33 34 42 44 43 
20 21 19 27 28 29 30 
18 19 27 28 29 30 
20 19 27 40 41 
20 19 27 40 41 25 26 
16 15 17 18 30 29 28 
14 15 17 18 30 
16 15 14 13 34 33 32 
