0 1 -2147483648
0 2 0
0 3 -2147483648
0 4 0
0 5 -2147483648
0 6 1
0 7 1
0 8 0
0 9 -2147483648
0 10 1
0 11 0
0 12 0
0 13 0
0 14 -2147483648
0 15 -2147483648
0 16 0
0 17 -2147483648
0 18 0
0 19 0
0 20 -2147483648
0 21 -2147483648
0 22 0
0 23 0
0 24 -2147483648
0 25 -2147483648
0 26 2
0 27 -2147483648
0 28 -2147483648
0 29 -2147483648
1 0 -2147483648
1 2 0
1 3 -2147483648
1 4 0
1 5 -2147483648
1 6 0
1 7 -2147483648
1 8 0
1 9 2
1 10 0
1 11 0
1 12 1
1 13 0
1 14 -2147483648
1 15 -2147483648
1 16 0
1 17 -2147483648
1 18 0
1 19 0
1 20 2
1 21 -2147483648
1 22 0
1 23 0
1 24 1
1 25 1
1 26 0
1 27 2
1 28 -2147483648
1 29 -2147483648
2 0 0
2 1 0
2 3 -2147483648
2 4 0
2 5 1
2 6 0
2 7 -2147483648
2 8 -2147483648
2 9 -2147483648
2 10 0
2 11 -2147483648
2 12 -2147483648
2 13 -2147483648
2 14 0
2 15 0
2 16 0
2 17 1
2 18 0
2 19 0
2 20 0
2 21 -2147483648
2 22 0
2 23 0
2 24 0
2 25 0
2 26 0
2 27 0
2 28 0
2 29 2
3 0 -2147483648
3 1 -2147483648
3 2 -2147483648
3 4 2
3 5 -2147483648
3 6 0
3 7 0
3 8 -2147483648
3 9 -2147483648
3 10 -2147483648
3 11 2
3 12 -2147483648
3 13 -2147483648
3 14 -2147483648
3 15 3
3 16 0
3 17 -2147483648
3 18 2
3 19 -2147483648
3 20 -2147483648
3 21 -2147483648
3 22 -2147483648
3 23 -2147483648
3 24 -2147483648
3 25 -2147483648
3 26 0
3 27 -2147483648
3 28 3
3 29 -2147483648
4 0 0
4 1 0
4 2 0
4 3 2
4 5 -2147483648
4 6 0
4 7 0
4 8 0
4 9 0
4 10 -2147483648
4 11 3
4 12 0
4 13 0
4 14 0
4 15 -2147483648
4 16 1
4 17 -2147483648
4 18 2
4 19 -2147483648
4 20 -2147483648
4 21 -2147483648
4 22 -2147483648
4 23 -2147483648
4 24 -2147483648
4 25 -2147483648
4 26 0
4 27 0
4 28 2
4 29 0
5 0 -2147483648
5 1 -2147483648
5 2 1
5 3 -2147483648
5 4 -2147483648
5 6 0
5 7 0
5 8 1
5 9 -2147483648
5 10 -2147483648
5 11 -2147483648
5 12 1
5 13 1
5 14 -2147483648
5 15 -2147483648
5 16 0
5 17 3
5 18 -2147483648
5 19 -2147483648
5 20 -2147483648
5 21 3
5 22 -2147483648
5 23 -2147483648
5 24 -2147483648
5 25 -2147483648
5 26 0
5 27 -2147483648
5 28 -2147483648
5 29 2
6 0 1
6 1 0
6 2 0
6 3 0
6 4 0
6 5 0
6 7 -2147483648
6 8 0
6 9 0
6 10 2
6 11 0
6 12 0
6 13 0
6 14 0
6 15 0
6 16 0
6 17 0
6 18 0
6 19 0
6 20 0
6 21 0
6 22 0
6 23 0
6 24 0
6 25 0
6 26 -2147483648
6 27 0
6 28 0
6 29 0
7 0 1
7 1 -2147483648
7 2 -2147483648
7 3 0
7 4 0
7 5 0
7 6 -2147483648
7 8 -2147483648
7 9 0
7 10 -2147483648
7 11 1
7 12 -2147483648
7 13 1
7 14 0
7 15 0
7 16 0
7 17 0
7 18 0
7 19 0
7 20 0
7 21 -2147483648
7 22 0
7 23 0
7 24 0
7 25 0
7 26 2
7 27 0
7 28 0
7 29 -2147483648
8 0 0
8 1 0
8 2 -2147483648
8 3 -2147483648
8 4 0
8 5 1
8 6 0
8 7 -2147483648
8 9 -2147483648
8 10 0
8 11 -2147483648
8 12 2
8 13 -2147483648
8 14 0
8 15 0
8 16 0
8 17 1
8 18 0
8 19 0
8 20 0
8 21 2
8 22 0
8 23 0
8 24 0
8 25 0
8 26 0
8 27 0
8 28 0
8 29 -2147483648
9 0 -2147483648
9 1 2
9 2 -2147483648
9 3 -2147483648
9 4 0
9 5 -2147483648
9 6 0
9 7 0
9 8 -2147483648
9 10 0
9 11 0
9 12 -2147483648
9 13 -2147483648
9 14 -2147483648
9 15 -2147483648
9 16 0
9 17 -2147483648
9 18 0
9 19 0
9 20 2
9 21 -2147483648
9 22 0
9 23 0
9 24 1
9 25 1
9 26 0
9 27 2
9 28 -2147483648
9 29 -2147483648
10 0 1
10 1 0
10 2 0
10 3 -2147483648
10 4 -2147483648
10 5 -2147483648
10 6 2
10 7 -2147483648
10 8 0
10 9 0
10 11 -2147483648
10 12 0
10 13 0
10 14 0
10 15 -2147483648
10 16 0
10 17 -2147483648
10 18 -2147483648
10 19 -2147483648
10 20 -2147483648
10 21 -2147483648
10 22 2
10 23 -2147483648
10 24 -2147483648
10 25 -2147483648
10 26 -2147483648
10 27 0
10 28 -2147483648
10 29 0
11 0 0
11 1 0
11 2 -2147483648
11 3 2
11 4 3
11 5 -2147483648
11 6 0
11 7 1
11 8 -2147483648
11 9 0
11 10 -2147483648
11 12 -2147483648
11 13 1
11 14 0
11 15 -2147483648
11 16 1
11 17 -2147483648
11 18 2
11 19 -2147483648
11 20 -2147483648
11 21 -2147483648
11 22 -2147483648
11 23 -2147483648
11 24 -2147483648
11 25 -2147483648
11 26 0
11 27 0
11 28 2
11 29 -2147483648
12 0 0
12 1 1
12 2 -2147483648
12 3 -2147483648
12 4 0
12 5 1
12 6 0
12 7 -2147483648
12 8 2
12 9 -2147483648
12 10 0
12 11 -2147483648
12 13 -2147483648
12 14 0
12 15 0
12 16 0
12 17 1
12 18 0
12 19 0
12 20 0
12 21 2
12 22 0
12 23 0
12 24 0
12 25 0
12 26 0
12 27 0
12 28 0
12 29 -2147483648
13 0 0
13 1 0
13 2 -2147483648
13 3 -2147483648
13 4 0
13 5 1
13 6 0
13 7 1
13 8 -2147483648
13 9 -2147483648
13 10 0
13 11 1
13 12 -2147483648
13 14 0
13 15 0
13 16 0
13 17 1
13 18 0
13 19 0
13 20 0
13 21 -2147483648
13 22 0
13 23 0
13 24 0
13 25 0
13 26 0
13 27 0
13 28 0
13 29 -2147483648
14 0 -2147483648
14 1 -2147483648
14 2 0
14 3 -2147483648
14 4 0
14 5 -2147483648
14 6 0
14 7 0
14 8 0
14 9 -2147483648
14 10 0
14 11 0
14 12 0
14 13 0
14 15 -2147483648
14 16 0
14 17 -2147483648
14 18 0
14 19 0
14 20 -2147483648
14 21 -2147483648
14 22 0
14 23 0
14 24 -2147483648
14 25 -2147483648
14 26 -2147483648
14 27 -2147483648
14 28 -2147483648
14 29 -2147483648
15 0 -2147483648
15 1 -2147483648
15 2 0
15 3 3
15 4 -2147483648
15 5 -2147483648
15 6 0
15 7 0
15 8 0
15 9 -2147483648
15 10 -2147483648
15 11 -2147483648
15 12 0
15 13 0
15 14 -2147483648
15 16 -2147483648
15 17 -2147483648
15 18 2
15 19 -2147483648
15 20 -2147483648
15 21 -2147483648
15 22 -2147483648
15 23 -2147483648
15 24 -2147483648
15 25 -2147483648
15 26 0
15 27 -2147483648
15 28 3
15 29 -2147483648
16 0 0
16 1 0
16 2 0
16 3 0
16 4 1
16 5 0
16 6 0
16 7 0
16 8 0
16 9 0
16 10 0
16 11 1
16 12 0
16 13 0
16 14 0
16 15 -2147483648
16 17 -2147483648
16 18 0
16 19 0
16 20 0
16 21 0
16 22 0
16 23 0
16 24 0
16 25 0
16 26 0
16 27 0
16 28 0
16 29 0
17 0 -2147483648
17 1 -2147483648
17 2 1
17 3 -2147483648
17 4 -2147483648
17 5 3
17 6 0
17 7 0
17 8 1
17 9 -2147483648
17 10 -2147483648
17 11 -2147483648
17 12 1
17 13 1
17 14 -2147483648
17 15 -2147483648
17 16 -2147483648
17 18 -2147483648
17 19 -2147483648
17 20 -2147483648
17 21 3
17 22 -2147483648
17 23 -2147483648
17 24 -2147483648
17 25 -2147483648
17 26 0
17 27 -2147483648
17 28 -2147483648
17 29 2
18 0 0
18 1 0
18 2 0
18 3 2
18 4 2
18 5 -2147483648
18 6 0
18 7 0
18 8 0
18 9 0
18 10 -2147483648
18 11 2
18 12 0
18 13 0
18 14 0
18 15 2
18 16 0
18 17 -2147483648
18 19 -2147483648
18 20 -2147483648
18 21 -2147483648
18 22 -2147483648
18 23 -2147483648
18 24 -2147483648
18 25 -2147483648
18 26 0
18 27 0
18 28 2
18 29 0
19 0 0
19 1 0
19 2 0
19 3 -2147483648
19 4 -2147483648
19 5 -2147483648
19 6 0
19 7 0
19 8 0
19 9 0
19 10 -2147483648
19 11 -2147483648
19 12 0
19 13 0
19 14 0
19 15 -2147483648
19 16 0
19 17 -2147483648
19 18 -2147483648
19 20 -2147483648
19 21 -2147483648
19 22 -2147483648
19 23 -2147483648
19 24 -2147483648
19 25 -2147483648
19 26 0
19 27 0
19 28 -2147483648
19 29 0
20 0 -2147483648
20 1 2
20 2 0
20 3 -2147483648
20 4 -2147483648
20 5 -2147483648
20 6 0
20 7 0
20 8 0
20 9 2
20 10 -2147483648
20 11 -2147483648
20 12 0
20 13 0
20 14 -2147483648
20 15 -2147483648
20 16 0
20 17 -2147483648
20 18 -2147483648
20 19 -2147483648
20 21 -2147483648
20 22 -2147483648
20 23 -2147483648
20 24 2
20 25 2
20 26 0
20 27 2
20 28 -2147483648
20 29 -2147483648
21 0 -2147483648
21 1 -2147483648
21 2 -2147483648
21 3 -2147483648
21 4 -2147483648
21 5 3
21 6 0
21 7 -2147483648
21 8 2
21 9 -2147483648
21 10 -2147483648
21 11 -2147483648
21 12 2
21 13 -2147483648
21 14 -2147483648
21 15 -2147483648
21 16 0
21 17 3
21 18 -2147483648
21 19 -2147483648
21 20 -2147483648
21 22 -2147483648
21 23 -2147483648
21 24 -2147483648
21 25 -2147483648
21 26 0
21 27 -2147483648
21 28 -2147483648
21 29 -2147483648
22 0 0
22 1 0
22 2 0
22 3 -2147483648
22 4 -2147483648
22 5 -2147483648
22 6 0
22 7 0
22 8 0
22 9 0
22 10 2
22 11 -2147483648
22 12 0
22 13 0
22 14 0
22 15 -2147483648
22 16 0
22 17 -2147483648
22 18 -2147483648
22 19 -2147483648
22 20 -2147483648
22 21 -2147483648
22 23 -2147483648
22 24 -2147483648
22 25 -2147483648
22 26 0
22 27 0
22 28 -2147483648
22 29 0
23 0 0
23 1 0
23 2 0
23 3 -2147483648
23 4 -2147483648
23 5 -2147483648
23 6 0
23 7 0
23 8 0
23 9 0
23 10 -2147483648
23 11 -2147483648
23 12 0
23 13 0
23 14 0
23 15 -2147483648
23 16 0
23 17 -2147483648
23 18 -2147483648
23 19 -2147483648
23 20 -2147483648
23 21 -2147483648
23 22 -2147483648
23 24 -2147483648
23 25 -2147483648
23 26 0
23 27 0
23 28 -2147483648
23 29 0
24 0 -2147483648
24 1 1
24 2 0
24 3 -2147483648
24 4 -2147483648
24 5 -2147483648
24 6 0
24 7 0
24 8 0
24 9 1
24 10 -2147483648
24 11 -2147483648
24 12 0
24 13 0
24 14 -2147483648
24 15 -2147483648
24 16 0
24 17 -2147483648
24 18 -2147483648
24 19 -2147483648
24 20 2
24 21 -2147483648
24 22 -2147483648
24 23 -2147483648
24 25 -2147483648
24 26 0
24 27 1
24 28 -2147483648
24 29 -2147483648
25 0 -2147483648
25 1 1
25 2 0
25 3 -2147483648
25 4 -2147483648
25 5 -2147483648
25 6 0
25 7 0
25 8 0
25 9 1
25 10 -2147483648
25 11 -2147483648
25 12 0
25 13 0
25 14 -2147483648
25 15 -2147483648
25 16 0
25 17 -2147483648
25 18 -2147483648
25 19 -2147483648
25 20 2
25 21 -2147483648
25 22 -2147483648
25 23 -2147483648
25 24 -2147483648
25 26 0
25 27 1
25 28 -2147483648
25 29 -2147483648
26 0 2
26 1 0
26 2 0
26 3 0
26 4 0
26 5 0
26 6 -2147483648
26 7 2
26 8 0
26 9 0
26 10 -2147483648
26 11 0
26 12 0
26 13 0
26 14 -2147483648
26 15 0
26 16 0
26 17 0
26 18 0
26 19 0
26 20 0
26 21 0
26 22 0
26 23 0
26 24 0
26 25 0
26 27 -2147483648
26 28 0
26 29 0
27 0 -2147483648
27 1 2
27 2 0
27 3 -2147483648
27 4 0
27 5 -2147483648
27 6 0
27 7 0
27 8 0
27 9 2
27 10 0
27 11 0
27 12 0
27 13 0
27 14 -2147483648
27 15 -2147483648
27 16 0
27 17 -2147483648
27 18 0
27 19 0
27 20 2
27 21 -2147483648
27 22 0
27 23 0
27 24 1
27 25 1
27 26 -2147483648
27 28 -2147483648
27 29 -2147483648
28 0 -2147483648
28 1 -2147483648
28 2 0
28 3 3
28 4 2
28 5 -2147483648
28 6 0
28 7 0
28 8 0
28 9 -2147483648
28 10 -2147483648
28 11 2
28 12 0
28 13 0
28 14 -2147483648
28 15 3
28 16 0
28 17 -2147483648
28 18 2
28 19 -2147483648
28 20 -2147483648
28 21 -2147483648
28 22 -2147483648
28 23 -2147483648
28 24 -2147483648
28 25 -2147483648
28 26 0
28 27 -2147483648
28 29 -2147483648
29 0 -2147483648
29 1 -2147483648
29 2 2
29 3 -2147483648
29 4 0
29 5 2
29 6 0
29 7 -2147483648
29 8 -2147483648
29 9 -2147483648
29 10 0
29 11 -2147483648
29 12 -2147483648
29 13 -2147483648
29 14 -2147483648
29 15 -2147483648
29 16 0
29 17 2
29 18 0
29 19 0
29 20 -2147483648
29 21 -2147483648
29 22 0
29 23 0
29 24 -2147483648
29 25 -2147483648
29 26 0
29 27 -2147483648
29 28 -2147483648
