10 11 8 13 14 15 16 18 19 21 22 
10 11 8 13 14 15 16 18 19 21 
10 9 8 7 6 15 17 20 19 27 40 41 
6 15 17 20 19 27 40 41 
27 28 29 38 37 36 43 45 44 
20 19 27 28 29 38 37 36 43 
32 37 38 43 44 42 
7 14 33 32 37 38 43 44 42 
15 14 33 32 37 38 
18 30 31 32 37 38 
16 15 14 33 32 31 30 
16 15 14 33 32 
14 13 34 35 36 
23 22 21 20 17 15 14 13 34 35 
20 21 24 26 25 41 
19 20 21 24 26 
20 17 18 30 
13 14 15 17 18 30 29 
7 6 15 16 31 38 37 32 
30 18 19 21 26 27 40 
10 11 8 13 14 15 16 18 19 21 22 
10 11 8 13 14 15 16 18 19 21 
32 33 34 42 
10 9 8 7 6 15 17 20 19 27 40 41 
6 15 17 20 19 27 40 41 
14 13 34 35 36 
27 28 29 38 37 36 43 45 44 
20 19 27 28 29 38 37 36 43 
15 17 18 30 31 32 37 38 
18 30 31 32 37 38 
20 19 27 40 41 
16 15 14 33 32 31 30 
16 15 14 33 32 
19 21 26 
7 14 33 32 
7 14 33 32 37 38 43 44 42 
20 17 18 30 
13 34 35 36 43 38 29 
23 22 21 20 17 15 14 13 34 35 
30 18 19 21 26 27 40 
10 11 8 13 14 15 16 18 19 21 22 
10 11 8 13 14 15 16 18 19 21 
10 9 8 7 6 15 17 20 19 27 40 41 
6 15 17 20 19 27 40 41 
27 28 29 38 37 36 43 45 44 
20 19 27 28 29 38 37 36 43 
32 37 38 43 44 42 
7 14 33 32 37 38 43 44 42 
15 14 33 32 37 38 
18 30 31 32 37 38 
16 15 14 33 32 31 30 
16 15 14 33 32 
14 13 34 35 36 
23 22 21 20 17 15 14 13 34 35 
20 21 24 26 25 41 
19 20 21 24 26 
20 17 18 30 
13 14 15 17 18 30 29 
7 6 15 16 31 38 37 32 
30 18 19 21 26 27 40 
13 34 33 32 37 38 29 28 27 26 
13 34 33 32 37 38 29 28 
17 18 19 27 26 24 
24 21 19 18 30 29 
24 21 19 18 30 29 38 43 36 
6 15 16 31 38 43 36 37 
13 14 15 16 31 38 43 36 
9 10 11 12 13 14 15 16 31 38 37 36 42 
15 16 31 38 37 36 
24 26 27 40 39 
23 24 26 27 40 39 38 43 45 
6 5 4 17 18 30 29 28 
18 30 29 28 27 26 25 41 
36 42 34 33 32 37 
29 38 37 36 42 34 33 
18 19 21 26 27 40 39 
22 23 24 26 27 40 39 29 
10 11 8 13 14 15 16 18 19 21 22 
10 11 8 13 14 15 16 18 19 21 
10 9 8 7 6 15 17 20 19 27 40 41 
6 15 17 20 19 27 40 41 
27 28 29 38 37 36 43 45 44 
20 19 27 28 29 38 37 36 43 
32 37 38 43 44 42 
7 14 33 32 37 38 43 44 42 
15 14 33 32 37 38 
18 30 31 32 37 38 
16 15 14 33 32 31 30 
16 15 14 33 32 
14 13 34 35 36 
23 22 21 20 17 15 14 13 34 35 
20 21 24 26 25 41 
19 20 21 24 26 
20 17 18 30 
13 14 15 17 18 30 29 
7 6 15 16 31 38 37 32 
30 18 19 21 26 27 40 
10 11 8 7 14 33 32 31 38 43 45 46 
9 10 11 8 7 14 33 32 31 38 43 45 46 
21 19 18 16 31 38 
23 24 25 41 40 39 38 37 36 35 
1 23 24 25 41 40 39 38 37 36 35 
4 17 20 3 2 1 23 24 
13 14 33 32 37 36 35 34 
10 11 8 13 14 15 16 18 19 21 22 
10 11 8 13 14 15 16 18 19 21 
2 3 20 19 21 
20 19 18 30 29 39 38 37 36 43 
20 19 18 30 29 39 38 37 36 43 
9 10 11 12 13 14 15 16 31 38 37 36 42 
20 19 18 30 29 39 38 37 36 43 
20 19 18 30 29 39 38 37 36 43 
12 11 8 7 14 33 32 31 38 39 40 41 25 
20 19 18 30 29 39 38 37 36 43 
20 19 18 30 29 39 38 37 36 43 
10 11 12 13 14 15 16 18 19 21 24 25 41 
20 19 18 30 29 39 38 37 36 43 
20 19 18 30 29 39 38 37 36 43 
23 22 21 20 17 15 14 13 34 42 44 45 
20 19 18 30 29 39 38 37 36 43 
20 19 18 30 29 39 38 37 36 43 
3 20 17 15 14 33 34 13 8 11 10 9 
20 19 18 30 29 39 38 37 36 43 
20 19 18 30 29 39 38 37 36 43 
9 10 11 12 13 14 33 32 37 38 31 
20 19 18 30 29 39 38 37 36 43 
20 19 18 30 29 39 38 37 36 43 
11 12 13 14 15 16 18 19 21 26 27 
20 19 18 30 29 39 38 37 36 43 
20 19 18 30 29 39 38 37 36 43 
2 3 4 17 15 14 13 34 42 44 46 
20 19 18 30 29 39 38 37 36 43 
20 19 18 30 29 39 38 37 36 43 
13 8 7 6 15 16 18 19 27 26 
20 19 18 30 29 39 38 37 36 43 
20 19 18 30 29 39 38 37 36 43 
24 25 41 40 27 28 29 38 43 36 
20 19 18 30 29 39 38 37 36 43 
20 19 18 30 29 39 38 37 36 43 
11 12 13 14 33 34 35 36 43 45 
20 19 18 30 29 39 38 37 36 43 
20 19 18 30 29 39 38 37 36 43 
20 19 18 30 29 39 38 37 36 43 
11 12 13 14 33 32 37 38 29 30 
10 11 12 13 14 33 32 37 38 29 
4 17 15 14 33 32 
26 24 21 20 17 15 14 13 34 35 
24 21 20 17 15 14 13 34 35 
29 30 31 32 33 14 13 34 35 
3 20 19 27 40 39 38 43 44 
3 20 19 27 40 39 38 43 44 
27 28 29 38 37 32 33 34 42 44 
3 20 19 27 40 39 38 43 44 
3 20 19 27 40 39 38 43 44 
20 19 18 30 29 39 38 37 36 43 
3 20 19 27 40 39 38 43 44 
3 20 19 27 40 39 38 43 44 
6 5 4 3 20 21 24 26 25 41 
37 38 43 
3 20 19 27 40 39 38 43 44 
3 20 19 27 40 39 38 43 44 
10 11 8 7 6 15 14 33 34 13 
3 20 19 27 40 39 38 43 44 
3 20 19 27 40 39 38 43 44 
2 22 21 20 17 15 14 13 8 7 
3 20 19 27 40 39 38 43 44 
3 20 19 27 40 39 38 43 44 
5 6 15 16 18 19 21 24 25 41 
33 32 31 38 43 
3 20 19 27 40 39 38 43 44 
3 20 19 27 40 39 38 43 44 
8 13 14 15 16 18 19 21 26 27 
3 20 19 27 40 39 38 43 44 
3 20 19 27 40 39 38 43 44 
6 7 14 15 16 31 38 29 28 
3 20 19 27 40 39 38 43 44 
3 20 19 27 40 39 38 43 44 
5 4 17 15 14 13 8 7 6 
3 20 19 27 40 39 38 43 44 
3 20 19 27 40 39 38 43 44 
3 4 17 15 14 13 34 42 44 
4 17 15 14 13 8 7 6 5 
4 17 15 14 13 8 7 6 
17 18 30 29 38 37 36 35 
17 18 30 29 38 37 36 35 
16 31 38 39 40 27 26 25 41 
17 18 30 29 38 37 36 35 
17 18 30 29 38 37 36 35 
8 7 6 15 14 33 34 13 12 
22 21 19 18 30 29 
13 34 33 32 37 38 29 28 27 26 
13 34 33 32 37 38 29 28 
17 18 19 27 26 24 
24 21 19 18 30 29 
24 21 19 18 30 29 38 43 36 
6 15 16 31 38 43 36 37 
13 14 15 16 31 38 43 36 
9 10 11 12 13 14 15 16 31 38 37 36 42 
15 16 31 38 37 36 
24 26 27 40 39 
23 24 26 27 40 39 38 43 45 
6 5 4 17 18 30 29 28 
18 30 29 28 27 26 25 41 
36 42 34 33 32 37 
29 38 37 36 42 34 33 
18 19 21 26 27 40 39 
22 23 24 26 27 40 39 29 
13 34 33 32 37 38 29 28 27 26 
13 34 33 32 37 38 29 28 
17 18 19 27 26 24 
24 21 19 18 30 29 
24 21 19 18 30 29 38 43 36 
6 15 16 31 38 43 36 37 
13 14 15 16 31 38 43 36 
9 10 11 12 13 14 15 16 31 38 37 36 42 
15 16 31 38 37 36 
24 26 27 40 39 
23 24 26 27 40 39 38 43 45 
6 5 4 17 18 30 29 28 
18 30 29 28 27 26 25 41 
36 42 34 33 32 37 
29 38 37 36 42 34 33 
18 19 21 26 27 40 39 
22 23 24 26 27 40 39 29 
