9 10 11 12 13 14 15 16 31 38 37 36 42 
10 11 12 13 14 33 34 35 36 43 45 46 
23 22 21 20 17 15 14 13 34 42 44 45 
13 8 7 6 15 16 18 19 27 26 
24 25 41 40 27 28 29 38 43 36 
13 14 33 32 37 38 43 36 
6 7 14 15 16 31 38 29 28 
24 25 41 40 39 38 29 
5 4 17 15 14 13 8 7 6 
15 16 18 30 29 38 43 36 
22 21 19 18 30 29 
6 15 16 31 38 43 36 37 
24 25 41 40 27 28 29 39 
13 14 15 17 20 19 27 28 
18 30 29 28 27 26 25 41 
18 19 21 26 27 40 39 
17 18 19 21 26 25 24 
7 6 15 17 18 
29 38 37 36 35 34 33 
36 43 38 31 32 37 
9 10 11 12 13 14 15 16 31 38 37 36 42 
10 11 12 13 14 33 34 35 36 43 45 46 
23 22 21 20 17 15 14 13 34 42 44 45 
13 8 7 6 15 16 18 19 27 26 
24 25 41 40 27 28 29 38 43 36 
13 14 33 32 37 38 43 36 
6 7 14 15 16 31 38 29 28 
24 25 41 40 39 38 29 
5 4 17 15 14 13 8 7 6 
15 16 18 30 29 38 43 36 
22 21 19 18 30 29 
6 15 16 31 38 43 36 37 
24 25 41 40 27 28 29 39 
13 14 15 17 20 19 27 28 
18 30 29 28 27 26 25 41 
18 19 21 26 27 40 39 
17 18 19 21 26 25 24 
7 6 15 17 18 
29 38 37 36 35 34 33 
36 43 38 31 32 37 
10 11 12 13 14 15 16 18 19 21 24 25 41 
10 11 12 13 14 15 16 31 30 18 19 21 
10 11 12 13 14 15 16 18 19 21 22 
27 28 29 38 37 32 33 34 42 44 
20 19 18 30 29 39 38 37 36 43 
6 5 4 3 20 21 24 26 25 41 
23 22 21 20 17 15 14 13 34 35 
7 14 15 16 31 38 37 36 42 
7 6 15 16 31 38 37 32 
15 17 20 19 27 40 39 38 
16 31 32 37 38 29 30 
20 21 22 23 24 25 41 
16 15 14 13 34 33 32 
30 18 19 21 26 27 40 
20 21 19 18 16 31 30 
13 14 15 17 18 30 29 
14 33 32 37 38 43 36 
18 30 31 32 37 38 
19 20 21 22 23 24 26 
32 37 38 43 44 42 
10 11 8 13 14 15 16 18 19 21 22 
10 11 8 13 14 15 16 18 19 21 
10 9 8 7 6 15 17 20 19 27 40 41 
6 15 17 20 19 27 40 41 
27 28 29 38 37 36 43 45 44 
20 19 27 28 29 38 37 36 43 
32 37 38 43 44 42 
7 14 33 32 37 38 43 44 42 
15 14 33 32 37 38 
18 30 31 32 37 38 
16 15 14 33 32 31 30 
16 15 14 33 32 
14 13 34 35 36 
23 22 21 20 17 15 14 13 34 35 
20 21 24 26 25 41 
19 20 21 24 26 
20 17 18 30 
13 14 15 17 18 30 29 
