0 1 -2147483648
0 2 -2147483648
0 3 -2147483648
0 4 -2147483648
0 5 -2147483648
0 6 -2147483648
0 7 -2147483648
0 8 -2147483648
0 9 -2147483648
0 10 0
0 11 -2147483648
0 12 0
0 13 -2147483648
0 14 0
0 15 0
0 16 0
0 17 -2147483648
0 18 -2147483648
0 19 -2147483648
1 0 -2147483648
1 2 -2147483648
1 3 -2147483648
1 4 -2147483648
1 5 -2147483648
1 6 -2147483648
1 7 0
1 8 -2147483648
1 9 -2147483648
1 10 0
1 11 -2147483648
1 12 0
1 13 -2147483648
1 14 0
1 15 0
1 16 0
1 17 0
1 18 -2147483648
1 19 -2147483648
2 0 -2147483648
2 1 -2147483648
2 3 -2147483648
2 4 0
2 5 -2147483648
2 6 -2147483648
2 7 0
2 8 -2147483648
2 9 -2147483648
2 10 -2147483648
2 11 -2147483648
2 12 0
2 13 -2147483648
2 14 0
2 15 -2147483648
2 16 -2147483648
2 17 -2147483648
2 18 -2147483648
2 19 0
3 0 -2147483648
3 1 -2147483648
3 2 -2147483648
3 4 -2147483648
3 5 -2147483648
3 6 -2147483648
3 7 0
3 8 -2147483648
3 9 -2147483648
3 10 -2147483648
3 11 -2147483648
3 12 -2147483648
3 13 -2147483648
3 14 -2147483648
3 15 -2147483648
3 16 -2147483648
3 17 -2147483648
3 18 0
3 19 0
4 0 -2147483648
4 1 -2147483648
4 2 0
4 3 -2147483648
4 5 2
4 6 -2147483648
4 7 -2147483648
4 8 0
4 9 3
4 10 0
4 11 2
4 12 -2147483648
4 13 1
4 14 -2147483648
4 15 -2147483648
4 16 -2147483648
4 17 0
4 18 -2147483648
4 19 -2147483648
5 0 -2147483648
5 1 -2147483648
5 2 -2147483648
5 3 -2147483648
5 4 2
5 6 -2147483648
5 7 -2147483648
5 8 -2147483648
5 9 2
5 10 0
5 11 2
5 12 0
5 13 -2147483648
5 14 0
5 15 0
5 16 0
5 17 0
5 18 -2147483648
5 19 -2147483648
6 0 -2147483648
6 1 -2147483648
6 2 -2147483648
6 3 -2147483648
6 4 -2147483648
6 5 -2147483648
6 7 1
6 8 -2147483648
6 9 -2147483648
6 10 0
6 11 -2147483648
6 12 -2147483648
6 13 -2147483648
6 14 1
6 15 0
6 16 0
6 17 -2147483648
6 18 -2147483648
6 19 -2147483648
7 0 -2147483648
7 1 0
7 2 0
7 3 0
7 4 -2147483648
7 5 -2147483648
7 6 1
7 8 0
7 9 -2147483648
7 10 0
7 11 -2147483648
7 12 -2147483648
7 13 0
7 14 1
7 15 1
7 16 -2147483648
7 17 0
7 18 -2147483648
7 19 -2147483648
8 0 -2147483648
8 1 -2147483648
8 2 -2147483648
8 3 -2147483648
8 4 0
8 5 -2147483648
8 6 -2147483648
8 7 0
8 9 -2147483648
8 10 0
8 11 -2147483648
8 12 0
8 13 -2147483648
8 14 0
8 15 0
8 16 -2147483648
8 17 -2147483648
8 18 0
8 19 0
9 0 -2147483648
9 1 -2147483648
9 2 -2147483648
9 3 -2147483648
9 4 3
9 5 2
9 6 -2147483648
9 7 -2147483648
9 8 -2147483648
9 10 2
9 11 -2147483648
9 12 -2147483648
9 13 -2147483648
9 14 -2147483648
9 15 -2147483648
9 16 -2147483648
9 17 -2147483648
9 18 -2147483648
9 19 -2147483648
10 0 0
10 1 0
10 2 -2147483648
10 3 -2147483648
10 4 0
10 5 0
10 6 0
10 7 0
10 8 0
10 9 2
10 11 0
10 12 0
10 13 -2147483648
10 14 2
10 15 -2147483648
10 16 -2147483648
10 17 0
10 18 0
10 19 0
11 0 -2147483648
11 1 -2147483648
11 2 -2147483648
11 3 -2147483648
11 4 2
11 5 2
11 6 -2147483648
11 7 -2147483648
11 8 -2147483648
11 9 -2147483648
11 10 0
11 12 0
11 13 -2147483648
11 14 0
11 15 0
11 16 0
11 17 -2147483648
11 18 -2147483648
11 19 -2147483648
12 0 0
12 1 0
12 2 0
12 3 -2147483648
12 4 -2147483648
12 5 0
12 6 -2147483648
12 7 -2147483648
12 8 0
12 9 -2147483648
12 10 0
12 11 0
12 13 1
12 14 -2147483648
12 15 -2147483648
12 16 -2147483648
12 17 0
12 18 -2147483648
12 19 0
13 0 -2147483648
13 1 -2147483648
13 2 -2147483648
13 3 -2147483648
13 4 1
13 5 -2147483648
13 6 -2147483648
13 7 0
13 8 -2147483648
13 9 -2147483648
13 10 -2147483648
13 11 -2147483648
13 12 1
13 14 -2147483648
13 15 -2147483648
13 16 -2147483648
13 17 -2147483648
13 18 0
13 19 0
14 0 0
14 1 0
14 2 0
14 3 -2147483648
14 4 -2147483648
14 5 0
14 6 1
14 7 1
14 8 0
14 9 -2147483648
14 10 2
14 11 0
14 12 -2147483648
14 13 -2147483648
14 15 -2147483648
14 16 -2147483648
14 17 0
14 18 -2147483648
14 19 0
15 0 0
15 1 0
15 2 -2147483648
15 3 -2147483648
15 4 -2147483648
15 5 0
15 6 0
15 7 1
15 8 0
15 9 -2147483648
15 10 -2147483648
15 11 0
15 12 -2147483648
15 13 -2147483648
15 14 -2147483648
15 16 -2147483648
15 17 0
15 18 0
15 19 0
16 0 0
16 1 0
16 2 -2147483648
16 3 -2147483648
16 4 -2147483648
16 5 0
16 6 0
16 7 -2147483648
16 8 -2147483648
16 9 -2147483648
16 10 -2147483648
16 11 0
16 12 -2147483648
16 13 -2147483648
16 14 -2147483648
16 15 -2147483648
16 17 1
16 18 0
16 19 0
17 0 -2147483648
17 1 0
17 2 -2147483648
17 3 -2147483648
17 4 0
17 5 0
17 6 -2147483648
17 7 0
17 8 -2147483648
17 9 -2147483648
17 10 0
17 11 -2147483648
17 12 0
17 13 -2147483648
17 14 0
17 15 0
17 16 1
17 18 0
17 19 0
18 0 -2147483648
18 1 -2147483648
18 2 -2147483648
18 3 0
18 4 -2147483648
18 5 -2147483648
18 6 -2147483648
18 7 -2147483648
18 8 0
18 9 -2147483648
18 10 0
18 11 -2147483648
18 12 -2147483648
18 13 0
18 14 -2147483648
18 15 0
18 16 0
18 17 0
18 19 -2147483648
19 0 -2147483648
19 1 -2147483648
19 2 0
19 3 0
19 4 -2147483648
19 5 -2147483648
19 6 -2147483648
19 7 -2147483648
19 8 0
19 9 -2147483648
19 10 0
19 11 -2147483648
19 12 0
19 13 0
19 14 0
19 15 0
19 16 0
19 17 0
19 18 -2147483648
