1 23 24 26 21 22 2 
1 23 24 21 20 3 
1 23 24 26 21 20 17 4 
1 23 24 21 19 20 17 15 6 5 
1 2 3 4 5 6 
1 23 22 21 20 17 15 14 7 
1 23 24 21 20 17 15 14 13 8 
1 23 24 21 19 18 16 15 14 13 8 11 10 9 
1 23 22 21 20 17 15 14 13 12 11 10 
1 23 24 21 19 18 16 15 14 13 12 11 
1 23 24 21 19 18 16 15 6 7 8 11 12 
1 23 24 21 19 18 16 31 32 33 34 13 
1 23 22 21 19 18 16 31 32 33 14 
1 23 22 21 20 17 18 16 15 
1 2 3 4 5 6 7 8 9 10 11 12 13 14 15 16 
1 2 3 4 5 6 7 8 9 10 11 12 13 14 15 17 
1 2 3 4 17 15 16 18 
1 2 3 20 21 26 27 19 
1 2 3 20 
1 2 3 4 17 20 21 
1 23 22 
1 2 22 23 
1 23 24 
1 2 3 20 21 24 26 25 
1 2 22 21 26 
1 2 22 21 19 27 
1 23 24 26 27 28 
1 23 24 26 27 28 29 
1 2 3 4 5 6 7 8 9 10 11 12 13 14 15 16 18 19 20 21 22 23 24 25 26 27 28 29 30 
1 2 3 4 17 18 30 31 
1 2 3 4 5 6 7 14 33 32 
1 23 22 21 20 17 18 16 31 32 33 
1 23 24 21 19 18 30 31 32 33 34 
1 23 24 26 27 28 29 38 43 36 35 
1 2 3 4 17 15 16 31 38 43 36 
1 2 3 4 17 18 16 31 32 37 
1 2 3 20 19 18 30 29 38 
1 2 3 4 5 6 7 8 9 10 11 12 13 14 15 16 18 19 20 21 22 23 24 25 26 27 28 29 30 31 32 33 34 35 36 37 38 39 
1 2 22 21 24 25 41 40 
1 2 22 21 20 19 27 40 41 
1 23 24 26 27 40 39 38 43 44 42 
1 2 22 21 19 18 30 29 38 37 36 43 
1 2 3 4 17 15 14 33 34 42 44 
1 2 3 4 5 6 7 8 9 10 11 12 13 14 15 16 18 19 20 21 22 23 24 25 26 27 28 29 30 31 32 33 34 35 36 37 38 43 44 45 
1 2 3 4 17 15 14 13 34 42 44 45 46 
2 22 21 19 20 3 
2 22 23 24 21 20 17 4 
2 3 4 5 
2 3 4 5 6 
2 3 4 5 6 7 
2 22 21 19 18 17 15 14 13 8 
2 3 4 5 6 7 8 9 
2 22 21 20 17 15 14 13 12 11 10 
2 22 21 19 20 17 15 14 13 12 11 
2 3 4 5 6 7 8 9 10 11 12 
2 22 21 19 18 16 31 32 33 34 13 
2 3 4 17 15 14 
2 3 4 17 15 
2 22 21 20 19 18 16 
2 3 4 17 
2 22 21 19 18 
2 3 4 5 6 7 8 9 10 11 12 13 14 15 16 18 19 
2 3 4 5 6 7 8 9 10 11 12 13 14 15 17 18 19 20 
2 1 23 24 26 21 
2 1 23 22 
2 3 20 21 24 23 
2 22 21 26 24 
2 3 20 21 24 26 25 
2 3 20 19 27 26 
2 22 21 24 26 27 
2 22 21 20 17 18 30 29 28 
2 3 4 17 18 30 29 
2 22 21 19 27 28 29 30 
2 3 4 5 6 7 8 9 10 11 12 13 14 15 16 18 19 20 21 22 23 24 25 26 27 28 29 30 31 
2 3 4 5 6 7 8 9 10 11 12 13 14 15 16 18 19 20 21 22 23 24 25 26 27 28 29 30 31 32 
2 22 21 20 19 18 16 31 32 33 
2 22 21 19 18 16 31 32 33 34 
2 22 21 19 18 30 31 38 37 36 35 
2 22 21 19 18 30 29 38 43 36 
2 22 21 19 18 30 29 38 37 
2 22 21 19 27 28 29 38 
2 22 21 26 27 28 29 39 
2 1 23 24 25 41 40 
2 3 4 5 6 7 8 9 10 11 12 13 14 15 17 18 19 20 21 22 23 24 25 26 27 28 29 30 31 32 33 34 35 36 37 38 39 40 41 
2 22 21 19 18 16 31 32 37 36 42 
2 22 21 19 18 30 31 32 37 36 43 
2 22 21 19 18 16 31 38 43 44 
2 3 4 5 6 7 8 9 10 11 12 13 14 15 16 18 19 20 21 22 23 24 25 26 27 28 29 30 31 32 33 34 35 36 37 38 43 44 45 
2 22 21 19 18 30 29 38 43 45 46 
3 2 22 21 20 17 4 
3 4 5 
3 20 17 18 16 15 6 
3 20 19 18 16 15 14 7 
3 4 5 6 7 8 
3 20 17 15 14 33 34 13 8 11 10 9 
3 4 5 6 7 8 9 10 
3 20 17 15 14 13 8 9 10 11 
3 20 17 4 5 6 7 8 9 10 11 12 
3 20 17 18 30 31 32 33 34 13 
3 4 5 6 7 8 9 10 11 12 13 14 
3 20 17 4 5 6 15 
3 20 19 18 16 
3 4 5 6 7 8 9 10 11 12 13 14 15 17 
3 4 5 6 7 8 9 10 11 12 13 14 15 16 18 
3 2 22 21 19 
3 4 5 6 7 8 9 10 11 12 13 14 15 17 18 19 20 
3 4 17 20 19 21 
3 20 21 24 23 22 
3 20 21 26 24 23 
3 2 1 23 24 
3 2 22 21 19 27 26 25 
3 2 22 23 24 26 
3 2 1 23 24 26 27 
3 4 17 18 30 29 28 
3 20 19 27 28 29 
3 20 19 18 16 31 30 
3 20 21 19 18 30 31 
3 20 19 18 30 31 32 
3 20 17 18 16 31 32 33 
3 4 5 6 7 8 9 10 11 12 13 14 15 16 18 19 20 21 22 23 24 25 26 27 28 29 30 31 32 33 34 
3 4 17 15 14 13 34 35 
3 4 17 15 14 13 34 35 36 
3 20 19 27 28 29 38 37 
3 20 19 18 30 29 39 38 
3 4 5 6 7 8 9 10 11 12 13 14 15 16 18 19 20 21 22 23 24 25 26 27 28 29 30 31 32 33 34 35 36 37 38 39 
3 4 5 6 7 8 9 10 11 12 13 14 15 17 18 19 20 21 22 23 24 25 26 27 28 29 30 31 32 33 34 35 36 37 38 39 40 
3 2 22 23 24 25 41 
3 20 19 18 16 31 38 37 36 42 
3 20 17 18 30 29 38 37 36 43 
3 20 19 18 30 29 38 43 44 
3 20 17 18 16 15 14 13 34 42 44 45 
3 20 19 18 16 31 38 43 45 46 
4 3 20 17 15 6 5 
4 17 15 6 
4 17 15 14 7 
4 3 20 17 15 14 13 8 
4 5 6 7 8 9 
4 3 20 17 15 14 13 12 11 10 
4 17 15 14 13 12 11 
4 3 20 19 18 16 15 6 7 8 11 12 
4 17 15 14 13 
4 5 6 7 8 9 10 11 12 13 14 
4 17 15 
4 5 6 15 17 18 16 
4 3 20 17 
4 3 20 19 18 
4 17 20 21 26 27 19 
4 17 15 16 18 19 20 
4 17 20 3 2 22 21 
4 5 6 7 8 9 10 11 12 13 14 15 17 18 19 20 21 22 
4 17 20 21 26 24 23 
4 17 20 3 2 1 23 24 
4 3 20 21 24 25 
4 3 20 21 26 
4 17 18 30 29 28 27 
4 3 20 19 27 28 
4 17 18 30 29 
4 5 6 15 16 31 30 
4 5 6 15 17 18 30 31 
4 3 20 19 18 16 31 32 
4 3 20 17 18 16 31 32 33 
4 3 20 19 18 16 31 32 33 34 
4 17 15 14 13 34 35 
4 5 6 7 14 33 32 37 36 
4 5 6 7 8 9 10 11 12 13 14 15 16 18 19 20 21 22 23 24 25 26 27 28 29 30 31 32 33 34 35 36 37 
4 3 20 17 18 30 29 38 
4 5 6 7 8 9 10 11 12 13 14 15 16 18 19 20 21 22 23 24 25 26 27 28 29 30 31 32 33 34 35 36 37 38 39 
4 3 20 19 27 40 
4 5 6 7 8 9 10 11 12 13 14 15 17 18 19 20 21 22 23 24 25 26 27 28 29 30 31 32 33 34 35 36 37 38 39 40 41 
4 17 15 14 13 34 42 
4 5 6 7 8 9 10 11 12 13 14 15 16 18 19 20 21 22 23 24 25 26 27 28 29 30 31 32 33 34 35 36 37 38 43 
4 17 15 14 13 34 42 44 
4 17 15 16 31 38 43 45 
4 5 6 7 8 9 10 11 12 13 14 15 16 18 19 20 21 22 23 24 25 26 27 28 29 30 31 32 33 34 35 36 37 38 43 44 45 46 
5 4 3 20 17 15 6 
5 4 17 15 14 7 
5 4 17 15 14 13 8 
5 4 17 15 14 13 12 11 10 9 
5 6 7 8 9 10 
5 4 3 20 17 15 14 13 12 11 
5 4 17 18 16 15 14 13 12 
5 4 3 20 17 15 14 13 
5 4 17 15 16 31 32 33 14 
5 4 3 20 17 15 
5 4 17 20 19 18 16 
5 4 17 
5 6 15 17 20 19 18 
5 6 15 16 31 30 18 19 
5 6 15 16 18 19 20 
5 6 7 8 9 10 11 12 13 14 15 17 18 19 20 21 
5 6 15 17 18 19 21 22 
5 6 7 8 9 10 11 12 13 14 15 17 18 19 20 21 22 23 
5 6 15 17 18 19 27 26 24 
5 6 15 17 20 19 21 26 25 
5 4 3 20 21 26 
5 6 15 16 31 38 39 40 27 
5 6 15 16 31 38 39 29 28 
5 6 7 8 9 10 11 12 13 14 15 17 18 19 20 21 22 23 24 25 26 27 28 29 
5 6 7 8 9 10 11 12 13 14 15 17 18 19 20 21 22 23 24 25 26 27 28 29 30 
5 4 3 20 19 18 30 31 
5 6 7 8 9 10 11 12 13 14 15 16 18 19 20 21 22 23 24 25 26 27 28 29 30 31 32 
5 4 17 15 14 7 8 13 34 33 
5 6 7 8 9 10 11 12 13 14 15 16 18 19 20 21 22 23 24 25 26 27 28 29 30 31 32 33 34 
5 6 7 8 9 10 11 12 13 14 15 16 18 19 20 21 22 23 24 25 26 27 28 29 30 31 32 33 34 35 
5 4 17 18 30 29 38 43 36 
5 4 17 18 30 31 38 37 
5 4 17 18 30 29 38 
5 6 15 17 20 19 27 40 39 
5 6 7 8 9 10 11 12 13 14 15 17 18 19 20 21 22 23 24 25 26 27 28 29 30 31 32 33 34 35 36 37 38 39 40 
5 4 3 20 19 27 40 41 
5 4 17 15 16 31 38 37 36 42 
5 4 17 18 30 29 38 37 36 43 
5 4 17 18 16 31 38 43 44 
5 4 17 15 14 13 34 42 44 45 
5 4 17 18 16 31 38 43 45 46 
6 15 14 13 8 7 
6 15 14 13 12 11 8 
6 15 14 13 8 11 10 9 
6 7 8 9 10 
6 5 4 17 15 14 13 12 11 
6 15 14 13 12 
6 15 16 31 32 33 34 13 
6 15 16 31 32 33 14 
6 7 8 9 10 11 12 13 14 15 
6 5 4 17 18 16 
6 7 14 15 16 18 17 
6 7 14 15 16 31 30 18 
6 15 17 20 19 
6 5 4 3 2 22 21 20 
6 7 14 15 16 18 19 21 
6 7 8 9 10 11 12 13 14 15 17 18 19 20 21 22 
6 15 16 18 19 21 24 23 
6 5 4 3 2 22 23 24 
6 5 4 17 18 19 21 26 25 
6 5 4 3 2 22 21 24 26 
6 15 17 20 19 27 
6 7 14 15 16 31 38 29 28 
6 5 4 17 20 19 27 28 29 
6 7 8 13 34 33 32 31 30 
6 7 14 33 32 31 
6 15 17 18 16 31 32 
6 15 14 7 8 13 34 33 
6 5 4 17 15 14 33 34 
6 15 14 33 32 37 36 35 
6 15 14 33 32 37 36 
6 15 16 31 38 37 
6 7 14 33 34 35 36 43 38 
6 15 16 31 38 39 
6 5 4 17 18 30 29 39 40 
6 5 4 3 2 1 23 24 25 41 
6 15 16 31 38 43 44 42 
6 7 14 33 34 42 36 43 
6 15 16 31 38 43 45 44 
6 7 8 13 34 42 44 45 
6 15 14 33 34 35 36 43 45 46 
7 6 15 14 13 8 
7 6 15 14 13 8 11 10 9 
7 14 13 8 11 10 
7 14 33 34 13 8 9 10 11 
7 14 13 12 
7 8 9 10 11 12 13 
7 8 11 12 13 14 
7 8 13 34 33 14 15 
7 14 15 17 18 16 
7 14 33 32 31 16 18 17 
7 6 15 17 18 
7 14 15 16 18 19 
7 8 9 10 11 12 13 14 15 17 18 19 20 
7 8 13 14 15 16 18 19 21 
7 6 5 4 3 2 22 
7 6 5 4 3 2 1 23 
7 14 15 16 18 19 27 26 24 
7 14 15 16 18 19 27 40 41 25 
7 14 15 16 31 38 39 40 27 26 
7 14 15 16 18 30 29 28 27 
7 14 33 32 31 38 29 28 
7 14 33 32 37 38 39 29 
7 14 15 16 31 30 
7 14 33 32 37 38 31 
7 6 15 16 31 32 
7 8 9 10 11 12 13 14 15 16 18 19 20 21 22 23 24 25 26 27 28 29 30 31 32 33 
7 8 13 34 
7 14 33 32 37 38 43 36 35 
7 14 33 34 42 36 
7 6 15 16 31 38 37 
7 14 33 34 35 36 43 38 
7 8 9 10 11 12 13 14 15 16 18 19 20 21 22 23 24 25 26 27 28 29 30 31 32 33 34 35 36 37 38 39 
7 8 9 10 11 12 13 14 15 17 18 19 20 21 22 23 24 25 26 27 28 29 30 31 32 33 34 35 36 37 38 39 40 
7 14 15 16 18 19 20 21 24 25 41 
7 14 33 34 35 36 43 44 42 
7 6 15 16 31 38 43 
7 14 15 16 31 38 43 44 
7 14 33 32 31 38 43 45 
7 14 33 32 37 36 43 45 46 
8 9 
8 9 10 
8 9 10 11 
8 13 12 
8 9 10 11 12 13 
8 11 12 13 14 
8 13 34 33 14 15 
8 9 10 11 12 13 14 15 16 
8 9 10 11 12 13 14 15 17 
8 9 10 11 12 13 14 15 17 18 
8 13 34 33 32 31 30 18 19 
8 13 14 33 32 31 16 18 19 20 
8 13 14 15 16 18 19 21 
8 13 14 15 17 20 21 22 
8 9 10 11 12 13 14 15 17 18 19 20 21 22 23 
8 13 14 15 16 18 19 21 26 25 24 
8 13 34 33 32 31 38 39 40 41 25 
8 13 34 33 14 15 16 18 19 27 26 
8 13 34 33 32 31 38 39 40 27 
8 13 14 33 32 31 38 29 28 
8 13 14 33 32 31 38 29 
8 13 14 33 32 37 38 29 30 
8 13 14 15 17 18 30 31 
8 7 14 33 32 
8 13 14 15 16 31 32 33 
8 7 6 15 14 33 34 
8 7 14 33 32 37 38 43 36 35 
8 7 6 15 16 31 38 43 36 
8 13 34 35 36 37 
8 13 14 33 32 37 38 
8 13 14 15 17 18 30 29 39 
8 7 6 15 17 20 19 27 40 
8 7 6 15 17 20 19 27 40 41 
8 7 14 33 32 37 36 42 
8 7 14 33 32 37 38 43 
8 9 10 11 12 13 14 15 16 18 19 20 21 22 23 24 25 26 27 28 29 30 31 32 33 34 35 36 37 38 43 44 
8 9 10 11 12 13 14 15 16 18 19 20 21 22 23 24 25 26 27 28 29 30 31 32 33 34 35 36 37 38 43 44 45 
8 7 14 15 16 31 38 43 45 46 
9 8 7 6 15 14 13 12 11 10 
9 10 11 
9 10 11 8 7 14 33 34 13 12 
9 10 11 8 7 14 13 
9 10 11 8 13 14 
9 10 11 12 13 34 33 14 15 
9 10 11 12 13 14 33 32 31 16 
9 10 11 12 13 14 15 16 18 17 
9 10 11 12 13 14 15 16 18 
9 8 7 6 15 17 20 19 
9 8 7 6 15 17 20 
9 10 11 8 13 14 15 16 31 30 18 19 21 
9 10 11 8 13 14 15 17 20 21 22 
9 10 11 12 13 14 15 17 20 21 24 23 
9 8 7 6 15 17 20 21 24 
9 8 7 6 15 17 20 21 24 25 
9 10 11 12 13 14 15 16 18 19 27 26 
9 10 11 12 13 14 15 17 18 19 20 21 22 23 24 25 26 27 
9 10 11 12 13 34 35 36 37 38 29 28 
9 10 11 12 13 14 33 32 31 38 29 
9 10 11 8 13 14 33 32 31 30 
9 10 11 12 13 14 33 32 37 38 31 
9 10 11 8 13 34 35 36 37 32 
9 10 11 12 13 34 33 
9 10 11 12 13 14 15 16 18 19 20 21 22 23 24 25 26 27 28 29 30 31 32 33 34 
9 10 11 8 7 14 33 32 37 36 35 
9 10 11 12 13 14 33 34 42 36 
9 10 11 12 13 34 35 36 37 
9 10 11 12 13 34 35 36 37 38 
9 10 11 12 13 14 33 32 31 30 29 39 
9 10 11 12 13 34 35 36 43 38 39 40 
9 8 7 6 15 17 20 19 27 40 41 
9 10 11 12 13 14 33 34 35 36 42 
9 10 11 8 7 6 15 16 31 38 43 
9 10 11 8 7 14 33 32 31 38 43 44 
9 10 11 8 7 14 33 34 35 36 43 45 
9 10 11 12 13 14 15 16 18 19 20 21 22 23 24 25 26 27 28 29 30 31 32 33 34 35 36 37 38 43 44 45 46 
10 9 8 13 12 11 
10 11 12 
10 9 8 13 
10 11 8 13 14 
10 9 8 7 6 15 
10 11 12 13 34 33 32 31 16 
10 11 12 13 14 15 16 18 19 20 17 
10 11 8 13 14 15 16 18 
10 9 8 7 6 15 17 20 19 
10 11 12 13 14 15 17 18 19 20 
10 11 12 13 14 33 32 31 16 18 19 21 
10 9 8 7 6 5 4 3 2 22 
10 11 8 13 14 15 17 20 21 22 23 
10 11 12 13 14 15 17 18 19 20 21 22 23 24 
10 11 8 13 14 15 16 18 19 21 26 25 
10 11 12 13 14 15 16 18 19 27 26 
10 11 8 13 14 15 16 18 19 21 26 27 
10 11 12 13 14 15 17 18 19 20 21 22 23 24 25 26 27 28 
10 9 8 7 6 15 17 18 30 29 
10 9 8 7 6 15 17 18 30 
10 11 12 13 34 33 32 31 
10 11 12 13 14 15 16 31 32 
10 11 12 13 14 15 16 31 32 33 
10 11 12 13 14 33 32 37 36 35 34 
10 9 8 13 34 35 
10 9 8 13 34 35 36 
10 9 8 7 14 33 32 37 
10 11 12 13 34 35 36 37 38 
10 11 12 13 34 35 36 37 38 29 39 
10 11 12 13 14 15 16 31 38 39 40 
10 11 8 13 14 15 16 18 19 21 24 25 41 
10 9 8 13 34 42 
10 11 12 13 14 33 32 31 38 43 
10 11 8 7 14 33 34 35 36 43 44 
10 11 12 13 14 15 16 31 38 43 45 
10 11 8 7 14 33 34 35 36 43 45 46 
11 8 7 14 13 12 
11 10 9 8 7 14 13 
11 12 13 14 
11 10 9 8 13 14 15 
11 12 13 14 15 17 18 16 
11 12 13 14 15 16 31 30 18 17 
11 12 13 14 33 32 31 16 18 
11 12 13 34 33 32 31 16 18 19 
11 12 13 14 33 32 31 16 18 19 20 
11 12 13 14 15 16 18 19 21 
11 12 13 14 15 17 20 21 24 23 22 
11 8 7 6 5 4 3 2 1 23 
11 8 7 6 15 17 20 21 24 
11 12 13 14 15 17 18 19 20 21 22 23 24 25 
11 12 13 14 15 16 18 19 27 26 
11 12 13 14 15 16 18 30 29 28 27 
11 12 13 14 33 32 31 30 29 28 
11 12 13 34 35 36 43 38 29 
11 12 13 34 33 32 31 30 
11 12 13 34 33 32 31 
11 12 13 14 15 16 18 19 20 21 22 23 24 25 26 27 28 29 30 31 32 
11 10 9 8 13 34 33 
11 12 13 14 15 16 31 32 33 34 
11 12 13 14 33 34 42 44 43 36 35 
11 8 13 34 35 36 
11 12 13 34 35 36 37 
11 12 13 34 42 36 37 38 
11 12 13 34 35 36 43 38 29 39 
11 12 13 34 35 36 43 38 39 40 
11 12 13 14 15 16 18 19 21 24 25 41 
11 12 13 14 33 34 35 36 42 
11 12 13 14 15 16 31 38 43 
11 12 13 14 33 32 37 36 43 44 
11 8 13 34 42 44 45 
11 12 13 14 33 32 37 36 43 45 46 
12 11 8 7 6 15 14 13 
12 11 10 9 8 13 34 33 14 
12 11 8 7 6 15 
12 11 8 7 14 33 32 31 16 
12 11 8 7 6 15 16 18 17 
12 11 8 7 14 33 32 31 16 18 
12 11 8 7 6 15 16 18 19 
12 11 8 7 6 15 16 18 19 20 
12 11 8 7 6 5 4 3 2 22 21 
12 13 14 15 17 20 21 22 
12 11 8 7 6 5 4 3 2 22 21 24 23 
12 13 14 15 17 20 21 24 
12 11 8 7 6 15 16 18 19 21 26 25 
12 11 8 7 6 5 4 3 20 19 27 26 
12 11 8 7 6 15 16 31 38 39 40 27 
12 11 8 7 14 33 32 31 30 29 28 
12 11 8 7 6 15 16 31 38 29 
12 11 8 7 6 15 16 31 38 29 30 
12 11 8 7 6 15 17 18 30 31 
12 13 14 15 16 18 19 20 21 22 23 24 25 26 27 28 29 30 31 32 
12 11 8 13 34 35 36 37 32 33 
12 11 8 7 6 15 14 33 34 
12 11 8 7 14 33 32 37 36 35 
12 11 8 7 14 33 32 37 36 
12 11 8 7 6 15 16 31 38 37 
12 13 14 15 16 31 38 
12 11 8 7 14 33 32 31 30 29 39 
12 11 8 13 34 35 36 37 38 39 40 
12 11 8 7 6 15 16 18 19 21 24 25 41 
12 11 8 7 14 33 32 37 36 42 
12 11 8 13 14 33 32 37 38 43 
12 11 8 13 14 33 32 31 38 43 44 
12 11 8 13 14 33 32 31 38 43 45 
12 11 8 7 14 33 32 31 38 43 45 46 
13 34 33 32 31 16 15 14 
13 12 11 8 7 6 15 
13 34 33 32 31 16 
13 14 15 17 
13 14 15 17 18 
13 8 7 6 5 4 17 18 19 
13 8 7 6 5 4 3 20 
13 8 7 6 5 4 3 20 19 21 
13 12 11 8 7 6 5 4 3 2 22 
13 34 33 32 31 16 18 19 21 24 23 
13 14 15 17 20 21 24 
13 14 15 17 20 21 24 25 
13 34 33 32 31 38 39 40 27 26 
13 34 33 32 31 38 39 40 27 
13 34 35 36 37 38 29 28 
13 14 15 17 18 19 20 21 22 23 24 25 26 27 28 29 
13 34 33 32 31 30 
13 34 33 32 37 38 31 
13 34 35 36 37 38 31 32 
13 14 15 16 18 19 20 21 22 23 24 25 26 27 28 29 30 31 32 33 
13 14 15 16 31 32 33 34 
13 14 33 32 37 36 35 
13 14 15 16 18 19 20 21 22 23 24 25 26 27 28 29 30 31 32 33 34 35 36 
13 34 35 36 37 
13 34 33 32 37 38 
13 34 35 36 43 38 29 39 
13 34 42 44 43 38 39 40 
13 34 35 36 43 38 39 40 27 26 25 41 
13 14 15 16 18 19 20 21 22 23 24 25 26 27 28 29 30 31 32 33 34 35 36 42 
13 14 15 16 31 38 43 
13 14 33 32 31 38 43 44 
13 14 33 32 37 36 43 45 
13 14 15 16 18 19 20 21 22 23 24 25 26 27 28 29 30 31 32 33 34 35 36 37 38 43 44 45 46 
14 33 32 31 16 15 
14 13 34 33 32 31 16 
14 15 17 
14 7 6 15 16 18 
14 15 17 18 19 
14 33 32 31 16 18 19 20 
14 15 17 18 19 20 21 
14 13 8 7 6 5 4 3 2 22 
14 33 32 31 16 18 19 21 24 23 
14 15 17 18 19 20 21 22 23 24 
14 33 32 31 38 29 28 27 26 25 
14 33 32 31 16 18 19 27 26 
14 33 32 31 30 29 28 27 
14 33 32 31 38 39 29 28 
14 15 17 18 19 20 21 22 23 24 25 26 27 28 29 
14 15 17 18 19 20 21 22 23 24 25 26 27 28 29 30 
14 33 32 37 38 31 
14 15 16 18 19 20 21 22 23 24 25 26 27 28 29 30 31 32 
14 13 34 35 36 37 32 33 
14 33 32 37 36 42 34 
14 33 32 31 38 43 36 35 
14 33 34 42 44 43 36 
14 15 16 18 30 29 38 37 
14 33 32 37 38 
14 33 32 31 16 18 30 29 39 
14 33 32 31 38 29 39 40 
14 33 32 31 38 39 40 27 26 25 41 
14 33 32 31 38 43 44 42 
14 15 16 18 19 20 21 22 23 24 25 26 27 28 29 30 31 32 33 34 35 36 37 38 43 
14 15 16 18 19 20 21 22 23 24 25 26 27 28 29 30 31 32 33 34 35 36 37 38 43 44 
14 33 32 37 36 43 45 
14 33 32 31 38 43 45 46 
15 14 33 32 31 16 
15 16 31 30 18 17 
15 14 33 32 31 16 18 
15 6 5 4 17 18 19 
15 16 18 19 20 
15 6 5 4 3 20 19 21 
15 17 20 21 22 
15 16 18 19 27 26 24 23 
15 16 18 19 21 26 25 24 
15 16 18 30 29 28 27 26 25 
15 16 31 38 39 40 27 26 
15 17 20 19 27 
15 16 31 30 29 28 
15 14 33 32 37 38 29 
15 17 18 30 
15 14 13 34 33 32 31 
15 16 31 38 37 32 
15 16 31 38 37 32 33 
15 6 7 8 13 14 33 34 
15 16 31 38 37 36 35 
15 16 31 38 43 36 
15 16 31 38 37 
15 14 33 32 37 38 
15 16 31 38 39 
15 14 33 32 37 38 39 40 
15 16 18 19 20 21 26 25 41 
15 16 31 38 43 45 44 42 
15 14 33 34 42 36 43 
15 16 31 30 29 38 43 44 
15 14 13 34 42 44 46 45 
15 16 18 19 20 21 22 23 24 25 26 27 28 29 30 31 32 33 34 35 36 37 38 43 44 45 46 
16 15 17 
16 18 
16 31 30 18 17 20 19 
16 31 30 18 19 20 
16 15 17 20 21 
16 15 17 20 3 2 22 
16 15 17 20 21 26 24 23 
16 18 19 20 21 22 23 24 
16 31 38 29 28 27 26 25 
16 31 38 39 40 27 26 
16 31 30 29 28 27 
16 15 17 18 30 29 28 
16 18 19 20 21 22 23 24 25 26 27 28 29 
16 18 19 20 21 22 23 24 25 26 27 28 29 30 
16 18 19 20 21 22 23 24 25 26 27 28 29 30 31 
16 18 17 15 14 33 32 
16 31 38 37 32 33 
16 31 38 37 36 35 34 
16 31 38 37 36 35 
16 15 14 33 34 35 36 
16 18 19 20 21 22 23 24 25 26 27 28 29 30 31 32 33 34 35 36 37 
16 18 19 27 40 39 38 
16 18 19 20 21 22 23 24 25 26 27 28 29 30 31 32 33 34 35 36 37 38 39 
16 18 19 20 21 22 23 24 25 26 27 28 29 30 31 32 33 34 35 36 37 38 39 40 
16 15 17 20 21 24 25 41 
16 31 38 43 36 42 
16 15 14 13 34 42 44 43 
16 18 17 15 14 13 34 42 44 
16 18 19 20 21 22 23 24 25 26 27 28 29 30 31 32 33 34 35 36 37 38 43 44 45 
16 15 14 13 34 42 44 45 46 
17 4 3 20 19 18 
17 18 19 
17 18 19 20 
17 18 19 27 26 21 
17 18 19 21 24 23 22 
17 18 19 21 26 24 23 
17 18 19 21 22 23 24 
17 18 19 27 26 25 
17 18 30 29 28 27 26 
17 18 30 29 28 27 
17 15 16 18 30 29 28 
17 18 19 20 21 22 23 24 25 26 27 28 29 
17 15 16 31 30 
17 18 30 29 39 38 31 
17 18 19 20 21 22 23 24 25 26 27 28 29 30 31 32 
17 15 14 33 
17 18 30 31 32 33 34 
17 18 16 31 38 37 36 35 
17 18 30 29 38 43 36 
17 18 30 29 39 38 37 
17 18 30 31 32 37 38 
17 20 21 19 27 40 39 
17 20 19 27 40 
17 4 3 20 21 24 25 41 
17 18 30 29 38 43 44 42 
17 18 30 29 38 37 36 43 
17 15 14 13 34 42 44 
17 18 30 29 38 37 36 43 44 45 
17 15 14 13 34 42 44 46 
18 19 
18 19 21 22 2 3 20 
18 17 20 3 2 22 21 
18 19 20 21 22 
18 19 20 21 22 23 
18 17 20 21 26 24 
18 30 29 39 40 41 25 
18 30 29 28 27 26 
18 30 31 38 39 40 27 
18 16 31 38 29 28 
18 19 20 21 22 23 24 25 26 27 28 29 
18 16 31 30 
18 30 29 38 31 
18 19 20 21 22 23 24 25 26 27 28 29 30 31 32 
18 30 31 32 33 
18 19 20 21 22 23 24 25 26 27 28 29 30 31 32 33 34 
18 30 29 38 37 36 35 
18 30 29 38 43 44 42 36 
18 30 31 32 37 
18 19 20 21 22 23 24 25 26 27 28 29 30 31 32 33 34 35 36 37 38 
18 30 29 39 
18 19 20 21 22 23 24 25 26 27 28 29 30 31 32 33 34 35 36 37 38 39 40 
18 17 20 21 24 26 25 41 
18 16 31 32 37 36 42 
18 19 20 21 22 23 24 25 26 27 28 29 30 31 32 33 34 35 36 37 38 43 
18 30 29 38 37 36 42 44 
18 30 29 38 37 36 43 44 45 
18 30 29 38 37 36 43 45 46 
19 21 20 
19 18 17 20 21 
19 20 3 2 22 
19 21 22 23 
19 27 26 24 
19 20 21 22 23 24 25 
19 21 26 
19 21 26 27 
19 27 28 
19 27 40 39 38 29 
19 20 17 15 16 31 30 
19 20 21 22 23 24 25 26 27 28 29 30 31 
19 18 16 31 32 
19 18 30 29 38 37 32 33 
19 20 17 15 14 13 34 
19 18 16 31 38 43 36 35 
19 27 40 39 29 38 43 36 
19 27 40 39 38 31 32 37 
19 27 40 39 38 
19 18 30 29 39 
19 20 21 22 23 24 25 26 27 28 29 30 31 32 33 34 35 36 37 38 39 40 
19 21 24 26 25 41 
19 18 16 31 38 37 36 42 
19 18 16 31 38 43 
19 27 40 39 38 37 36 42 44 
19 27 40 39 38 37 36 42 44 45 
19 27 40 39 38 37 36 42 44 45 46 
20 19 27 26 21 
20 21 22 
20 21 22 23 
20 3 2 1 23 24 
20 19 27 26 25 
20 17 18 19 27 26 
20 21 26 25 41 40 27 
20 21 19 18 30 29 28 
20 21 22 23 24 25 26 27 28 29 
20 21 19 27 28 29 30 
20 21 19 18 30 31 
20 17 15 14 33 32 
20 3 4 17 18 16 31 32 33 
20 21 19 18 30 31 32 33 34 
20 19 18 16 31 32 37 36 35 
20 19 18 30 29 38 43 36 
20 21 22 23 24 25 26 27 28 29 30 31 32 33 34 35 36 37 
20 19 27 40 39 38 
20 17 15 16 31 38 39 
20 21 24 25 41 40 
20 21 22 23 24 25 41 
20 19 18 16 31 38 37 36 42 
20 19 27 28 29 38 37 36 43 
20 17 15 14 13 34 42 44 
20 17 15 16 31 38 43 45 
20 19 18 16 31 38 43 45 46 
21 24 23 22 
21 22 23 
21 19 27 26 24 
21 24 25 
21 22 23 24 25 26 
21 22 23 24 25 26 27 
21 19 27 28 
21 22 23 24 25 26 27 28 29 
21 20 17 15 16 31 30 
21 20 17 18 30 31 
21 20 17 15 14 13 34 33 32 
21 19 18 16 31 32 33 
21 19 18 16 31 38 37 36 35 34 
21 26 27 28 29 38 43 36 35 
21 26 25 41 40 39 38 43 36 
21 22 23 24 25 26 27 28 29 30 31 32 33 34 35 36 37 
21 26 27 28 29 39 38 
21 20 17 18 30 29 39 
21 26 27 28 29 39 40 
21 26 27 40 41 
21 19 18 16 31 38 37 36 42 
21 26 25 41 40 39 38 37 36 43 
21 26 27 28 29 38 37 36 42 44 
21 19 18 16 31 38 43 45 
21 22 23 24 25 26 27 28 29 30 31 32 33 34 35 36 37 38 43 44 45 46 
22 21 24 23 
22 21 24 
22 21 19 27 26 25 
22 23 24 25 26 
22 23 24 21 26 27 
22 2 3 20 17 18 30 29 28 
22 23 24 25 26 27 28 29 
22 2 3 20 19 27 28 29 30 
22 2 3 4 17 18 30 31 
22 23 24 26 27 28 29 38 37 32 
22 2 3 20 19 18 16 31 32 33 
22 2 3 4 5 6 7 14 33 34 
22 23 24 25 41 40 39 38 37 36 35 
22 23 24 26 27 28 29 38 43 36 
22 2 3 20 17 18 30 31 32 37 
22 21 19 18 16 31 38 
22 2 3 4 17 18 30 29 39 
22 23 24 26 27 28 29 39 40 
22 21 20 19 27 40 41 
22 23 24 26 27 28 29 38 43 44 42 
22 23 24 26 27 28 29 39 38 37 36 43 
22 2 3 20 17 15 14 13 34 42 44 
22 23 24 25 26 27 28 29 30 31 32 33 34 35 36 37 38 43 44 45 
22 21 19 18 16 31 38 43 44 46 
23 22 21 24 
23 24 25 
23 22 21 24 25 26 
23 24 25 26 27 
23 22 21 20 17 18 30 29 28 
23 22 21 20 17 18 30 29 
23 24 25 26 27 28 29 30 
23 24 25 26 27 28 29 30 31 
23 1 2 3 4 17 15 14 33 32 
23 24 21 19 18 30 31 32 33 
23 24 21 19 18 30 31 32 33 34 
23 22 21 20 17 15 14 13 34 35 
23 24 26 27 40 39 38 37 36 
23 24 26 27 40 39 38 37 
23 22 21 19 27 28 29 38 
23 22 21 19 18 30 29 39 
23 22 21 19 27 26 25 41 40 
23 22 2 3 20 19 27 40 41 
23 24 26 27 40 39 38 43 44 42 
23 22 21 19 27 28 29 38 37 36 43 
23 24 26 27 40 39 38 43 44 
23 24 26 27 40 39 38 43 45 
23 22 21 20 17 15 14 13 34 42 44 45 46 
24 25 
24 26 
24 26 27 
24 21 19 18 30 29 28 
24 21 20 17 18 30 29 
24 25 41 40 39 29 30 
24 21 19 18 16 31 
24 25 26 27 28 29 30 31 32 
24 25 26 27 28 29 30 31 32 33 
24 26 21 19 18 16 31 32 33 34 
24 26 27 40 39 38 43 36 35 
24 25 41 40 27 28 29 38 43 36 
24 21 20 17 18 16 31 32 37 
24 26 27 40 39 38 
24 21 19 27 28 29 38 39 
24 23 22 21 26 25 41 40 
24 21 20 19 27 40 41 
24 25 26 27 28 29 30 31 32 33 34 35 36 42 
24 26 27 40 39 38 43 
24 21 19 18 30 29 38 37 36 42 44 
24 25 26 27 28 29 30 31 32 33 34 35 36 37 38 43 44 45 
24 26 27 40 39 38 43 44 46 
25 24 26 
25 41 40 27 
25 24 21 19 27 40 39 29 28 
25 26 27 28 29 
25 41 40 39 38 29 30 
25 24 21 19 18 16 31 
25 26 27 28 29 38 37 32 
25 26 27 28 29 30 31 32 33 
25 41 40 39 38 43 36 35 34 
25 41 40 39 38 37 36 35 
25 26 27 28 29 30 31 32 33 34 35 36 
25 24 21 19 18 16 31 32 37 
25 24 26 27 28 29 38 
25 26 27 19 18 30 29 39 
25 26 21 19 27 40 
25 26 21 19 27 40 41 
25 26 27 28 29 38 43 45 44 42 
25 24 26 27 28 29 38 37 36 43 
25 26 27 28 29 38 37 36 43 45 44 
25 41 40 39 38 43 45 
25 41 40 39 38 43 44 46 
26 21 20 19 27 
26 27 28 
26 21 19 27 40 39 29 
26 21 19 18 30 
26 27 28 29 30 31 
26 25 41 40 39 38 37 32 
26 27 19 18 16 31 32 33 
26 27 40 39 38 37 36 42 34 
26 24 21 20 17 15 14 13 34 35 
26 21 19 18 30 29 38 43 36 
26 27 28 29 30 31 32 33 34 35 36 37 
26 25 41 40 27 28 29 38 
26 27 40 39 
26 27 40 
26 24 21 19 27 40 41 
26 21 20 17 15 14 33 34 42 
26 21 19 18 16 31 38 37 36 43 
26 21 19 18 16 31 38 37 36 42 44 
26 21 20 17 15 14 13 34 42 44 45 
26 21 20 17 15 14 33 34 42 44 45 46 
27 19 18 30 29 28 
27 28 29 
27 40 39 38 31 30 
27 40 39 38 31 
27 19 18 16 15 14 33 32 
27 40 39 38 31 32 33 
27 28 29 38 37 36 42 34 
27 28 29 30 31 32 33 34 35 
27 19 18 30 29 38 43 36 
27 28 29 30 31 32 33 34 35 36 37 
27 28 29 30 31 32 33 34 35 36 37 38 
27 40 39 
27 40 
27 19 21 24 25 41 
27 28 29 38 43 44 42 
27 28 29 30 31 32 33 34 35 36 37 38 43 
27 40 39 38 43 44 
27 28 29 38 37 36 42 44 45 
27 28 29 38 31 32 37 36 43 45 46 
28 27 40 39 38 31 30 29 
28 27 40 39 38 31 30 
28 27 40 39 29 38 31 
28 27 40 39 29 38 37 32 
28 27 26 21 20 17 15 14 33 
28 27 40 39 38 37 36 35 34 
28 29 30 31 32 33 34 35 
28 27 40 39 38 43 36 
28 27 40 39 29 30 31 32 37 
28 27 19 18 16 31 38 
28 27 26 25 41 40 39 
28 27 40 
28 29 30 18 19 21 24 25 41 
28 27 40 39 38 43 45 44 42 
28 27 19 18 30 31 38 37 36 43 
28 29 30 31 32 33 34 35 36 37 38 43 44 
28 27 40 39 38 37 32 33 34 42 44 45 
28 27 19 18 16 31 38 37 36 43 45 46 
29 28 27 19 18 30 
29 39 38 37 32 31 
29 38 43 36 37 32 
29 38 37 36 42 34 33 
29 38 43 36 35 34 
29 39 38 31 32 33 34 35 
29 30 31 32 37 38 43 36 
29 38 37 
29 28 27 40 39 38 
29 30 31 32 37 38 39 
29 39 40 
29 28 27 26 25 41 
29 39 38 43 44 42 
29 39 38 31 32 37 36 43 
29 30 31 32 37 36 42 44 
29 30 31 32 37 36 43 44 45 
29 39 38 37 36 43 45 46 
30 18 17 15 16 31 
30 29 39 38 37 32 
30 31 32 33 
30 31 32 33 34 
30 31 38 37 36 35 
30 29 38 43 44 42 36 
30 29 38 31 32 37 
30 29 38 
30 31 32 37 38 39 
30 31 16 18 19 27 40 
30 31 32 33 34 35 36 37 38 39 40 41 
30 29 38 43 44 42 
30 29 38 37 36 42 44 43 
30 29 38 31 32 33 34 42 44 
30 31 32 33 34 35 36 37 38 43 44 45 
30 31 38 43 44 46 
31 38 43 36 37 32 
31 16 15 6 7 14 33 
31 38 37 36 42 34 
31 32 33 34 35 
31 32 37 38 43 36 
31 16 15 14 33 32 37 
31 32 37 36 43 38 
31 30 29 28 27 40 39 
31 30 18 17 20 19 27 40 
31 16 18 19 21 24 25 41 
31 38 37 36 42 
31 32 33 34 42 44 43 
31 30 29 38 37 36 42 44 
31 32 37 36 42 44 46 45 
31 32 33 34 35 36 43 45 46 
32 31 16 15 14 33 
32 33 34 
32 33 34 35 
32 33 34 35 36 
32 31 38 37 
32 37 36 43 38 
32 37 36 43 38 29 39 
32 33 14 15 17 20 19 27 40 
32 33 14 15 17 20 21 26 25 41 
32 33 34 42 
32 37 36 42 44 43 
32 33 34 35 36 37 38 43 44 
32 37 36 43 44 46 45 
32 33 34 42 44 46 
33 14 7 8 11 12 13 34 
33 32 31 38 37 36 35 
33 32 37 38 43 36 
33 34 42 36 37 
33 34 35 36 43 38 
33 14 15 16 31 30 29 39 
33 14 15 17 20 21 26 27 40 
33 32 31 38 39 40 41 
33 34 35 36 42 
33 32 31 30 29 38 43 
33 34 35 36 37 38 43 44 
33 32 31 38 37 36 43 45 
33 32 37 38 43 45 46 
34 33 32 37 36 35 
34 42 44 43 36 
34 35 36 37 
34 35 36 37 38 
34 42 36 37 38 29 39 
34 35 36 37 38 29 28 27 40 
34 33 32 31 38 39 40 41 
34 35 36 37 38 43 44 42 
34 33 32 31 38 43 
34 33 32 31 38 43 44 
34 35 36 43 45 
34 35 36 37 38 43 44 45 46 
35 36 
35 34 33 32 31 38 37 
35 34 33 32 31 38 
35 36 37 38 39 
35 36 37 38 39 40 
35 34 13 14 15 17 20 21 24 25 41 
35 36 37 38 43 44 42 
35 34 42 36 37 38 43 
35 36 43 45 46 44 
35 34 42 44 45 
35 34 42 44 46 
36 37 
36 35 34 33 32 31 38 
36 37 38 39 
36 37 38 39 40 
36 43 38 29 28 27 26 25 41 
36 42 
36 42 44 45 43 
36 43 45 46 44 
36 37 38 43 44 45 
36 37 32 31 38 43 45 46 
37 38 
37 32 31 16 18 30 29 39 
37 32 31 30 29 28 27 40 
37 32 31 38 29 28 27 26 25 41 
37 38 43 36 35 34 42 
37 36 43 
37 36 43 45 46 44 
37 36 42 44 45 
37 36 42 44 45 46 
38 29 28 27 40 39 
38 31 30 29 28 27 40 
38 29 30 18 19 27 26 25 41 
38 43 36 35 34 42 
38 31 32 37 36 43 
38 37 32 33 34 42 44 
38 43 45 
38 37 36 43 45 46 
39 29 28 27 40 
39 29 28 27 19 21 24 25 41 
39 29 38 43 45 44 42 
39 29 38 37 36 43 
39 29 38 37 32 33 34 42 44 
39 29 38 37 36 43 44 45 
39 29 38 37 36 42 44 45 46 
40 27 19 21 24 25 41 
40 27 28 29 38 43 45 44 42 
40 27 28 29 38 37 36 42 44 43 
40 39 38 43 44 
40 39 38 43 45 
40 27 28 29 38 31 32 37 36 43 45 46 
41 25 26 21 20 17 15 14 33 34 42 
41 25 26 21 19 18 16 31 38 37 36 43 
41 25 26 21 20 17 15 14 13 34 42 44 
41 40 39 38 43 45 
41 40 39 38 43 44 46 
42 44 45 43 
42 36 37 38 43 44 
42 36 37 32 31 38 43 45 
42 34 35 36 43 45 46 
43 38 37 36 42 44 
43 44 46 45 
43 44 46 
44 46 45 
44 46 
45 43 36 35 34 42 44 46 
