9 10 11 12 13 14 15 16 31 38 37 36 42 
15 16 31 38 37 36 
6 15 16 31 38 37 
29 38 37 36 42 34 33 
36 42 44 43 38 37 
24 26 27 40 39 38 37 36 
10 11 12 13 14 33 34 35 36 43 45 46 
23 24 26 27 40 39 38 43 45 
13 8 7 6 15 16 18 19 27 26 
17 18 19 27 26 24 
6 7 14 15 16 31 38 29 28 
13 34 33 32 31 38 29 28 
24 25 41 40 39 38 29 
18 30 29 28 27 26 25 41 
5 4 17 15 14 13 8 7 6 
22 23 24 26 27 40 39 29 
24 26 27 40 39 
18 19 21 26 27 40 39 
13 14 33 32 37 38 43 36 
7 14 15 16 31 30 18 
9 10 11 12 13 14 15 16 31 38 37 36 42 
15 16 31 38 37 36 
6 15 16 31 38 37 
29 38 37 36 42 34 33 
36 42 44 43 38 37 
24 26 27 40 39 38 37 36 
10 11 12 13 14 33 34 35 36 43 45 46 
23 24 26 27 40 39 38 43 45 
13 8 7 6 15 16 18 19 27 26 
17 18 19 27 26 24 
6 7 14 15 16 31 38 29 28 
13 34 33 32 31 38 29 28 
24 25 41 40 39 38 29 
18 30 29 28 27 26 25 41 
5 4 17 15 14 13 8 7 6 
22 23 24 26 27 40 39 29 
24 26 27 40 39 
18 19 21 26 27 40 39 
13 14 33 32 37 38 43 36 
7 14 15 16 31 30 18 
9 10 11 12 13 14 15 16 31 38 37 36 42 
15 16 31 38 37 36 
6 15 16 31 38 37 
29 38 37 36 42 34 33 
36 42 44 43 38 37 
24 26 27 40 39 38 37 36 
10 11 12 13 14 33 34 35 36 43 45 46 
23 24 26 27 40 39 38 43 45 
13 8 7 6 15 16 18 19 27 26 
17 18 19 27 26 24 
6 7 14 15 16 31 38 29 28 
13 34 33 32 31 38 29 28 
24 25 41 40 39 38 29 
18 30 29 28 27 26 25 41 
5 4 17 15 14 13 8 7 6 
22 23 24 26 27 40 39 29 
24 26 27 40 39 
18 19 21 26 27 40 39 
13 14 33 32 37 38 43 36 
7 14 15 16 31 30 18 
9 10 11 12 13 14 15 16 31 38 37 36 42 
15 16 31 38 37 36 
6 15 16 31 38 37 
29 38 37 36 42 34 33 
36 42 44 43 38 37 
24 26 27 40 39 38 37 36 
10 11 12 13 14 33 34 35 36 43 45 46 
23 24 26 27 40 39 38 43 45 
13 8 7 6 15 16 18 19 27 26 
17 18 19 27 26 24 
6 7 14 15 16 31 38 29 28 
13 34 33 32 31 38 29 28 
24 25 41 40 39 38 29 
18 30 29 28 27 26 25 41 
5 4 17 15 14 13 8 7 6 
22 23 24 26 27 40 39 29 
24 26 27 40 39 
18 19 21 26 27 40 39 
13 14 33 32 37 38 43 36 
7 14 15 16 31 30 18 
9 10 11 12 13 14 15 16 31 38 37 36 42 
15 16 31 38 37 36 
6 15 16 31 38 37 
29 38 37 36 42 34 33 
36 42 44 43 38 37 
24 26 27 40 39 38 37 36 
10 11 12 13 14 33 34 35 36 43 45 46 
23 24 26 27 40 39 38 43 45 
13 8 7 6 15 16 18 19 27 26 
17 18 19 27 26 24 
6 7 14 15 16 31 38 29 28 
13 34 33 32 31 38 29 28 
24 25 41 40 39 38 29 
18 30 29 28 27 26 25 41 
5 4 17 15 14 13 8 7 6 
22 23 24 26 27 40 39 29 
24 26 27 40 39 
18 19 21 26 27 40 39 
13 14 33 32 37 38 43 36 
7 14 15 16 31 30 18 
