0 1 -2147483648
0 2 -2147483648
0 3 -2147483648
0 4 -2147483648
0 5 0
0 6 -2147483648
0 7 -2147483648
0 8 -2147483648
0 9 -2147483648
0 10 -2147483648
0 11 -2147483648
0 12 -2147483648
0 13 0
0 14 -2147483648
0 15 -2147483648
0 16 0
0 17 -2147483648
0 18 -2147483648
0 19 -2147483648
1 0 -2147483648
1 2 -2147483648
1 3 -2147483648
1 4 -2147483648
1 5 0
1 6 0
1 7 -2147483648
1 8 0
1 9 -2147483648
1 10 -2147483648
1 11 0
1 12 -2147483648
1 13 0
1 14 -2147483648
1 15 -2147483648
1 16 0
1 17 -2147483648
1 18 -2147483648
1 19 0
2 0 -2147483648
2 1 -2147483648
2 3 0
2 4 -2147483648
2 5 0
2 6 0
2 7 2
2 8 0
2 9 0
2 10 -2147483648
2 11 0
2 12 -2147483648
2 13 0
2 14 -2147483648
2 15 0
2 16 -2147483648
2 17 -2147483648
2 18 1
2 19 0
3 0 -2147483648
3 1 -2147483648
3 2 0
3 4 -2147483648
3 5 0
3 6 -2147483648
3 7 -2147483648
3 8 -2147483648
3 9 -2147483648
3 10 -2147483648
3 11 -2147483648
3 12 -2147483648
3 13 -2147483648
3 14 -2147483648
3 15 -2147483648
3 16 -2147483648
3 17 2
3 18 -2147483648
3 19 -2147483648
4 0 -2147483648
4 1 -2147483648
4 2 -2147483648
4 3 -2147483648
4 5 -2147483648
4 6 1
4 7 -2147483648
4 8 1
4 9 -2147483648
4 10 0
4 11 0
4 12 -2147483648
4 13 -2147483648
4 14 -2147483648
4 15 1
4 16 -2147483648
4 17 -2147483648
4 18 -2147483648
4 19 3
5 0 0
5 1 0
5 2 0
5 3 0
5 4 -2147483648
5 6 -2147483648
5 7 0
5 8 0
5 9 0
5 10 0
5 11 0
5 12 0
5 13 -2147483648
5 14 0
5 15 -2147483648
5 16 -2147483648
5 17 0
5 18 -2147483648
5 19 -2147483648
6 0 -2147483648
6 1 0
6 2 0
6 3 -2147483648
6 4 1
6 5 -2147483648
6 7 0
6 8 -2147483648
6 9 -2147483648
6 10 0
6 11 -2147483648
6 12 0
6 13 -2147483648
6 14 0
6 15 0
6 16 -2147483648
6 17 0
6 18 -2147483648
6 19 -2147483648
7 0 -2147483648
7 1 -2147483648
7 2 2
7 3 -2147483648
7 4 -2147483648
7 5 0
7 6 0
7 8 -2147483648
7 9 2
7 10 0
7 11 0
7 12 -2147483648
7 13 -2147483648
7 14 -2147483648
7 15 -2147483648
7 16 -2147483648
7 17 -2147483648
7 18 2
7 19 -2147483648
8 0 -2147483648
8 1 0
8 2 0
8 3 -2147483648
8 4 1
8 5 0
8 6 -2147483648
8 7 -2147483648
8 9 -2147483648
8 10 -2147483648
8 11 -2147483648
8 12 0
8 13 -2147483648
8 14 1
8 15 0
8 16 -2147483648
8 17 0
8 18 0
8 19 3
9 0 -2147483648
9 1 -2147483648
9 2 0
9 3 -2147483648
9 4 -2147483648
9 5 0
9 6 -2147483648
9 7 2
9 8 -2147483648
9 10 -2147483648
9 11 -2147483648
9 12 -2147483648
9 13 -2147483648
9 14 -2147483648
9 15 -2147483648
9 16 -2147483648
9 17 -2147483648
9 18 1
9 19 -2147483648
10 0 -2147483648
10 1 -2147483648
10 2 -2147483648
10 3 -2147483648
10 4 0
10 5 0
10 6 0
10 7 0
10 8 -2147483648
10 9 -2147483648
10 11 -2147483648
10 12 -2147483648
10 13 0
10 14 0
10 15 0
10 16 -2147483648
10 17 -2147483648
10 18 0
10 19 -2147483648
11 0 -2147483648
11 1 0
11 2 0
11 3 -2147483648
11 4 0
11 5 0
11 6 -2147483648
11 7 0
11 8 -2147483648
11 9 -2147483648
11 10 -2147483648
11 12 0
11 13 0
11 14 0
11 15 0
11 16 -2147483648
11 17 0
11 18 0
11 19 -2147483648
12 0 -2147483648
12 1 -2147483648
12 2 -2147483648
12 3 -2147483648
12 4 -2147483648
12 5 0
12 6 0
12 7 -2147483648
12 8 0
12 9 -2147483648
12 10 -2147483648
12 11 0
12 13 0
12 14 -2147483648
12 15 -2147483648
12 16 -2147483648
12 17 -2147483648
12 18 -2147483648
12 19 0
13 0 0
13 1 0
13 2 0
13 3 -2147483648
13 4 -2147483648
13 5 -2147483648
13 6 -2147483648
13 7 -2147483648
13 8 -2147483648
13 9 -2147483648
13 10 0
13 11 0
13 12 0
13 14 -2147483648
13 15 -2147483648
13 16 0
13 17 0
13 18 -2147483648
13 19 -2147483648
14 0 -2147483648
14 1 -2147483648
14 2 -2147483648
14 3 -2147483648
14 4 -2147483648
14 5 0
14 6 0
14 7 -2147483648
14 8 1
14 9 -2147483648
14 10 0
14 11 0
14 12 -2147483648
14 13 -2147483648
14 15 1
14 16 -2147483648
14 17 -2147483648
14 18 -2147483648
14 19 1
15 0 -2147483648
15 1 -2147483648
15 2 0
15 3 -2147483648
15 4 1
15 5 -2147483648
15 6 0
15 7 -2147483648
15 8 0
15 9 -2147483648
15 10 0
15 11 0
15 12 -2147483648
15 13 -2147483648
15 14 1
15 16 0
15 17 -2147483648
15 18 -2147483648
15 19 1
16 0 0
16 1 0
16 2 -2147483648
16 3 -2147483648
16 4 -2147483648
16 5 -2147483648
16 6 -2147483648
16 7 -2147483648
16 8 -2147483648
16 9 -2147483648
16 10 -2147483648
16 11 -2147483648
16 12 -2147483648
16 13 0
16 14 -2147483648
16 15 0
16 17 -2147483648
16 18 0
16 19 0
17 0 -2147483648
17 1 -2147483648
17 2 -2147483648
17 3 2
17 4 -2147483648
17 5 0
17 6 0
17 7 -2147483648
17 8 0
17 9 -2147483648
17 10 -2147483648
17 11 0
17 12 -2147483648
17 13 0
17 14 -2147483648
17 15 -2147483648
17 16 -2147483648
17 18 -2147483648
17 19 0
18 0 -2147483648
18 1 -2147483648
18 2 1
18 3 -2147483648
18 4 -2147483648
18 5 -2147483648
18 6 -2147483648
18 7 2
18 8 0
18 9 1
18 10 0
18 11 0
18 12 -2147483648
18 13 -2147483648
18 14 -2147483648
18 15 -2147483648
18 16 0
18 17 -2147483648
18 19 -2147483648
19 0 -2147483648
19 1 0
19 2 0
19 3 -2147483648
19 4 3
19 5 -2147483648
19 6 -2147483648
19 7 -2147483648
19 8 3
19 9 -2147483648
19 10 -2147483648
19 11 -2147483648
19 12 0
19 13 -2147483648
19 14 1
19 15 1
19 16 0
19 17 0
19 18 -2147483648
