0 1 5
0 2 4
0 3 3
0 4 2
0 5 2
0 6 -2147483648
0 7 -2147483648
0 8 -2147483648
0 9 0
0 10 -2147483648
0 11 -2147483648
0 12 -2147483648
0 13 0
0 14 -2147483648
0 15 0
0 16 0
0 17 0
0 18 -2147483648
0 19 -2147483648
1 0 5
1 2 4
1 3 2
1 4 1
1 5 2
1 6 0
1 7 -2147483648
1 8 -2147483648
1 9 0
1 10 -2147483648
1 11 -2147483648
1 12 -2147483648
1 13 0
1 14 -2147483648
1 15 0
1 16 0
1 17 0
1 18 -2147483648
1 19 -2147483648
2 0 4
2 1 4
2 3 1
2 4 1
2 5 1
2 6 0
2 7 -2147483648
2 8 -2147483648
2 9 0
2 10 -2147483648
2 11 -2147483648
2 12 -2147483648
2 13 0
2 14 -2147483648
2 15 0
2 16 0
2 17 0
2 18 -2147483648
2 19 -2147483648
3 0 3
3 1 2
3 2 1
3 4 -2147483648
3 5 2
3 6 -2147483648
3 7 -2147483648
3 8 0
3 9 0
3 10 -2147483648
3 11 -2147483648
3 12 -2147483648
3 13 -2147483648
3 14 0
3 15 0
3 16 0
3 17 0
3 18 -2147483648
3 19 0
4 0 2
4 1 1
4 2 1
4 3 -2147483648
4 5 1
4 6 -2147483648
4 7 -2147483648
4 8 0
4 9 0
4 10 -2147483648
4 11 -2147483648
4 12 -2147483648
4 13 0
4 14 0
4 15 0
4 16 0
4 17 0
4 18 -2147483648
4 19 0
5 0 2
5 1 2
5 2 1
5 3 2
5 4 1
5 6 0
5 7 -2147483648
5 8 -2147483648
5 9 -2147483648
5 10 -2147483648
5 11 -2147483648
5 12 -2147483648
5 13 -2147483648
5 14 0
5 15 -2147483648
5 16 4
5 17 3
5 18 -2147483648
5 19 0
6 0 -2147483648
6 1 0
6 2 0
6 3 -2147483648
6 4 -2147483648
6 5 0
6 7 1
6 8 -2147483648
6 9 0
6 10 -2147483648
6 11 -2147483648
6 12 0
6 13 0
6 14 -2147483648
6 15 0
6 16 0
6 17 0
6 18 -2147483648
6 19 -2147483648
7 0 -2147483648
7 1 -2147483648
7 2 -2147483648
7 3 -2147483648
7 4 -2147483648
7 5 -2147483648
7 6 1
7 8 -2147483648
7 9 -2147483648
7 10 -2147483648
7 11 -2147483648
7 12 -2147483648
7 13 -2147483648
7 14 0
7 15 -2147483648
7 16 4
7 17 3
7 18 -2147483648
7 19 0
8 0 -2147483648
8 1 -2147483648
8 2 -2147483648
8 3 0
8 4 0
8 5 -2147483648
8 6 -2147483648
8 7 -2147483648
8 9 3
8 10 -2147483648
8 11 -2147483648
8 12 0
8 13 -2147483648
8 14 -2147483648
8 15 -2147483648
8 16 -2147483648
8 17 -2147483648
8 18 -2147483648
8 19 -2147483648
9 0 0
9 1 0
9 2 0
9 3 0
9 4 0
9 5 -2147483648
9 6 0
9 7 -2147483648
9 8 3
9 10 0
9 11 0
9 12 0
9 13 -2147483648
9 14 -2147483648
9 15 -2147483648
9 16 -2147483648
9 17 -2147483648
9 18 0
9 19 0
10 0 -2147483648
10 1 -2147483648
10 2 -2147483648
10 3 -2147483648
10 4 -2147483648
10 5 -2147483648
10 6 -2147483648
10 7 -2147483648
10 8 -2147483648
10 9 0
10 11 3
10 12 1
10 13 1
10 14 -2147483648
10 15 0
10 16 0
10 17 0
10 18 -2147483648
10 19 -2147483648
11 0 -2147483648
11 1 -2147483648
11 2 -2147483648
11 3 -2147483648
11 4 -2147483648
11 5 -2147483648
11 6 -2147483648
11 7 -2147483648
11 8 -2147483648
11 9 0
11 10 3
11 12 1
11 13 1
11 14 -2147483648
11 15 0
11 16 0
11 17 0
11 18 -2147483648
11 19 -2147483648
12 0 -2147483648
12 1 -2147483648
12 2 -2147483648
12 3 -2147483648
12 4 -2147483648
12 5 -2147483648
12 6 0
12 7 -2147483648
12 8 0
12 9 0
12 10 1
12 11 1
12 13 1
12 14 0
12 15 -2147483648
12 16 -2147483648
12 17 1
12 18 -2147483648
12 19 0
13 0 0
13 1 0
13 2 0
13 3 -2147483648
13 4 0
13 5 -2147483648
13 6 0
13 7 -2147483648
13 8 -2147483648
13 9 -2147483648
13 10 1
13 11 1
13 12 1
13 14 0
13 15 -2147483648
13 16 -2147483648
13 17 -2147483648
13 18 0
13 19 -2147483648
14 0 -2147483648
14 1 -2147483648
14 2 -2147483648
14 3 0
14 4 0
14 5 0
14 6 -2147483648
14 7 0
14 8 -2147483648
14 9 -2147483648
14 10 -2147483648
14 11 -2147483648
14 12 0
14 13 0
14 15 0
14 16 0
14 17 0
14 18 -2147483648
14 19 -2147483648
15 0 0
15 1 0
15 2 0
15 3 0
15 4 0
15 5 -2147483648
15 6 0
15 7 -2147483648
15 8 -2147483648
15 9 -2147483648
15 10 0
15 11 0
15 12 -2147483648
15 13 -2147483648
15 14 0
15 16 4
15 17 3
15 18 0
15 19 0
16 0 0
16 1 0
16 2 0
16 3 0
16 4 0
16 5 4
16 6 0
16 7 4
16 8 -2147483648
16 9 -2147483648
16 10 0
16 11 0
16 12 -2147483648
16 13 -2147483648
16 14 0
16 15 4
16 17 3
16 18 0
16 19 0
17 0 0
17 1 0
17 2 0
17 3 0
17 4 0
17 5 3
17 6 0
17 7 3
17 8 -2147483648
17 9 -2147483648
17 10 0
17 11 0
17 12 1
17 13 -2147483648
17 14 0
17 15 3
17 16 3
17 18 0
17 19 0
18 0 -2147483648
18 1 -2147483648
18 2 -2147483648
18 3 -2147483648
18 4 -2147483648
18 5 -2147483648
18 6 -2147483648
18 7 -2147483648
18 8 -2147483648
18 9 0
18 10 -2147483648
18 11 -2147483648
18 12 -2147483648
18 13 0
18 14 -2147483648
18 15 0
18 16 0
18 17 0
18 19 -2147483648
19 0 -2147483648
19 1 -2147483648
19 2 -2147483648
19 3 0
19 4 0
19 5 0
19 6 -2147483648
19 7 0
19 8 -2147483648
19 9 0
19 10 -2147483648
19 11 -2147483648
19 12 0
19 13 -2147483648
19 14 -2147483648
19 15 0
19 16 0
19 17 0
19 18 -2147483648
