12 10 9 3 1 6 11 13 
1 2 4 5 10 12 14 
1 6 11 12 14 4 7 
5 4 7 8 9 10 13 
3 9 10 5 4 7 8 
5 10 9 3 1 6 11 
6 1 2 4 5 10 13 
10 9 3 1 6 11 13 
5 4 14 12 11 13 10 
10 5 4 14 12 11 13 
4 2 3 9 10 12 
5 4 2 3 9 10 12 
8 9 3 2 4 14 
9 3 2 4 14 12 
3 2 4 5 10 13 
6 1 2 4 5 10 13 
3 9 8 7 4 14 
3 9 8 7 
2 4 14 12 10 9 
7 4 14 12 10 
8 9 10 5 4 14 
9 10 5 4 14 12 
1 2 4 7 
3 1 2 4 7 8 
2 4 7 8 9 
5 4 7 8 9 10 
5 4 14 12 10 13 
7 4 14 12 10 
12 14 4 5 10 13 
4 5 10 13 11 12 
3 1 6 11 12 14 
5 4 7 6 11 12 
5 10 12 11 
10 12 11 13 
10 9 8 7 6 11 13 
3 9 8 7 
6 11 13 
3 9 10 13 
6 11 13 
