0 1 -2147483648
0 2 -2147483648
0 3 -2147483648
0 4 -2147483648
0 5 5
0 6 -2147483648
0 7 6
0 8 -2147483648
0 9 -2147483648
0 10 -2147483648
0 11 -2147483648
0 12 -2147483648
0 13 -2147483648
0 14 -2147483648
0 15 -2147483648
0 16 -2147483648
0 17 -2147483648
0 18 2
0 19 1
1 0 -2147483648
1 2 -2147483648
1 3 -2147483648
1 4 -2147483648
1 5 -2147483648
1 6 -2147483648
1 7 -2147483648
1 8 -2147483648
1 9 -2147483648
1 10 -2147483648
1 11 -2147483648
1 12 -2147483648
1 13 -2147483648
1 14 -2147483648
1 15 -2147483648
1 16 -2147483648
1 17 0
1 18 -2147483648
1 19 -2147483648
2 0 -2147483648
2 1 -2147483648
2 3 1
2 4 1
2 5 2
2 6 -2147483648
2 7 -2147483648
2 8 -2147483648
2 9 -2147483648
2 10 -2147483648
2 11 -2147483648
2 12 -2147483648
2 13 -2147483648
2 14 -2147483648
2 15 -2147483648
2 16 -2147483648
2 17 0
2 18 -2147483648
2 19 -2147483648
3 0 -2147483648
3 1 -2147483648
3 2 1
3 4 -2147483648
3 5 -2147483648
3 6 -2147483648
3 7 -2147483648
3 8 -2147483648
3 9 -2147483648
3 10 -2147483648
3 11 -2147483648
3 12 -2147483648
3 13 -2147483648
3 14 -2147483648
3 15 -2147483648
3 16 -2147483648
3 17 -2147483648
3 18 -2147483648
3 19 -2147483648
4 0 -2147483648
4 1 -2147483648
4 2 1
4 3 -2147483648
4 5 -2147483648
4 6 -2147483648
4 7 -2147483648
4 8 -2147483648
4 9 -2147483648
4 10 -2147483648
4 11 -2147483648
4 12 -2147483648
4 13 -2147483648
4 14 -2147483648
4 15 -2147483648
4 16 -2147483648
4 17 -2147483648
4 18 -2147483648
4 19 -2147483648
5 0 5
5 1 -2147483648
5 2 2
5 3 -2147483648
5 4 -2147483648
5 6 -2147483648
5 7 5
5 8 -2147483648
5 9 -2147483648
5 10 -2147483648
5 11 -2147483648
5 12 -2147483648
5 13 -2147483648
5 14 -2147483648
5 15 -2147483648
5 16 -2147483648
5 17 -2147483648
5 18 1
5 19 0
6 0 -2147483648
6 1 -2147483648
6 2 -2147483648
6 3 -2147483648
6 4 -2147483648
6 5 -2147483648
6 7 -2147483648
6 8 -2147483648
6 9 -2147483648
6 10 -2147483648
6 11 -2147483648
6 12 -2147483648
6 13 -2147483648
6 14 4
6 15 6
6 16 -2147483648
6 17 0
6 18 -2147483648
6 19 -2147483648
7 0 6
7 1 -2147483648
7 2 -2147483648
7 3 -2147483648
7 4 -2147483648
7 5 5
7 6 -2147483648
7 8 1
7 9 -2147483648
7 10 -2147483648
7 11 -2147483648
7 12 -2147483648
7 13 -2147483648
7 14 -2147483648
7 15 -2147483648
7 16 -2147483648
7 17 -2147483648
7 18 1
7 19 0
8 0 -2147483648
8 1 -2147483648
8 2 -2147483648
8 3 -2147483648
8 4 -2147483648
8 5 -2147483648
8 6 -2147483648
8 7 1
8 9 5
8 10 -2147483648
8 11 -2147483648
8 12 1
8 13 2
8 14 -2147483648
8 15 -2147483648
8 16 1
8 17 0
8 18 -2147483648
8 19 -2147483648
9 0 -2147483648
9 1 -2147483648
9 2 -2147483648
9 3 -2147483648
9 4 -2147483648
9 5 -2147483648
9 6 -2147483648
9 7 -2147483648
9 8 5
9 10 -2147483648
9 11 -2147483648
9 12 1
9 13 2
9 14 -2147483648
9 15 -2147483648
9 16 1
9 17 0
9 18 -2147483648
9 19 -2147483648
10 0 -2147483648
10 1 -2147483648
10 2 -2147483648
10 3 -2147483648
10 4 -2147483648
10 5 -2147483648
10 6 -2147483648
10 7 -2147483648
10 8 -2147483648
10 9 -2147483648
10 11 5
10 12 -2147483648
10 13 -2147483648
10 14 -2147483648
10 15 -2147483648
10 16 -2147483648
10 17 -2147483648
10 18 -2147483648
10 19 -2147483648
11 0 -2147483648
11 1 -2147483648
11 2 -2147483648
11 3 -2147483648
11 4 -2147483648
11 5 -2147483648
11 6 -2147483648
11 7 -2147483648
11 8 -2147483648
11 9 -2147483648
11 10 5
11 12 -2147483648
11 13 -2147483648
11 14 -2147483648
11 15 -2147483648
11 16 -2147483648
11 17 -2147483648
11 18 -2147483648
11 19 -2147483648
12 0 -2147483648
12 1 -2147483648
12 2 -2147483648
12 3 -2147483648
12 4 -2147483648
12 5 -2147483648
12 6 -2147483648
12 7 -2147483648
12 8 1
12 9 1
12 10 -2147483648
12 11 -2147483648
12 13 4
12 14 -2147483648
12 15 -2147483648
12 16 -2147483648
12 17 -2147483648
12 18 2
12 19 1
13 0 -2147483648
13 1 -2147483648
13 2 -2147483648
13 3 -2147483648
13 4 -2147483648
13 5 -2147483648
13 6 -2147483648
13 7 -2147483648
13 8 2
13 9 2
13 10 -2147483648
13 11 -2147483648
13 12 4
13 14 -2147483648
13 15 -2147483648
13 16 -2147483648
13 17 -2147483648
13 18 3
13 19 2
14 0 -2147483648
14 1 -2147483648
14 2 -2147483648
14 3 -2147483648
14 4 -2147483648
14 5 -2147483648
14 6 4
14 7 -2147483648
14 8 -2147483648
14 9 -2147483648
14 10 -2147483648
14 11 -2147483648
14 12 -2147483648
14 13 -2147483648
14 15 4
14 16 -2147483648
14 17 -2147483648
14 18 -2147483648
14 19 -2147483648
15 0 -2147483648
15 1 -2147483648
15 2 -2147483648
15 3 -2147483648
15 4 -2147483648
15 5 -2147483648
15 6 6
15 7 -2147483648
15 8 -2147483648
15 9 -2147483648
15 10 -2147483648
15 11 -2147483648
15 12 -2147483648
15 13 -2147483648
15 14 4
15 16 -2147483648
15 17 0
15 18 -2147483648
15 19 -2147483648
16 0 -2147483648
16 1 -2147483648
16 2 -2147483648
16 3 -2147483648
16 4 -2147483648
16 5 -2147483648
16 6 -2147483648
16 7 -2147483648
16 8 1
16 9 1
16 10 -2147483648
16 11 -2147483648
16 12 -2147483648
16 13 -2147483648
16 14 -2147483648
16 15 -2147483648
16 17 3
16 18 1
16 19 2
17 0 -2147483648
17 1 0
17 2 0
17 3 -2147483648
17 4 -2147483648
17 5 -2147483648
17 6 0
17 7 -2147483648
17 8 0
17 9 0
17 10 -2147483648
17 11 -2147483648
17 12 -2147483648
17 13 -2147483648
17 14 -2147483648
17 15 0
17 16 3
17 18 0
17 19 0
18 0 2
18 1 -2147483648
18 2 -2147483648
18 3 -2147483648
18 4 -2147483648
18 5 1
18 6 -2147483648
18 7 1
18 8 -2147483648
18 9 -2147483648
18 10 -2147483648
18 11 -2147483648
18 12 2
18 13 3
18 14 -2147483648
18 15 -2147483648
18 16 1
18 17 0
18 19 3
19 0 1
19 1 -2147483648
19 2 -2147483648
19 3 -2147483648
19 4 -2147483648
19 5 0
19 6 -2147483648
19 7 0
19 8 -2147483648
19 9 -2147483648
19 10 -2147483648
19 11 -2147483648
19 12 1
19 13 2
19 14 -2147483648
19 15 -2147483648
19 16 2
19 17 0
19 18 3
