10 11 12 13 14 33 32 31 38 43 
9 10 11 12 13 14 33 32 31 
23 22 21 19 18 30 31 38 
24 21 19 18 30 31 38 43 36 
24 21 19 18 30 29 38 39 
24 21 19 18 30 29 
3 2 1 23 24 25 41 40 
4 17 20 3 2 1 23 24 
13 14 15 16 31 38 43 36 
13 14 15 16 
37 38 43 
13 34 33 32 31 30 29 28 
18 30 29 28 27 26 25 41 
10 11 12 13 14 33 32 31 38 43 
9 10 11 12 13 14 33 32 31 
23 22 21 19 18 30 31 38 
24 21 19 18 30 31 38 43 36 
24 21 19 18 30 29 38 39 
24 21 19 18 30 29 
3 2 1 23 24 25 41 40 
4 17 20 3 2 1 23 24 
13 14 15 16 31 38 43 36 
13 14 15 16 
37 38 43 
13 34 33 32 31 30 29 28 
18 30 29 28 27 26 25 41 
10 11 12 13 14 33 32 31 38 43 
9 10 11 12 13 14 33 32 31 
23 22 21 19 18 30 31 38 
24 21 19 18 30 31 38 43 36 
24 21 19 18 30 29 38 39 
24 21 19 18 30 29 
3 2 1 23 24 25 41 40 
4 17 20 3 2 1 23 24 
13 14 15 16 31 38 43 36 
13 14 15 16 
13 34 35 36 43 38 29 28 
37 32 33 34 35 36 43 
10 11 12 13 14 33 32 31 38 43 
9 10 11 12 13 14 33 32 31 
23 22 21 19 18 30 31 38 
24 21 19 18 30 31 38 43 36 
24 21 19 18 30 29 38 39 
24 21 19 18 30 29 
3 2 1 23 24 25 41 40 
4 17 20 3 2 1 23 24 
13 14 15 16 31 38 43 36 
13 14 15 16 
37 38 43 
13 34 33 32 31 30 29 28 
18 30 29 28 27 26 25 41 
