0 1 7
0 2 1
0 3 2
0 4 -2147483648
0 5 0
0 6 0
0 7 0
0 8 -2147483648
0 9 -2147483648
0 10 1
0 11 -2147483648
0 12 0
1 0 7
1 2 0
1 3 0
1 4 0
1 5 0
1 6 0
1 7 0
1 8 -2147483648
1 9 -2147483648
1 10 0
1 11 -2147483648
1 12 0
2 0 1
2 1 0
2 3 5
2 4 -2147483648
2 5 -2147483648
2 6 -2147483648
2 7 -2147483648
2 8 1
2 9 0
2 10 0
2 11 -2147483648
2 12 -2147483648
3 0 2
3 1 0
3 2 5
3 4 -2147483648
3 5 -2147483648
3 6 -2147483648
3 7 0
3 8 3
3 9 0
3 10 1
3 11 -2147483648
3 12 -2147483648
4 0 -2147483648
4 1 0
4 2 -2147483648
4 3 -2147483648
4 5 5
4 6 -2147483648
4 7 0
4 8 -2147483648
4 9 0
4 10 -2147483648
4 11 -2147483648
4 12 -2147483648
5 0 0
5 1 0
5 2 -2147483648
5 3 -2147483648
5 4 5
5 6 -2147483648
5 7 0
5 8 0
5 9 0
5 10 0
5 11 1
5 12 2
6 0 0
6 1 0
6 2 -2147483648
6 3 -2147483648
6 4 -2147483648
6 5 -2147483648
6 7 4
6 8 0
6 9 0
6 10 0
6 11 0
6 12 1
7 0 0
7 1 0
7 2 -2147483648
7 3 0
7 4 0
7 5 0
7 6 4
7 8 0
7 9 0
7 10 0
7 11 0
7 12 0
8 0 -2147483648
8 1 -2147483648
8 2 1
8 3 3
8 4 -2147483648
8 5 0
8 6 0
8 7 0
8 9 3
8 10 1
8 11 -2147483648
8 12 0
9 0 -2147483648
9 1 -2147483648
9 2 0
9 3 0
9 4 0
9 5 0
9 6 0
9 7 0
9 8 3
9 10 0
9 11 -2147483648
9 12 0
10 0 1
10 1 0
10 2 0
10 3 1
10 4 -2147483648
10 5 0
10 6 0
10 7 0
10 8 1
10 9 0
10 11 0
10 12 0
11 0 -2147483648
11 1 -2147483648
11 2 -2147483648
11 3 -2147483648
11 4 -2147483648
11 5 1
11 6 0
11 7 0
11 8 -2147483648
11 9 -2147483648
11 10 0
11 12 2
12 0 0
12 1 0
12 2 -2147483648
12 3 -2147483648
12 4 -2147483648
12 5 2
12 6 1
12 7 0
12 8 0
12 9 0
12 10 0
12 11 2
