18 16 31 32 37 38 39 
36 43 38 31 32 37 
9 10 11 8 7 14 33 32 37 36 42 
15 16 18 30 29 38 43 36 
13 34 33 32 37 38 29 28 27 26 
22 23 24 26 27 28 29 
17 18 19 27 26 24 
29 38 37 36 42 34 33 
6 5 4 17 18 30 29 28 
6 15 16 18 30 29 38 37 
7 14 15 16 31 30 18 
5 4 17 18 16 15 6 
10 11 12 13 14 33 32 31 38 43 45 46 
24 25 41 40 27 28 29 39 
13 34 35 36 43 38 29 28 
24 25 41 40 39 38 29 
23 22 21 20 17 15 14 13 34 42 44 45 
13 14 33 32 31 38 43 36 
24 26 27 40 39 38 37 36 
18 30 29 28 27 26 25 41 
13 14 15 16 
37 36 43 
3 4 17 15 14 13 34 42 44 
4 17 18 19 27 26 24 
9 8 7 6 15 16 31 
16 15 17 20 21 26 25 41 
2 22 21 
11 8 13 34 42 44 45 
39 29 38 31 32 33 34 42 
12 11 8 7 6 15 16 18 19 27 26 25 
17 18 30 29 38 43 36 35 
24 26 27 28 29 39 38 31 
1 2 3 20 21 24 
20 19 18 30 29 38 37 36 43 
33 32 31 30 29 38 43 
13 14 33 32 37 36 35 34 
16 31 38 29 30 
7 8 13 14 15 16 31 32 
20 21 24 25 41 
15 17 20 19 27 40 39 38 
10 11 8 13 14 15 16 18 19 21 24 25 41 
16 18 30 29 38 37 32 
27 28 29 38 37 36 43 45 44 
30 31 38 29 28 27 40 
20 19 18 30 29 38 37 36 43 
18 30 29 39 38 
32 37 36 43 44 42 
10 11 12 13 14 15 17 20 19 21 22 
6 15 17 20 19 27 40 41 
20 21 26 27 28 29 30 
13 34 35 36 37 38 29 
14 13 34 35 36 
10 11 12 13 14 15 16 18 19 21 
8 7 14 33 34 13 12 
19 20 21 22 23 24 26 
7 14 33 32 37 36 42 
4 5 
23 22 21 20 17 15 14 13 34 35 
18 30 29 38 37 32 
17 15 14 13 34 35 
10 11 12 13 
11 12 13 14 33 32 31 38 39 40 27 
7 6 15 16 31 32 33 34 
5 4 17 18 30 29 39 38 37 
7 14 33 34 42 36 35 
3 20 19 27 28 29 38 43 44 
2 22 21 26 24 
8 7 14 33 34 13 12 11 
34 35 36 43 38 37 
30 29 39 38 37 36 42 44 45 
30 18 17 15 14 13 34 35 
4 5 6 
3 2 22 23 24 
3 20 17 18 16 15 14 13 8 11 10 9 
21 26 27 40 39 29 38 
26 21 19 18 16 31 32 33 34 35 
2 22 21 20 17 15 14 7 
9 10 11 8 7 14 33 34 35 36 43 45 46 
5 6 15 16 18 19 21 24 25 41 
2 22 21 19 18 30 29 38 43 45 46 
3 4 17 18 30 29 39 40 
8 7 6 15 17 20 19 27 
7 14 15 16 31 30 18 
38 43 45 46 44 42 
16 31 38 39 40 27 26 25 
21 26 27 
4 5 6 15 16 31 32 
24 26 27 40 39 38 37 36 35 
14 33 32 31 38 43 45 46 
27 26 21 24 25 41 
29 30 31 32 33 14 13 34 35 
1 23 24 26 27 40 39 38 43 36 35 
39 29 38 31 32 37 36 43 
39 29 30 18 19 27 26 25 41 
34 35 36 43 44 45 46 
23 24 25 41 40 39 38 31 
7 14 33 32 31 30 29 39 
3 2 22 23 24 25 41 
11 12 13 14 33 32 37 38 29 30 
10 11 12 13 34 35 36 43 38 29 
14 15 16 31 38 37 32 
