0 1 -2147483648
0 2 -2147483648
0 3 -2147483648
0 4 -2147483648
0 5 -2147483648
0 6 0
0 7 0
0 8 1
0 9 -2147483648
0 10 0
0 11 0
0 12 1
0 13 -2147483648
0 14 0
0 15 -2147483648
0 16 0
0 17 0
0 18 0
0 19 0
0 20 -2147483648
0 21 0
0 22 0
0 23 -2147483648
0 24 0
0 25 1
0 26 0
0 27 0
0 28 0
0 29 1
1 0 -2147483648
1 2 -2147483648
1 3 -2147483648
1 4 -2147483648
1 5 -2147483648
1 6 0
1 7 0
1 8 0
1 9 0
1 10 2
1 11 0
1 12 0
1 13 0
1 14 2
1 15 3
1 16 0
1 17 0
1 18 0
1 19 0
1 20 -2147483648
1 21 -2147483648
1 22 0
1 23 2
1 24 0
1 25 -2147483648
1 26 0
1 27 0
1 28 0
1 29 -2147483648
2 0 -2147483648
2 1 -2147483648
2 3 -2147483648
2 4 -2147483648
2 5 -2147483648
2 6 0
2 7 0
2 8 -2147483648
2 9 2
2 10 0
2 11 0
2 12 -2147483648
2 13 3
2 14 0
2 15 -2147483648
2 16 1
2 17 1
2 18 0
2 19 0
2 20 -2147483648
2 21 0
2 22 0
2 23 -2147483648
2 24 0
2 25 1
2 26 0
2 27 1
2 28 -2147483648
2 29 1
3 0 -2147483648
3 1 -2147483648
3 2 -2147483648
3 4 -2147483648
3 5 -2147483648
3 6 1
3 7 1
3 8 0
3 9 0
3 10 -2147483648
3 11 2
3 12 0
3 13 1
3 14 -2147483648
3 15 -2147483648
3 16 2
3 17 3
3 18 0
3 19 0
3 20 -2147483648
3 21 -2147483648
3 22 -2147483648
3 23 -2147483648
3 24 0
3 25 -2147483648
3 26 0
3 27 2
3 28 -2147483648
3 29 -2147483648
4 0 -2147483648
4 1 -2147483648
4 2 -2147483648
4 3 -2147483648
4 5 -2147483648
4 6 0
4 7 0
4 8 2
4 9 -2147483648
4 10 -2147483648
4 11 -2147483648
4 12 2
4 13 -2147483648
4 14 -2147483648
4 15 -2147483648
4 16 -2147483648
4 17 -2147483648
4 18 0
4 19 0
4 20 -2147483648
4 21 3
4 22 2
4 23 -2147483648
4 24 1
4 25 -2147483648
4 26 1
4 27 0
4 28 0
4 29 -2147483648
5 0 -2147483648
5 1 -2147483648
5 2 -2147483648
5 3 -2147483648
5 4 -2147483648
5 6 -2147483648
5 7 -2147483648
5 8 3
5 9 -2147483648
5 10 -2147483648
5 11 -2147483648
5 12 2
5 13 -2147483648
5 14 -2147483648
5 15 -2147483648
5 16 -2147483648
5 17 -2147483648
5 18 2
5 19 -2147483648
5 20 -2147483648
5 21 -2147483648
5 22 -2147483648
5 23 -2147483648
5 24 2
5 25 -2147483648
5 26 3
5 27 0
5 28 0
5 29 -2147483648
6 0 0
6 1 0
6 2 0
6 3 1
6 4 0
6 5 -2147483648
6 7 -2147483648
6 8 -2147483648
6 9 -2147483648
6 10 -2147483648
6 11 -2147483648
6 12 0
6 13 0
6 14 -2147483648
6 15 0
6 16 3
6 17 1
6 18 -2147483648
6 19 -2147483648
6 20 0
6 21 0
6 22 -2147483648
6 23 0
6 24 -2147483648
6 25 -2147483648
6 26 -2147483648
6 27 2
6 28 2
6 29 -2147483648
7 0 0
7 1 0
7 2 0
7 3 1
7 4 0
7 5 -2147483648
7 6 -2147483648
7 8 -2147483648
7 9 -2147483648
7 10 -2147483648
7 11 -2147483648
7 12 0
7 13 0
7 14 -2147483648
7 15 0
7 16 -2147483648
7 17 1
7 18 -2147483648
7 19 -2147483648
7 20 -2147483648
7 21 -2147483648
7 22 -2147483648
7 23 -2147483648
7 24 -2147483648
7 25 -2147483648
7 26 -2147483648
7 27 2
7 28 2
7 29 -2147483648
8 0 1
8 1 0
8 2 -2147483648
8 3 0
8 4 2
8 5 3
8 6 -2147483648
8 7 -2147483648
8 9 -2147483648
8 10 -2147483648
8 11 -2147483648
8 12 2
8 13 -2147483648
8 14 -2147483648
8 15 -2147483648
8 16 -2147483648
8 17 -2147483648
8 18 1
8 19 1
8 20 -2147483648
8 21 0
8 22 0
8 23 -2147483648
8 24 2
8 25 0
8 26 2
8 27 -2147483648
8 28 0
8 29 -2147483648
9 0 -2147483648
9 1 0
9 2 2
9 3 0
9 4 -2147483648
9 5 -2147483648
9 6 -2147483648
9 7 -2147483648
9 8 -2147483648
9 10 -2147483648
9 11 -2147483648
9 12 -2147483648
9 13 3
9 14 -2147483648
9 15 -2147483648
9 16 -2147483648
9 17 -2147483648
9 18 1
9 19 1
9 20 -2147483648
9 21 0
9 22 0
9 23 -2147483648
9 24 2
9 25 0
9 26 2
9 27 0
9 28 -2147483648
9 29 -2147483648
10 0 0
10 1 2
10 2 0
10 3 -2147483648
10 4 -2147483648
10 5 -2147483648
10 6 -2147483648
10 7 -2147483648
10 8 -2147483648
10 9 -2147483648
10 11 -2147483648
10 12 0
10 13 0
10 14 4
10 15 2
10 16 -2147483648
10 17 0
10 18 -2147483648
10 19 -2147483648
10 20 -2147483648
10 21 -2147483648
10 22 -2147483648
10 23 -2147483648
10 24 -2147483648
10 25 -2147483648
10 26 -2147483648
10 27 -2147483648
10 28 0
10 29 -2147483648
11 0 0
11 1 0
11 2 0
11 3 2
11 4 -2147483648
11 5 -2147483648
11 6 -2147483648
11 7 -2147483648
11 8 -2147483648
11 9 -2147483648
11 10 -2147483648
11 12 -2147483648
11 13 -2147483648
11 14 -2147483648
11 15 -2147483648
11 16 -2147483648
11 17 4
11 18 1
11 19 1
11 20 0
11 21 -2147483648
11 22 -2147483648
11 23 0
11 24 -2147483648
11 25 0
11 26 -2147483648
11 27 1
11 28 1
11 29 -2147483648
12 0 1
12 1 0
12 2 -2147483648
12 3 0
12 4 2
12 5 2
12 6 0
12 7 0
12 8 2
12 9 -2147483648
12 10 0
12 11 -2147483648
12 13 -2147483648
12 14 -2147483648
12 15 -2147483648
12 16 -2147483648
12 17 -2147483648
12 18 0
12 19 0
12 20 -2147483648
12 21 0
12 22 0
12 23 -2147483648
12 24 1
12 25 0
12 26 1
12 27 0
12 28 0
12 29 0
13 0 -2147483648
13 1 0
13 2 3
13 3 1
13 4 -2147483648
13 5 -2147483648
13 6 0
13 7 0
13 8 -2147483648
13 9 3
13 10 0
13 11 -2147483648
13 12 -2147483648
13 14 -2147483648
13 15 -2147483648
13 16 -2147483648
13 17 -2147483648
13 18 0
13 19 0
13 20 -2147483648
13 21 0
13 22 0
13 23 -2147483648
13 24 1
13 25 0
13 26 1
13 27 1
13 28 -2147483648
13 29 0
14 0 0
14 1 2
14 2 0
14 3 -2147483648
14 4 -2147483648
14 5 -2147483648
14 6 -2147483648
14 7 -2147483648
14 8 -2147483648
14 9 -2147483648
14 10 4
14 11 -2147483648
14 12 -2147483648
14 13 -2147483648
14 15 -2147483648
14 16 -2147483648
14 17 -2147483648
14 18 -2147483648
14 19 -2147483648
14 20 -2147483648
14 21 -2147483648
14 22 -2147483648
14 23 3
14 24 -2147483648
14 25 -2147483648
14 26 -2147483648
14 27 0
14 28 0
14 29 -2147483648
15 0 -2147483648
15 1 3
15 2 -2147483648
15 3 -2147483648
15 4 -2147483648
15 5 -2147483648
15 6 0
15 7 0
15 8 -2147483648
15 9 -2147483648
15 10 2
15 11 -2147483648
15 12 -2147483648
15 13 -2147483648
15 14 -2147483648
15 16 -2147483648
15 17 -2147483648
15 18 0
15 19 0
15 20 -2147483648
15 21 -2147483648
15 22 0
15 23 -2147483648
15 24 1
15 25 -2147483648
15 26 1
15 27 0
15 28 0
15 29 -2147483648
16 0 0
16 1 0
16 2 1
16 3 2
16 4 -2147483648
16 5 -2147483648
16 6 3
16 7 -2147483648
16 8 -2147483648
16 9 -2147483648
16 10 -2147483648
16 11 -2147483648
16 12 -2147483648
16 13 -2147483648
16 14 -2147483648
16 15 -2147483648
16 17 -2147483648
16 18 -2147483648
16 19 -2147483648
16 20 0
16 21 0
16 22 -2147483648
16 23 0
16 24 -2147483648
16 25 -2147483648
16 26 -2147483648
16 27 3
16 28 -2147483648
16 29 -2147483648
17 0 0
17 1 0
17 2 1
17 3 3
17 4 -2147483648
17 5 -2147483648
17 6 1
17 7 1
17 8 -2147483648
17 9 -2147483648
17 10 0
17 11 4
17 12 -2147483648
17 13 -2147483648
17 14 -2147483648
17 15 -2147483648
17 16 -2147483648
17 18 0
17 19 0
17 20 0
17 21 -2147483648
17 22 -2147483648
17 23 0
17 24 -2147483648
17 25 0
17 26 -2147483648
17 27 2
17 28 -2147483648
17 29 0
18 0 0
18 1 0
18 2 0
18 3 0
18 4 0
18 5 2
18 6 -2147483648
18 7 -2147483648
18 8 1
18 9 1
18 10 -2147483648
18 11 1
18 12 0
18 13 0
18 14 -2147483648
18 15 0
18 16 -2147483648
18 17 0
18 19 -2147483648
18 20 -2147483648
18 21 -2147483648
18 22 -2147483648
18 23 -2147483648
18 24 1
18 25 -2147483648
18 26 2
18 27 0
18 28 0
18 29 -2147483648
19 0 0
19 1 0
19 2 0
19 3 0
19 4 0
19 5 -2147483648
19 6 -2147483648
19 7 -2147483648
19 8 1
19 9 1
19 10 -2147483648
19 11 1
19 12 0
19 13 0
19 14 -2147483648
19 15 0
19 16 -2147483648
19 17 0
19 18 -2147483648
19 20 -2147483648
19 21 -2147483648
19 22 -2147483648
19 23 -2147483648
19 24 2
19 25 -2147483648
19 26 -2147483648
19 27 -2147483648
19 28 -2147483648
19 29 -2147483648
20 0 -2147483648
20 1 -2147483648
20 2 -2147483648
20 3 -2147483648
20 4 -2147483648
20 5 -2147483648
20 6 0
20 7 -2147483648
20 8 -2147483648
20 9 -2147483648
20 10 -2147483648
20 11 0
20 12 -2147483648
20 13 -2147483648
20 14 -2147483648
20 15 -2147483648
20 16 0
20 17 0
20 18 -2147483648
20 19 -2147483648
20 21 -2147483648
20 22 -2147483648
20 23 -2147483648
20 24 0
20 25 3
20 26 -2147483648
20 27 0
20 28 0
20 29 3
21 0 0
21 1 -2147483648
21 2 0
21 3 -2147483648
21 4 3
21 5 -2147483648
21 6 0
21 7 -2147483648
21 8 0
21 9 0
21 10 -2147483648
21 11 -2147483648
21 12 0
21 13 0
21 14 -2147483648
21 15 -2147483648
21 16 0
21 17 -2147483648
21 18 -2147483648
21 19 -2147483648
21 20 -2147483648
21 22 -2147483648
21 23 -2147483648
21 24 0
21 25 -2147483648
21 26 -2147483648
21 27 0
21 28 0
21 29 -2147483648
22 0 0
22 1 0
22 2 0
22 3 -2147483648
22 4 2
22 5 -2147483648
22 6 -2147483648
22 7 -2147483648
22 8 0
22 9 0
22 10 -2147483648
22 11 -2147483648
22 12 0
22 13 0
22 14 -2147483648
22 15 0
22 16 -2147483648
22 17 -2147483648
22 18 -2147483648
22 19 -2147483648
22 20 -2147483648
22 21 -2147483648
22 23 -2147483648
22 24 -2147483648
22 25 -2147483648
22 26 -2147483648
22 27 -2147483648
22 28 -2147483648
22 29 -2147483648
23 0 -2147483648
23 1 2
23 2 -2147483648
23 3 -2147483648
23 4 -2147483648
23 5 -2147483648
23 6 0
23 7 -2147483648
23 8 -2147483648
23 9 -2147483648
23 10 -2147483648
23 11 0
23 12 -2147483648
23 13 -2147483648
23 14 3
23 15 -2147483648
23 16 0
23 17 0
23 18 -2147483648
23 19 -2147483648
23 20 -2147483648
23 21 -2147483648
23 22 -2147483648
23 24 0
23 25 -2147483648
23 26 -2147483648
23 27 1
23 28 0
23 29 -2147483648
24 0 0
24 1 0
24 2 0
24 3 0
24 4 1
24 5 2
24 6 -2147483648
24 7 -2147483648
24 8 2
24 9 2
24 10 -2147483648
24 11 -2147483648
24 12 1
24 13 1
24 14 -2147483648
24 15 1
24 16 -2147483648
24 17 -2147483648
24 18 1
24 19 2
24 20 0
24 21 0
24 22 -2147483648
24 23 0
24 25 -2147483648
24 26 -2147483648
24 27 -2147483648
24 28 -2147483648
24 29 -2147483648
25 0 1
25 1 -2147483648
25 2 1
25 3 -2147483648
25 4 -2147483648
25 5 -2147483648
25 6 -2147483648
25 7 -2147483648
25 8 0
25 9 0
25 10 -2147483648
25 11 0
25 12 0
25 13 0
25 14 -2147483648
25 15 -2147483648
25 16 -2147483648
25 17 0
25 18 -2147483648
25 19 -2147483648
25 20 3
25 21 -2147483648
25 22 -2147483648
25 23 -2147483648
25 24 -2147483648
25 26 -2147483648
25 27 -2147483648
25 28 -2147483648
25 29 -2147483648
26 0 0
26 1 0
26 2 0
26 3 0
26 4 1
26 5 3
26 6 -2147483648
26 7 -2147483648
26 8 2
26 9 2
26 10 -2147483648
26 11 -2147483648
26 12 1
26 13 1
26 14 -2147483648
26 15 1
26 16 -2147483648
26 17 -2147483648
26 18 2
26 19 -2147483648
26 20 -2147483648
26 21 -2147483648
26 22 -2147483648
26 23 -2147483648
26 24 -2147483648
26 25 -2147483648
26 27 -2147483648
26 28 -2147483648
26 29 -2147483648
27 0 0
27 1 0
27 2 1
27 3 2
27 4 0
27 5 0
27 6 2
27 7 2
27 8 -2147483648
27 9 0
27 10 -2147483648
27 11 1
27 12 0
27 13 1
27 14 0
27 15 0
27 16 3
27 17 2
27 18 0
27 19 -2147483648
27 20 0
27 21 0
27 22 -2147483648
27 23 1
27 24 -2147483648
27 25 -2147483648
27 26 -2147483648
27 28 -2147483648
27 29 -2147483648
28 0 0
28 1 0
28 2 -2147483648
28 3 -2147483648
28 4 0
28 5 0
28 6 2
28 7 2
28 8 0
28 9 -2147483648
28 10 0
28 11 1
28 12 0
28 13 -2147483648
28 14 0
28 15 0
28 16 -2147483648
28 17 -2147483648
28 18 0
28 19 -2147483648
28 20 0
28 21 0
28 22 -2147483648
28 23 0
28 24 -2147483648
28 25 -2147483648
28 26 -2147483648
28 27 -2147483648
28 29 -2147483648
29 0 1
29 1 -2147483648
29 2 1
29 3 -2147483648
29 4 -2147483648
29 5 -2147483648
29 6 -2147483648
29 7 -2147483648
29 8 -2147483648
29 9 -2147483648
29 10 -2147483648
29 11 -2147483648
29 12 0
29 13 0
29 14 -2147483648
29 15 -2147483648
29 16 -2147483648
29 17 0
29 18 -2147483648
29 19 -2147483648
29 20 3
29 21 -2147483648
29 22 -2147483648
29 23 -2147483648
29 24 -2147483648
29 25 -2147483648
29 26 -2147483648
29 27 -2147483648
29 28 -2147483648
