18 16 31 32 37 38 39 
36 43 38 31 32 37 
9 10 11 8 7 14 33 32 37 36 42 
15 16 18 30 29 38 43 36 
13 34 33 32 37 38 29 28 27 26 
22 23 24 26 27 28 29 
17 18 19 27 26 24 
29 38 37 36 42 34 33 
6 5 4 17 18 30 29 28 
6 15 16 18 30 29 38 37 
7 14 15 16 31 30 18 
5 4 17 18 16 15 6 
10 11 12 13 14 33 32 31 38 43 45 46 
24 25 41 40 27 28 29 39 
13 34 35 36 43 38 29 28 
24 25 41 40 39 38 29 
23 22 21 20 17 15 14 13 34 42 44 45 
13 14 33 32 31 38 43 36 
24 26 27 40 39 38 37 36 
18 30 29 28 27 26 25 41 
13 14 15 16 
37 36 43 
3 4 17 15 14 13 34 42 44 
4 17 18 19 27 26 24 
9 8 7 6 15 16 31 
16 15 17 20 21 26 25 41 
2 22 21 
11 8 13 34 42 44 45 
39 29 38 31 32 33 34 42 
12 11 8 7 6 15 16 18 19 27 26 25 
17 18 30 29 38 43 36 35 
24 26 27 28 29 39 38 31 
1 2 3 20 21 24 
20 19 18 30 29 38 37 36 43 
33 32 31 30 29 38 43 
13 14 33 32 37 36 35 34 
16 31 38 29 30 
7 8 13 14 15 16 31 32 
20 21 24 25 41 
15 17 20 19 27 40 39 38 
10 11 8 13 14 15 16 18 19 21 24 25 41 
16 18 30 29 38 37 32 
27 28 29 38 37 36 43 45 44 
30 31 38 29 28 27 40 
20 19 18 30 29 38 37 36 43 
18 30 29 39 38 
32 37 36 43 44 42 
10 11 12 13 14 15 17 20 19 21 22 
6 15 17 20 19 27 40 41 
20 21 26 27 28 29 30 
13 34 35 36 37 38 29 
14 13 34 35 36 
10 11 12 13 14 15 16 18 19 21 
8 7 14 33 34 13 12 
19 20 21 22 23 24 26 
7 14 33 32 37 36 42 
4 5 
23 22 21 20 17 15 14 13 34 35 
18 30 29 38 37 32 
17 15 14 13 34 35 
10 11 12 13 
11 12 13 14 33 32 31 38 39 40 27 
7 6 15 16 31 32 33 34 
5 4 17 18 30 29 39 38 37 
7 14 33 34 42 36 35 
3 20 19 27 28 29 38 43 44 
2 22 21 26 24 
8 7 14 33 34 13 12 11 
34 35 36 43 38 37 
30 29 39 38 37 36 42 44 45 
30 18 17 15 14 13 34 35 
4 5 6 
3 2 22 23 24 
3 20 17 18 16 15 14 13 8 11 10 9 
21 26 27 40 39 29 38 
26 21 19 18 16 31 32 33 34 35 
2 22 21 20 17 15 14 7 
9 10 11 8 7 14 33 34 35 36 43 45 46 
5 6 15 16 18 19 21 24 25 41 
2 22 21 19 18 30 29 38 43 45 46 
3 4 17 18 30 29 39 40 
8 7 6 15 17 20 19 27 
7 14 15 16 31 30 18 
38 43 45 46 44 42 
16 31 38 39 40 27 26 25 
21 26 27 
4 5 6 15 16 31 32 
24 26 27 40 39 38 37 36 35 
14 33 32 31 38 43 45 46 
27 26 21 24 25 41 
29 30 31 32 33 14 13 34 35 
1 23 24 26 27 40 39 38 43 36 35 
39 29 38 31 32 37 36 43 
39 29 30 18 19 27 26 25 41 
34 35 36 43 44 45 46 
23 24 25 41 40 39 38 31 
7 14 33 32 31 30 29 39 
3 2 22 23 24 25 41 
11 12 13 14 33 32 37 38 29 30 
10 11 12 13 34 35 36 43 38 29 
14 15 16 31 38 37 32 
18 30 29 39 
18 16 31 38 39 
18 19 27 40 39 
18 19 21 26 27 40 39 
18 17 15 16 31 38 39 
18 16 31 32 37 38 39 
36 37 
36 43 38 37 
36 43 38 31 32 37 
36 35 34 33 32 37 
36 42 44 43 38 37 
36 42 34 33 32 37 
9 8 13 34 42 
9 10 11 12 13 14 33 34 35 36 42 
9 10 11 12 13 14 33 32 37 36 42 
9 10 11 8 7 14 33 34 35 36 42 
9 10 11 8 7 14 33 32 37 36 42 
9 10 11 12 13 14 15 16 31 38 37 36 42 
15 14 13 34 35 36 
15 16 31 38 37 36 
15 16 31 38 43 36 
15 16 31 32 37 36 
15 16 18 30 29 38 43 36 
15 17 18 30 29 38 43 36 
13 14 15 17 20 21 26 
13 8 7 6 15 16 18 19 27 26 
13 34 33 32 31 38 39 40 27 26 
13 34 35 36 37 38 39 40 27 26 
13 34 33 32 31 38 29 28 27 26 
13 34 33 32 37 38 29 28 27 26 
22 21 19 18 30 29 
22 23 24 26 27 28 29 
22 23 24 26 27 40 39 29 
22 23 24 21 26 27 28 29 
22 23 24 25 26 27 28 29 
22 2 3 20 19 27 28 29 
17 20 21 24 
17 18 19 21 26 24 
17 18 19 27 26 24 
17 18 19 21 26 25 24 
17 18 19 21 22 23 24 
17 4 3 2 1 23 24 
29 30 31 32 33 
29 38 37 36 35 34 33 
29 38 31 16 15 14 33 
29 38 43 36 35 34 33 
29 38 37 36 42 34 33 
29 38 43 44 42 34 33 
6 15 17 20 19 27 28 
6 5 4 17 18 30 29 28 
6 7 14 15 16 31 38 29 28 
6 7 14 33 32 31 38 29 28 
6 7 14 15 16 31 30 29 28 
6 7 14 33 32 31 30 29 28 
6 7 14 33 32 37 
6 15 16 31 38 37 
6 15 16 31 38 43 36 37 
6 15 16 18 30 29 38 37 
6 15 16 31 30 29 38 37 
6 15 14 13 34 35 36 37 
7 6 15 17 18 
7 14 15 16 18 
7 14 15 16 31 30 18 
7 14 33 32 31 30 18 
7 14 33 32 31 16 18 
7 8 13 14 15 16 18 
5 6 
5 4 17 15 6 
5 4 17 15 14 7 6 
5 4 17 18 16 15 6 
5 4 3 20 17 15 6 
5 4 17 15 14 13 8 7 6 
10 9 8 13 34 42 44 46 
10 11 12 13 14 33 34 35 36 43 45 46 
10 11 12 13 14 33 32 31 38 43 45 46 
10 11 12 13 14 15 16 31 38 43 45 46 
10 11 8 7 14 33 34 35 36 43 45 46 
10 11 8 7 14 33 32 31 38 43 45 46 
24 26 27 40 39 
24 21 19 27 28 29 39 
24 21 19 18 30 29 39 
24 25 41 40 27 28 29 39 
24 21 19 27 28 29 38 39 
24 21 19 18 30 29 38 39 
13 14 15 17 20 19 27 28 
13 34 33 32 31 30 29 28 
13 34 33 32 31 38 29 28 
13 34 33 32 37 38 29 28 
13 34 35 36 37 38 29 28 
13 34 35 36 43 38 29 28 
24 26 27 28 29 
24 21 19 18 30 29 
24 25 41 40 39 29 
24 21 19 27 40 39 29 
24 21 20 17 18 30 29 
24 25 41 40 39 38 29 
23 24 26 27 40 39 38 43 45 
23 22 21 20 17 15 14 13 34 42 44 45 
23 22 21 20 17 15 14 33 34 42 44 45 
13 34 35 36 
13 14 33 32 37 36 
13 14 33 34 42 36 
13 14 33 32 37 38 43 36 
13 14 33 32 31 38 43 36 
13 14 15 16 31 38 43 36 
24 26 27 40 39 38 37 36 
24 21 19 18 16 31 38 43 36 
24 21 19 18 30 29 38 43 36 
24 21 19 27 28 29 38 43 36 
24 21 19 18 30 31 38 43 36 
24 25 41 40 27 28 29 38 43 36 
18 19 27 40 41 
18 17 20 21 24 25 41 
18 17 20 21 26 25 41 
18 30 29 28 27 26 25 41 
18 17 20 21 24 26 25 41 
18 17 20 19 21 24 25 41 
13 14 15 16 
13 34 33 32 31 16 
13 8 7 6 15 17 18 16 
13 8 7 14 33 32 31 16 
13 34 33 32 31 30 18 16 
13 34 33 32 37 38 31 16 
37 38 43 
37 36 43 
37 36 42 44 43 
37 36 42 44 45 43 
37 36 35 34 42 44 43 
37 32 33 34 35 36 43 
3 4 17 15 14 13 34 42 44 
3 20 19 18 16 31 38 43 44 
3 20 19 18 30 29 38 43 44 
3 20 19 27 28 29 38 43 44 
3 20 19 18 30 31 38 43 44 
3 20 19 27 40 39 38 43 44 
4 3 20 21 24 
4 17 20 19 21 26 24 
4 17 20 19 27 26 24 
4 17 18 19 21 26 24 
4 17 18 19 27 26 24 
4 17 20 3 2 1 23 24 
9 8 7 6 15 16 31 
9 10 11 12 13 14 33 32 31 
9 10 11 12 13 34 33 32 31 
9 10 11 8 13 14 33 32 31 
9 10 11 8 13 34 33 32 31 
9 10 11 12 13 14 33 32 37 38 31 
16 18 19 27 40 41 
16 15 17 20 21 24 25 41 
16 15 17 20 21 26 25 41 
16 31 38 39 40 27 26 25 41 
16 15 17 20 21 24 26 25 41 
16 31 38 29 28 27 26 25 41 
2 22 21 
2 3 20 21 
2 3 20 19 21 
2 1 23 24 21 
2 3 4 17 20 21 
2 1 23 24 26 21 
11 8 13 34 42 44 45 
11 12 13 14 33 34 35 36 43 45 
11 12 13 14 33 32 31 38 43 45 
11 12 13 14 15 16 31 38 43 45 
11 12 13 14 33 32 37 36 43 45 
11 12 13 14 33 32 37 38 43 45 
39 38 37 36 42 
39 29 38 43 44 42 
39 29 38 43 45 44 42 
39 29 30 31 32 33 34 42 
39 29 38 43 36 35 34 42 
39 29 38 31 32 33 34 42 
12 13 14 15 17 20 21 24 25 
12 11 8 7 6 15 16 18 19 27 26 25 
12 11 8 7 6 15 16 18 19 21 26 25 
12 11 8 7 14 33 32 31 38 39 40 41 25 
12 11 8 13 34 33 32 31 38 39 40 41 25 
17 15 14 13 34 35 
17 18 16 31 38 37 36 35 
17 18 16 31 38 43 36 35 
17 18 30 29 38 43 36 35 
17 18 16 31 32 37 36 35 
17 18 30 29 38 37 36 35 
24 21 19 18 16 31 
24 26 27 28 29 30 31 
24 26 27 28 29 38 31 
24 26 27 40 39 38 31 
24 25 41 40 39 38 31 
24 26 27 28 29 39 38 31 
1 23 24 
1 2 22 21 24 
1 2 22 21 26 24 
1 2 3 20 21 24 
1 2 22 21 26 25 24 
1 2 3 20 21 26 24 
20 17 15 16 31 38 43 
20 19 18 30 29 38 37 36 43 
20 19 18 30 31 32 37 36 43 
20 19 27 40 39 38 37 36 43 
20 19 27 28 29 38 37 36 43 
20 19 18 30 29 39 38 37 36 43 
33 34 35 36 43 
33 32 31 38 43 
33 32 37 38 43 
33 32 31 30 29 38 43 
33 32 37 36 42 44 43 
33 14 13 34 42 44 43 
13 34 
13 14 33 34 
13 8 7 14 33 34 
13 14 33 32 37 36 35 34 
13 14 15 16 31 32 33 34 
13 8 7 6 15 14 33 34 
16 18 30 
16 31 30 
16 31 38 29 30 
16 31 38 39 29 30 
16 31 32 37 38 29 30 
16 15 14 33 32 31 30 
7 14 33 32 
7 6 15 16 31 32 
7 6 15 16 31 38 37 32 
7 6 15 16 18 30 31 32 
7 6 15 17 18 16 31 32 
7 8 13 14 15 16 31 32 
20 19 27 40 41 
20 21 24 25 41 
20 21 26 25 41 
20 21 24 26 25 41 
20 21 26 24 25 41 
20 21 22 23 24 25 41 
15 16 31 38 
15 17 18 30 29 38 
15 14 33 32 37 38 
15 17 18 30 29 39 38 
15 17 20 19 27 40 39 38 
15 17 18 30 31 32 37 38 
10 9 8 7 6 15 17 20 19 27 40 41 
10 11 12 13 14 15 16 18 19 21 24 25 41 
10 11 8 13 14 15 16 18 19 21 24 25 41 
10 11 12 13 14 15 16 18 19 21 26 25 41 
10 11 8 13 14 15 16 18 19 21 26 25 41 
16 31 32 
16 15 14 33 32 
16 15 14 13 34 33 32 
16 18 30 31 38 37 32 
16 18 30 29 38 37 32 
16 18 17 15 14 33 32 
27 40 39 38 43 44 
27 28 29 38 37 36 42 44 
27 28 29 38 37 36 43 45 44 
27 28 29 38 37 32 33 34 42 44 
27 28 29 38 31 32 33 34 42 44 
27 19 18 16 31 38 37 36 42 44 
30 29 39 40 
30 18 19 27 40 
30 18 19 21 26 27 40 
30 18 17 20 19 27 40 
30 31 16 18 19 27 40 
30 31 38 29 28 27 40 
20 17 15 16 31 38 43 
20 19 18 30 29 38 37 36 43 
20 19 18 30 31 32 37 36 43 
20 19 27 40 39 38 37 36 43 
20 19 27 28 29 38 37 36 43 
20 19 18 30 29 39 38 37 36 43 
18 16 31 38 
18 30 29 38 
18 30 29 39 38 
18 30 31 32 37 38 
18 19 27 28 29 38 
18 19 27 40 39 38 
32 33 34 42 
32 37 36 42 
32 37 38 43 44 42 
32 31 38 43 44 42 
32 37 36 43 44 42 
32 37 38 43 36 42 
10 9 8 7 6 5 4 3 2 22 
10 11 12 13 14 15 17 20 21 22 
10 11 8 13 14 15 17 20 21 22 
10 11 12 13 14 15 16 18 19 21 22 
10 11 8 13 14 15 16 18 19 21 22 
10 11 12 13 14 15 17 20 19 21 22 
6 15 17 20 19 27 40 41 
6 5 4 3 20 21 24 25 41 
6 5 4 3 20 21 26 25 41 
6 5 4 3 20 21 24 26 25 41 
6 5 4 3 2 1 23 24 25 41 
6 5 4 17 18 19 21 24 25 41 
20 17 18 30 
20 19 18 16 31 30 
20 19 27 28 29 30 
20 21 19 18 16 31 30 
20 21 19 27 28 29 30 
20 21 26 27 28 29 30 
13 14 15 17 18 30 29 
13 34 33 32 31 38 29 
13 34 33 32 37 38 29 
13 34 35 36 37 38 29 
13 34 35 36 43 38 29 
13 34 42 44 43 38 29 
14 13 34 35 36 
14 33 32 37 36 
14 33 34 42 36 
14 33 32 37 38 43 36 
14 33 32 31 38 43 36 
14 33 34 42 44 43 36 
10 9 8 7 6 15 17 20 21 
10 11 12 13 14 15 16 18 19 21 
10 11 8 13 14 15 16 18 19 21 
10 11 12 13 14 15 16 31 30 18 19 21 
10 11 8 13 14 15 16 31 30 18 19 21 
10 11 12 13 14 33 32 31 16 18 19 21 
8 11 12 
8 13 12 
8 7 14 13 12 
8 7 14 33 34 13 12 
8 7 6 15 14 13 12 
8 7 6 15 14 33 34 13 12 
19 21 26 
19 27 26 
19 20 21 24 26 
19 27 40 41 25 26 
19 20 21 24 25 26 
19 20 21 22 23 24 26 
7 8 13 34 42 
7 14 33 34 35 36 42 
7 14 33 32 37 36 42 
7 14 15 16 31 38 37 36 42 
7 14 33 34 35 36 43 44 42 
7 14 33 32 37 38 43 44 42 
4 5 
4 17 15 6 5 
4 17 15 14 7 6 5 
4 17 18 16 15 6 5 
4 3 20 17 15 6 5 
4 17 15 14 13 8 7 6 5 
23 22 21 20 17 15 14 13 34 35 
23 24 26 27 28 29 38 37 36 35 
23 24 26 27 28 29 38 43 36 35 
23 24 26 27 40 39 38 43 36 35 
23 24 26 27 40 39 38 37 36 35 
23 24 25 41 40 39 38 37 36 35 
18 16 31 32 
18 30 31 38 37 32 
18 30 29 38 37 32 
18 17 15 14 33 32 
18 30 29 39 38 37 32 
18 30 31 38 43 36 37 32 
17 15 14 13 34 35 
17 18 16 31 38 37 36 35 
17 18 16 31 38 43 36 35 
17 18 30 29 38 43 36 35 
17 18 16 31 32 37 36 35 
17 18 30 29 38 37 36 35 
10 9 8 13 
10 11 12 13 
10 11 8 7 14 13 
10 11 8 7 14 33 34 13 
10 11 8 7 6 15 14 13 
10 11 8 7 6 15 14 33 34 13 
11 8 7 6 15 17 20 19 27 
11 12 13 14 15 16 18 19 21 26 27 
11 12 13 14 15 16 31 38 39 40 27 
11 12 13 14 15 16 18 30 29 28 27 
11 12 13 14 15 16 31 38 29 28 27 
11 12 13 14 33 32 31 38 39 40 27 
7 8 13 34 
7 14 33 34 
7 6 15 14 33 34 
7 14 33 32 37 36 35 34 
7 14 15 16 31 32 33 34 
7 6 15 16 31 32 33 34 
5 6 7 14 33 32 37 
5 4 17 15 16 31 38 37 
5 4 17 18 30 29 38 37 
5 4 17 18 30 31 38 37 
5 4 17 18 16 31 38 37 
5 4 17 18 30 29 39 38 37 
7 8 13 34 35 
7 14 33 34 42 36 35 
7 14 33 32 37 36 35 
7 14 15 16 31 38 37 36 35 
7 14 33 34 42 44 43 36 35 
7 14 33 32 37 38 43 36 35 
3 4 17 15 14 13 34 42 44 
3 20 19 18 16 31 38 43 44 
3 20 19 18 30 29 38 43 44 
3 20 19 27 28 29 38 43 44 
3 20 19 18 30 31 38 43 44 
3 20 19 27 40 39 38 43 44 
2 1 23 24 
2 22 21 24 
2 22 21 26 24 
2 3 20 21 24 
2 22 21 26 25 24 
2 3 20 21 26 24 
8 11 
8 9 10 11 
8 13 12 11 
8 7 14 13 12 11 
8 7 14 33 34 13 12 11 
8 7 6 15 14 13 12 11 
34 33 32 37 
34 35 36 37 
34 42 36 37 
34 35 36 43 38 37 
34 42 36 43 38 37 
34 42 44 43 38 37 
30 31 38 43 45 
30 29 38 37 36 43 44 45 
30 29 38 37 36 42 44 45 
30 29 39 38 37 36 43 44 45 
30 29 39 38 37 36 42 44 45 
30 29 38 37 36 43 44 46 45 
30 31 38 37 36 35 
30 29 38 43 36 42 34 35 
30 29 38 43 44 42 34 35 
30 18 17 15 14 13 34 35 
30 29 38 31 32 33 34 35 
30 18 17 15 14 33 34 35 
4 5 6 
4 17 15 6 
4 17 15 14 7 6 
4 17 18 16 15 6 
4 3 20 17 15 6 
4 17 15 14 13 8 7 6 
3 20 21 24 
3 2 1 23 24 
3 2 22 23 24 
3 2 22 21 26 24 
3 2 22 21 26 25 24 
3 2 22 21 19 27 26 24 
3 4 5 6 7 8 9 
3 20 17 15 14 13 8 11 10 9 
3 20 17 15 14 13 12 11 10 9 
3 20 17 15 14 33 34 13 8 11 10 9 
3 20 17 15 14 33 34 13 12 11 10 9 
3 20 17 18 16 15 14 13 8 11 10 9 
21 19 18 16 31 38 
21 26 27 28 29 38 
21 26 27 40 39 38 
21 26 27 28 29 39 38 
21 26 25 41 40 39 38 
21 26 27 40 39 29 38 
26 27 40 39 38 37 36 35 
26 21 20 17 15 14 13 34 35 
26 21 20 17 15 14 33 34 35 
26 24 21 20 17 15 14 13 34 35 
26 21 19 18 16 31 32 33 34 35 
26 21 19 18 16 15 14 13 34 35 
2 3 4 5 6 7 
2 22 21 20 17 15 14 7 
2 22 21 19 18 16 15 14 7 
2 22 21 19 18 17 15 14 7 
2 22 21 19 20 17 15 14 7 
2 22 21 20 17 15 14 13 8 7 
9 8 13 34 42 44 46 
9 10 11 12 13 14 33 34 35 36 43 45 46 
9 10 11 12 13 14 33 32 31 38 43 45 46 
9 10 11 12 13 14 15 16 31 38 43 45 46 
9 10 11 8 7 14 33 34 35 36 43 45 46 
9 10 11 8 7 14 33 32 31 38 43 45 46 
5 4 3 20 19 27 40 41 
5 6 15 17 20 21 24 25 41 
5 6 15 17 20 21 26 25 41 
5 6 15 16 18 19 21 24 25 41 
5 6 15 17 20 21 24 26 25 41 
5 6 15 17 18 19 21 24 25 41 
2 3 4 17 15 14 13 34 42 44 46 
2 22 21 19 18 16 31 38 43 45 46 
2 22 21 19 18 30 29 38 43 45 46 
2 22 21 19 18 30 31 38 43 45 46 
2 22 21 19 27 28 29 38 43 45 46 
2 22 21 19 27 40 39 38 43 45 46 
3 20 19 27 40 
3 2 22 21 26 25 41 40 
3 2 22 23 24 25 41 40 
3 2 1 23 24 25 41 40 
3 4 17 18 30 29 39 40 
3 2 22 21 24 25 41 40 
8 7 6 15 17 20 19 27 
8 13 14 15 16 18 19 21 26 27 
8 13 14 15 16 31 38 39 40 27 
8 13 34 33 32 31 38 39 40 27 
8 13 14 15 16 18 30 29 28 27 
8 13 14 15 16 31 38 29 28 27 
7 6 15 17 18 
7 14 15 16 18 
7 14 15 16 31 30 18 
7 14 33 32 31 30 18 
7 14 33 32 31 16 18 
7 8 13 14 15 16 18 
38 37 36 42 
38 43 44 42 
38 43 45 44 42 
38 31 32 33 34 42 
38 43 36 35 34 42 
38 43 45 46 44 42 
16 18 19 21 24 25 
16 15 17 20 21 26 25 
16 31 38 39 40 41 25 
16 15 17 20 19 27 26 25 
16 31 38 39 40 27 26 25 
16 31 38 29 28 27 26 25 
21 19 27 
21 26 27 
21 24 26 27 
21 24 25 26 27 
21 26 25 41 40 27 
21 22 23 24 26 27 
4 17 15 14 33 32 
4 5 6 15 16 31 32 
4 3 20 17 18 30 31 32 
4 3 20 19 18 30 31 32 
4 3 20 17 18 16 31 32 
4 3 20 19 18 16 31 32 
24 21 20 17 15 14 13 34 35 
24 26 27 28 29 38 37 36 35 
24 26 27 28 29 38 43 36 35 
24 26 27 40 39 38 43 36 35 
24 25 41 40 39 38 43 36 35 
24 26 27 40 39 38 37 36 35 
14 13 34 42 44 46 
14 33 34 35 36 43 45 46 
14 33 32 31 38 43 45 46 
14 15 16 31 38 43 45 46 
14 33 32 37 36 43 45 46 
14 33 32 37 38 43 45 46 
27 40 41 
27 26 25 41 
27 26 24 25 41 
27 19 21 24 25 41 
27 26 21 24 25 41 
27 19 21 26 25 41 
29 38 37 36 35 
29 30 31 32 33 34 35 
29 39 38 43 36 42 34 35 
29 39 38 43 44 42 34 35 
29 39 38 31 32 33 34 35 
29 30 31 32 33 14 13 34 35 
1 2 3 4 17 15 14 13 34 35 
1 23 24 26 27 28 29 38 37 36 35 
1 23 24 26 27 28 29 38 43 36 35 
1 23 24 26 27 40 39 38 43 36 35 
1 23 24 26 27 40 39 38 37 36 35 
1 23 24 25 41 40 39 38 37 36 35 
39 38 43 
39 29 38 37 36 43 
39 29 38 37 36 42 44 43 
39 29 38 31 32 37 36 43 
39 29 30 31 38 37 36 43 
39 29 30 31 32 37 36 43 
39 40 41 
39 29 28 27 26 25 41 
39 29 28 27 26 24 25 41 
39 38 29 28 27 26 25 41 
39 29 28 27 19 21 24 25 41 
39 29 30 18 19 27 26 25 41 
34 42 44 46 
34 35 36 43 45 46 
34 35 36 43 44 45 46 
34 35 36 37 38 43 45 46 
34 33 32 31 38 43 45 46 
34 33 32 37 36 43 45 46 
23 22 21 19 18 16 31 
23 24 26 27 28 29 38 31 
23 24 21 20 17 18 30 31 
23 24 26 27 28 29 30 31 
23 24 26 27 40 39 38 31 
23 24 25 41 40 39 38 31 
7 6 15 16 31 38 39 
7 14 33 32 37 38 29 39 
7 14 33 32 31 30 29 39 
7 14 15 17 18 30 29 39 
7 14 15 17 20 19 27 40 39 
7 14 15 17 18 19 27 40 39 
3 20 19 27 40 41 
3 2 1 23 24 25 41 
3 2 22 21 26 25 41 
3 2 22 21 24 25 41 
3 2 22 23 24 25 41 
3 2 1 23 24 26 25 41 
11 8 7 6 15 17 18 30 
11 12 13 14 33 32 31 30 
11 12 13 34 33 32 31 30 
11 12 13 14 15 16 31 30 
11 12 13 14 33 32 37 38 29 30 
11 12 13 34 33 32 37 38 29 30 
10 9 8 7 6 15 17 18 30 29 
10 11 12 13 14 33 32 31 38 29 
10 11 12 13 14 33 32 37 38 29 
10 11 12 13 34 35 36 37 38 29 
10 11 12 13 14 15 16 31 38 29 
10 11 12 13 34 35 36 43 38 29 
14 33 32 
14 15 16 31 32 
14 15 16 31 38 37 32 
14 15 16 18 30 31 32 
14 15 17 18 30 31 32 
14 13 34 35 36 37 32 
7 14 33 32 37 
7 6 15 16 31 38 37 
7 8 13 34 35 36 37 
7 8 13 34 42 36 37 
7 6 15 16 31 38 43 36 37 
7 6 15 16 18 30 29 38 37 
2 3 4 17 18 30 
2 22 21 19 18 16 31 30 
2 22 21 26 27 28 29 30 
2 22 21 19 27 28 29 30 
2 22 21 20 17 15 16 31 30 
2 22 21 20 19 18 16 31 30 
17 18 30 29 
17 20 19 27 28 29 
17 15 16 31 38 29 
17 20 19 27 40 39 29 
17 20 21 26 27 28 29 
17 15 16 31 38 39 29 
2 3 4 17 15 14 13 34 35 36 
2 22 21 19 18 16 31 38 37 36 
2 22 21 19 18 16 31 38 43 36 
2 22 21 19 18 16 31 32 37 36 
2 22 21 19 18 30 29 38 43 36 
2 22 21 19 27 28 29 38 43 36 
6 15 17 20 19 27 28 
6 5 4 17 18 30 29 28 
6 7 14 15 16 31 38 29 28 
6 7 14 33 32 31 38 29 28 
6 7 14 15 16 31 30 29 28 
6 7 14 33 32 31 30 29 28 
6 7 14 33 32 37 
6 15 16 31 38 37 
6 15 16 31 38 43 36 37 
6 15 16 18 30 29 38 37 
6 15 16 31 30 29 38 37 
6 15 14 13 34 35 36 37 
7 6 15 17 18 
7 14 15 16 18 
7 14 15 16 31 30 18 
7 14 33 32 31 30 18 
7 14 33 32 31 16 18 
7 8 13 14 15 16 18 
13 14 
13 8 7 14 
13 34 33 14 
13 8 7 6 15 14 
13 12 11 8 7 14 
13 34 33 32 31 16 15 14 
34 33 32 31 38 39 40 41 
34 13 14 15 17 20 21 24 25 41 
34 13 14 15 17 20 21 26 25 41 
34 13 14 15 17 20 21 24 26 25 41 
34 35 36 37 38 29 28 27 26 25 41 
34 35 36 43 38 29 28 27 26 25 41 
5 6 7 14 33 32 
5 4 17 15 16 31 32 
5 4 17 18 30 31 32 
5 4 17 18 16 31 32 
5 4 17 15 16 31 38 37 32 
5 4 17 15 16 18 30 31 32 
28 29 38 37 36 35 
28 27 40 39 38 43 36 42 34 35 
28 27 40 39 38 43 44 42 34 35 
28 27 19 20 17 15 14 13 34 35 
28 27 40 39 38 31 32 33 34 35 
28 27 19 20 17 15 14 33 34 35 
27 40 39 
27 28 29 39 
27 28 29 38 39 
27 19 18 30 29 39 
27 28 29 30 31 38 39 
27 19 18 30 29 38 39 
10 9 8 7 6 15 16 31 38 
10 11 12 13 14 33 32 37 38 
10 11 12 13 34 35 36 43 38 
10 11 12 13 34 35 36 37 38 
10 11 8 13 14 33 32 37 38 
10 11 12 13 34 33 32 37 38 
19 18 30 
19 27 28 29 30 
19 27 40 39 29 30 
19 20 17 18 16 31 30 
19 20 17 15 16 31 30 
19 27 28 29 38 31 30 
4 17 18 30 29 39 
4 3 20 19 27 40 39 
4 5 6 15 16 31 38 39 
4 3 20 21 19 27 40 39 
4 3 20 21 26 27 40 39 
4 3 2 22 21 26 27 40 39 
18 30 29 39 
18 16 31 38 39 
18 19 27 40 39 
18 19 21 26 27 40 39 
18 17 15 16 31 38 39 
18 16 31 32 37 38 39 
36 37 
36 43 38 37 
36 43 38 31 32 37 
36 35 34 33 32 37 
36 42 44 43 38 37 
36 42 34 33 32 37 
15 14 13 34 35 36 
15 16 31 38 37 36 
15 16 31 38 43 36 
15 16 31 32 37 36 
15 16 18 30 29 38 43 36 
15 17 18 30 29 38 43 36 
13 14 15 17 20 21 26 
13 8 7 6 15 16 18 19 27 26 
13 34 33 32 31 38 39 40 27 26 
13 34 35 36 37 38 39 40 27 26 
13 34 33 32 31 38 29 28 27 26 
13 34 33 32 37 38 29 28 27 26 
22 21 19 18 30 29 
22 23 24 26 27 28 29 
22 23 24 26 27 40 39 29 
22 23 24 21 26 27 28 29 
22 23 24 25 26 27 28 29 
22 2 3 20 19 27 28 29 
17 20 21 24 
17 18 19 21 26 24 
17 18 19 27 26 24 
17 18 19 21 26 25 24 
17 18 19 21 22 23 24 
17 4 3 2 1 23 24 
29 30 31 32 33 
29 38 37 36 35 34 33 
29 38 31 16 15 14 33 
29 38 43 36 35 34 33 
29 38 37 36 42 34 33 
29 38 43 44 42 34 33 
24 26 27 40 39 
24 21 19 27 28 29 39 
24 21 19 18 30 29 39 
24 25 41 40 27 28 29 39 
24 21 19 27 28 29 38 39 
24 21 19 18 30 29 38 39 
13 14 15 17 20 19 27 28 
13 34 33 32 31 30 29 28 
13 34 33 32 31 38 29 28 
13 34 33 32 37 38 29 28 
13 34 35 36 37 38 29 28 
13 34 35 36 43 38 29 28 
24 26 27 28 29 
24 21 19 18 30 29 
24 25 41 40 39 29 
24 21 19 27 40 39 29 
24 21 20 17 18 30 29 
24 25 41 40 39 38 29 
7 14 33 32 37 
7 6 15 16 31 38 37 
7 8 13 34 35 36 37 
7 8 13 34 42 36 37 
7 6 15 16 31 38 43 36 37 
7 6 15 16 18 30 29 38 37 
2 3 4 17 18 30 
2 22 21 19 18 16 31 30 
2 22 21 26 27 28 29 30 
2 22 21 19 27 28 29 30 
2 22 21 20 17 15 16 31 30 
2 22 21 20 19 18 16 31 30 
17 18 30 29 
17 20 19 27 28 29 
17 15 16 31 38 29 
17 20 19 27 40 39 29 
17 20 21 26 27 28 29 
17 15 16 31 38 39 29 
2 3 4 17 15 14 13 34 35 36 
2 22 21 19 18 16 31 38 37 36 
2 22 21 19 18 16 31 38 43 36 
2 22 21 19 18 16 31 32 37 36 
2 22 21 19 18 30 29 38 43 36 
2 22 21 19 27 28 29 38 43 36 
6 15 17 20 19 27 28 
6 5 4 17 18 30 29 28 
6 7 14 15 16 31 38 29 28 
6 7 14 33 32 31 38 29 28 
6 7 14 15 16 31 30 29 28 
6 7 14 33 32 31 30 29 28 
6 7 14 33 32 37 
6 15 16 31 38 37 
6 15 16 31 38 43 36 37 
6 15 16 18 30 29 38 37 
6 15 16 31 30 29 38 37 
6 15 14 13 34 35 36 37 
7 6 15 17 18 
7 14 15 16 18 
7 14 15 16 31 30 18 
7 14 33 32 31 30 18 
7 14 33 32 31 16 18 
7 8 13 14 15 16 18 
13 14 
13 8 7 14 
13 34 33 14 
13 8 7 6 15 14 
13 12 11 8 7 14 
13 34 33 32 31 16 15 14 
34 33 32 31 38 39 40 41 
34 13 14 15 17 20 21 24 25 41 
34 13 14 15 17 20 21 26 25 41 
34 13 14 15 17 20 21 24 26 25 41 
34 35 36 37 38 29 28 27 26 25 41 
34 35 36 43 38 29 28 27 26 25 41 
5 6 7 14 33 32 
5 4 17 15 16 31 32 
5 4 17 18 30 31 32 
5 4 17 18 16 31 32 
5 4 17 15 16 31 38 37 32 
5 4 17 15 16 18 30 31 32 
28 29 38 37 36 35 
28 27 40 39 38 43 36 42 34 35 
28 27 40 39 38 43 44 42 34 35 
28 27 19 20 17 15 14 13 34 35 
28 27 40 39 38 31 32 33 34 35 
28 27 19 20 17 15 14 33 34 35 
27 40 39 
27 28 29 39 
27 28 29 38 39 
27 19 18 30 29 39 
27 28 29 30 31 38 39 
27 19 18 30 29 38 39 
10 9 8 7 6 15 16 31 38 
10 11 12 13 14 33 32 37 38 
10 11 12 13 34 35 36 43 38 
10 11 12 13 34 35 36 37 38 
10 11 8 13 14 33 32 37 38 
10 11 12 13 34 33 32 37 38 
19 18 30 
19 27 28 29 30 
19 27 40 39 29 30 
19 20 17 18 16 31 30 
19 20 17 15 16 31 30 
19 27 28 29 38 31 30 
4 17 18 30 29 39 
4 3 20 19 27 40 39 
4 5 6 15 16 31 38 39 
4 3 20 21 19 27 40 39 
4 3 20 21 26 27 40 39 
4 3 2 22 21 26 27 40 39 
18 30 29 39 
18 16 31 38 39 
18 19 27 40 39 
18 19 21 26 27 40 39 
18 17 15 16 31 38 39 
18 16 31 32 37 38 39 
36 37 
36 43 38 37 
36 43 38 31 32 37 
36 35 34 33 32 37 
36 42 44 43 38 37 
36 42 34 33 32 37 
15 14 13 34 35 36 
15 16 31 38 37 36 
15 16 31 38 43 36 
15 16 31 32 37 36 
15 16 18 30 29 38 43 36 
15 17 18 30 29 38 43 36 
13 14 15 17 20 21 26 
13 8 7 6 15 16 18 19 27 26 
13 34 33 32 31 38 39 40 27 26 
13 34 35 36 37 38 39 40 27 26 
13 34 33 32 31 38 29 28 27 26 
13 34 33 32 37 38 29 28 27 26 
22 21 19 18 30 29 
22 23 24 26 27 28 29 
22 23 24 26 27 40 39 29 
22 23 24 21 26 27 28 29 
22 23 24 25 26 27 28 29 
22 2 3 20 19 27 28 29 
17 20 21 24 
17 18 19 21 26 24 
17 18 19 27 26 24 
17 18 19 21 26 25 24 
17 18 19 21 22 23 24 
17 4 3 2 1 23 24 
29 30 31 32 33 
29 38 37 36 35 34 33 
29 38 31 16 15 14 33 
29 38 43 36 35 34 33 
29 38 37 36 42 34 33 
29 38 43 44 42 34 33 
24 26 27 40 39 
24 21 19 27 28 29 39 
24 21 19 18 30 29 39 
24 25 41 40 27 28 29 39 
24 21 19 27 28 29 38 39 
24 21 19 18 30 29 38 39 
13 14 15 17 20 19 27 28 
13 34 33 32 31 30 29 28 
13 34 33 32 31 38 29 28 
13 34 33 32 37 38 29 28 
13 34 35 36 37 38 29 28 
13 34 35 36 43 38 29 28 
24 26 27 28 29 
24 21 19 18 30 29 
24 25 41 40 39 29 
24 21 19 27 40 39 29 
24 21 20 17 18 30 29 
24 25 41 40 39 38 29 
7 14 33 32 37 
7 6 15 16 31 38 37 
7 8 13 34 35 36 37 
7 8 13 34 42 36 37 
7 6 15 16 31 38 43 36 37 
7 6 15 16 18 30 29 38 37 
2 3 4 17 18 30 
2 22 21 19 18 16 31 30 
2 22 21 26 27 28 29 30 
2 22 21 19 27 28 29 30 
2 22 21 20 17 15 16 31 30 
2 22 21 20 19 18 16 31 30 
17 18 30 29 
17 20 19 27 28 29 
17 15 16 31 38 29 
17 20 19 27 40 39 29 
17 20 21 26 27 28 29 
17 15 16 31 38 39 29 
2 3 4 17 15 14 13 34 35 36 
2 22 21 19 18 16 31 38 37 36 
2 22 21 19 18 16 31 38 43 36 
2 22 21 19 18 16 31 32 37 36 
2 22 21 19 18 30 29 38 43 36 
2 22 21 19 27 28 29 38 43 36 
6 15 17 20 19 27 28 
6 5 4 17 18 30 29 28 
6 7 14 15 16 31 38 29 28 
6 7 14 33 32 31 38 29 28 
6 7 14 15 16 31 30 29 28 
6 7 14 33 32 31 30 29 28 
6 7 14 33 32 37 
6 15 16 31 38 37 
6 15 16 31 38 43 36 37 
6 15 16 18 30 29 38 37 
6 15 16 31 30 29 38 37 
6 15 14 13 34 35 36 37 
7 6 15 17 18 
7 14 15 16 18 
7 14 15 16 31 30 18 
7 14 33 32 31 30 18 
7 14 33 32 31 16 18 
7 8 13 14 15 16 18 
13 14 
13 8 7 14 
13 34 33 14 
13 8 7 6 15 14 
13 12 11 8 7 14 
13 34 33 32 31 16 15 14 
34 33 32 31 38 39 40 41 
34 13 14 15 17 20 21 24 25 41 
34 13 14 15 17 20 21 26 25 41 
34 13 14 15 17 20 21 24 26 25 41 
34 35 36 37 38 29 28 27 26 25 41 
34 35 36 43 38 29 28 27 26 25 41 
5 6 7 14 33 32 
5 4 17 15 16 31 32 
5 4 17 18 30 31 32 
5 4 17 18 16 31 32 
5 4 17 15 16 31 38 37 32 
5 4 17 15 16 18 30 31 32 
28 29 38 37 36 35 
28 27 40 39 38 43 36 42 34 35 
28 27 40 39 38 43 44 42 34 35 
28 27 19 20 17 15 14 13 34 35 
28 27 40 39 38 31 32 33 34 35 
28 27 19 20 17 15 14 33 34 35 
27 40 39 
27 28 29 39 
27 28 29 38 39 
27 19 18 30 29 39 
27 28 29 30 31 38 39 
27 19 18 30 29 38 39 
10 9 8 7 6 15 16 31 38 
10 11 12 13 14 33 32 37 38 
10 11 12 13 34 35 36 43 38 
10 11 12 13 34 35 36 37 38 
10 11 8 13 14 33 32 37 38 
10 11 12 13 34 33 32 37 38 
19 18 30 
19 27 28 29 30 
19 27 40 39 29 30 
19 20 17 18 16 31 30 
19 20 17 15 16 31 30 
19 27 28 29 38 31 30 
4 17 18 30 29 39 
4 3 20 19 27 40 39 
4 5 6 15 16 31 38 39 
4 3 20 21 19 27 40 39 
4 3 20 21 26 27 40 39 
4 3 2 22 21 26 27 40 39 
18 30 29 39 
18 16 31 38 39 
18 19 27 40 39 
18 19 21 26 27 40 39 
18 17 15 16 31 38 39 
18 16 31 32 37 38 39 
36 37 
36 43 38 37 
36 43 38 31 32 37 
36 35 34 33 32 37 
36 42 44 43 38 37 
36 42 34 33 32 37 
15 14 13 34 35 36 
15 16 31 38 37 36 
15 16 31 38 43 36 
15 16 31 32 37 36 
15 16 18 30 29 38 43 36 
15 17 18 30 29 38 43 36 
13 14 15 17 20 21 26 
13 8 7 6 15 16 18 19 27 26 
13 34 33 32 31 38 39 40 27 26 
13 34 35 36 37 38 39 40 27 26 
13 34 33 32 31 38 29 28 27 26 
13 34 33 32 37 38 29 28 27 26 
22 21 19 18 30 29 
22 23 24 26 27 28 29 
22 23 24 26 27 40 39 29 
22 23 24 21 26 27 28 29 
22 23 24 25 26 27 28 29 
22 2 3 20 19 27 28 29 
17 20 21 24 
17 18 19 21 26 24 
17 18 19 27 26 24 
17 18 19 21 26 25 24 
17 18 19 21 22 23 24 
17 4 3 2 1 23 24 
29 30 31 32 33 
29 38 37 36 35 34 33 
29 38 31 16 15 14 33 
29 38 43 36 35 34 33 
29 38 37 36 42 34 33 
29 38 43 44 42 34 33 
24 26 27 40 39 
24 21 19 27 28 29 39 
24 21 19 18 30 29 39 
24 25 41 40 27 28 29 39 
24 21 19 27 28 29 38 39 
24 21 19 18 30 29 38 39 
13 14 15 17 20 19 27 28 
13 34 33 32 31 30 29 28 
13 34 33 32 31 38 29 28 
13 34 33 32 37 38 29 28 
13 34 35 36 37 38 29 28 
13 34 35 36 43 38 29 28 
24 26 27 28 29 
24 21 19 18 30 29 
24 25 41 40 39 29 
24 21 19 27 40 39 29 
24 21 20 17 18 30 29 
24 25 41 40 39 38 29 
