0 1 -2147483648
0 2 -2147483648
0 3 0
0 4 -2147483648
0 5 0
0 6 2
0 7 0
0 8 -2147483648
0 9 0
0 10 0
0 11 -2147483648
0 12 -2147483648
0 13 -2147483648
0 14 -2147483648
0 15 -2147483648
0 16 1
0 17 -2147483648
0 18 -2147483648
0 19 2
0 20 -2147483648
0 21 -2147483648
0 22 3
0 23 0
0 24 0
1 0 -2147483648
1 2 0
1 3 -2147483648
1 4 -2147483648
1 5 -2147483648
1 6 -2147483648
1 7 -2147483648
1 8 -2147483648
1 9 0
1 10 0
1 11 -2147483648
1 12 0
1 13 0
1 14 0
1 15 0
1 16 0
1 17 0
1 18 -2147483648
1 19 -2147483648
1 20 -2147483648
1 21 -2147483648
1 22 -2147483648
1 23 -2147483648
1 24 3
2 0 -2147483648
2 1 0
2 3 -2147483648
2 4 -2147483648
2 5 0
2 6 -2147483648
2 7 0
2 8 -2147483648
2 9 2
2 10 -2147483648
2 11 0
2 12 -2147483648
2 13 3
2 14 1
2 15 -2147483648
2 16 -2147483648
2 17 -2147483648
2 18 3
2 19 0
2 20 0
2 21 -2147483648
2 22 -2147483648
2 23 0
2 24 -2147483648
3 0 0
3 1 -2147483648
3 2 -2147483648
3 4 0
3 5 -2147483648
3 6 -2147483648
3 7 -2147483648
3 8 -2147483648
3 9 -2147483648
3 10 -2147483648
3 11 1
3 12 -2147483648
3 13 -2147483648
3 14 -2147483648
3 15 -2147483648
3 16 0
3 17 0
3 18 -2147483648
3 19 -2147483648
3 20 -2147483648
3 21 -2147483648
3 22 0
3 23 2
3 24 -2147483648
4 0 -2147483648
4 1 -2147483648
4 2 -2147483648
4 3 0
4 5 0
4 6 3
4 7 0
4 8 -2147483648
4 9 -2147483648
4 10 -2147483648
4 11 -2147483648
4 12 -2147483648
4 13 -2147483648
4 14 -2147483648
4 15 -2147483648
4 16 -2147483648
4 17 -2147483648
4 18 -2147483648
4 19 2
4 20 -2147483648
4 21 1
4 22 3
4 23 1
4 24 0
5 0 0
5 1 -2147483648
5 2 0
5 3 -2147483648
5 4 0
5 6 -2147483648
5 7 -2147483648
5 8 -2147483648
5 9 0
5 10 0
5 11 2
5 12 0
5 13 0
5 14 0
5 15 0
5 16 0
5 17 0
5 18 -2147483648
5 19 -2147483648
5 20 -2147483648
5 21 -2147483648
5 22 -2147483648
5 23 1
5 24 -2147483648
6 0 2
6 1 -2147483648
6 2 -2147483648
6 3 -2147483648
6 4 3
6 5 -2147483648
6 7 -2147483648
6 8 2
6 9 -2147483648
6 10 -2147483648
6 11 -2147483648
6 12 -2147483648
6 13 -2147483648
6 14 -2147483648
6 15 -2147483648
6 16 0
6 17 0
6 18 -2147483648
6 19 2
6 20 -2147483648
6 21 -2147483648
6 22 2
6 23 1
6 24 -2147483648
7 0 0
7 1 -2147483648
7 2 0
7 3 -2147483648
7 4 0
7 5 -2147483648
7 6 -2147483648
7 8 1
7 9 0
7 10 0
7 11 -2147483648
7 12 0
7 13 0
7 14 0
7 15 0
7 16 0
7 17 0
7 18 -2147483648
7 19 1
7 20 2
7 21 -2147483648
7 22 1
7 23 0
7 24 -2147483648
8 0 -2147483648
8 1 -2147483648
8 2 -2147483648
8 3 -2147483648
8 4 -2147483648
8 5 -2147483648
8 6 2
8 7 1
8 9 0
8 10 0
8 11 -2147483648
8 12 1
8 13 -2147483648
8 14 -2147483648
8 15 0
8 16 0
8 17 0
8 18 -2147483648
8 19 4
8 20 -2147483648
8 21 0
8 22 -2147483648
8 23 -2147483648
8 24 2
9 0 0
9 1 0
9 2 2
9 3 -2147483648
9 4 -2147483648
9 5 0
9 6 -2147483648
9 7 0
9 8 0
9 10 -2147483648
9 11 -2147483648
9 12 -2147483648
9 13 2
9 14 -2147483648
9 15 -2147483648
9 16 0
9 17 0
9 18 2
9 19 0
9 20 1
9 21 -2147483648
9 22 0
9 23 -2147483648
9 24 -2147483648
10 0 0
10 1 0
10 2 -2147483648
10 3 -2147483648
10 4 -2147483648
10 5 0
10 6 -2147483648
10 7 0
10 8 0
10 9 -2147483648
10 11 -2147483648
10 12 -2147483648
10 13 -2147483648
10 14 2
10 15 3
10 16 0
10 17 0
10 18 -2147483648
10 19 0
10 20 -2147483648
10 21 -2147483648
10 22 0
10 23 -2147483648
10 24 -2147483648
11 0 -2147483648
11 1 -2147483648
11 2 0
11 3 1
11 4 -2147483648
11 5 2
11 6 -2147483648
11 7 -2147483648
11 8 -2147483648
11 9 -2147483648
11 10 -2147483648
11 12 -2147483648
11 13 0
11 14 -2147483648
11 15 -2147483648
11 16 0
11 17 0
11 18 -2147483648
11 19 -2147483648
11 20 -2147483648
11 21 0
11 22 -2147483648
11 23 2
11 24 -2147483648
12 0 -2147483648
12 1 0
12 2 -2147483648
12 3 -2147483648
12 4 -2147483648
12 5 0
12 6 -2147483648
12 7 0
12 8 1
12 9 -2147483648
12 10 -2147483648
12 11 -2147483648
12 13 -2147483648
12 14 -2147483648
12 15 -2147483648
12 16 -2147483648
12 17 2
12 18 -2147483648
12 19 0
12 20 1
12 21 -2147483648
12 22 -2147483648
12 23 -2147483648
12 24 -2147483648
13 0 -2147483648
13 1 0
13 2 3
13 3 -2147483648
13 4 -2147483648
13 5 0
13 6 -2147483648
13 7 0
13 8 -2147483648
13 9 2
13 10 -2147483648
13 11 0
13 12 -2147483648
13 14 1
13 15 -2147483648
13 16 0
13 17 0
13 18 3
13 19 0
13 20 0
13 21 -2147483648
13 22 -2147483648
13 23 0
13 24 -2147483648
14 0 -2147483648
14 1 0
14 2 1
14 3 -2147483648
14 4 -2147483648
14 5 0
14 6 -2147483648
14 7 0
14 8 -2147483648
14 9 -2147483648
14 10 2
14 11 -2147483648
14 12 -2147483648
14 13 1
14 15 4
14 16 -2147483648
14 17 1
14 18 1
14 19 -2147483648
14 20 -2147483648
14 21 -2147483648
14 22 -2147483648
14 23 -2147483648
14 24 0
15 0 -2147483648
15 1 0
15 2 -2147483648
15 3 -2147483648
15 4 -2147483648
15 5 0
15 6 -2147483648
15 7 0
15 8 0
15 9 -2147483648
15 10 3
15 11 -2147483648
15 12 -2147483648
15 13 -2147483648
15 14 4
15 16 -2147483648
15 17 1
15 18 -2147483648
15 19 -2147483648
15 20 -2147483648
15 21 -2147483648
15 22 0
15 23 -2147483648
15 24 -2147483648
16 0 1
16 1 0
16 2 -2147483648
16 3 0
16 4 -2147483648
16 5 0
16 6 0
16 7 0
16 8 0
16 9 0
16 10 0
16 11 0
16 12 -2147483648
16 13 0
16 14 -2147483648
16 15 -2147483648
16 17 -2147483648
16 18 0
16 19 0
16 20 0
16 21 -2147483648
16 22 0
16 23 0
16 24 0
17 0 -2147483648
17 1 0
17 2 -2147483648
17 3 0
17 4 -2147483648
17 5 0
17 6 0
17 7 0
17 8 0
17 9 0
17 10 0
17 11 0
17 12 2
17 13 0
17 14 1
17 15 1
17 16 -2147483648
17 18 0
17 19 0
17 20 0
17 21 -2147483648
17 22 0
17 23 0
17 24 0
18 0 -2147483648
18 1 -2147483648
18 2 3
18 3 -2147483648
18 4 -2147483648
18 5 -2147483648
18 6 -2147483648
18 7 -2147483648
18 8 -2147483648
18 9 2
18 10 -2147483648
18 11 -2147483648
18 12 -2147483648
18 13 3
18 14 1
18 15 -2147483648
18 16 0
18 17 0
18 19 -2147483648
18 20 -2147483648
18 21 -2147483648
18 22 -2147483648
18 23 -2147483648
18 24 -2147483648
19 0 2
19 1 -2147483648
19 2 0
19 3 -2147483648
19 4 2
19 5 -2147483648
19 6 2
19 7 1
19 8 4
19 9 0
19 10 0
19 11 -2147483648
19 12 0
19 13 0
19 14 -2147483648
19 15 -2147483648
19 16 0
19 17 0
19 18 -2147483648
19 20 -2147483648
19 21 0
19 22 3
19 23 -2147483648
19 24 2
20 0 -2147483648
20 1 -2147483648
20 2 0
20 3 -2147483648
20 4 -2147483648
20 5 -2147483648
20 6 -2147483648
20 7 2
20 8 -2147483648
20 9 1
20 10 -2147483648
20 11 -2147483648
20 12 1
20 13 0
20 14 -2147483648
20 15 -2147483648
20 16 0
20 17 0
20 18 -2147483648
20 19 -2147483648
20 21 -2147483648
20 22 -2147483648
20 23 -2147483648
20 24 -2147483648
21 0 -2147483648
21 1 -2147483648
21 2 -2147483648
21 3 -2147483648
21 4 1
21 5 -2147483648
21 6 -2147483648
21 7 -2147483648
21 8 0
21 9 -2147483648
21 10 -2147483648
21 11 0
21 12 -2147483648
21 13 -2147483648
21 14 -2147483648
21 15 -2147483648
21 16 -2147483648
21 17 -2147483648
21 18 -2147483648
21 19 0
21 20 -2147483648
21 22 0
21 23 0
21 24 -2147483648
22 0 3
22 1 -2147483648
22 2 -2147483648
22 3 0
22 4 3
22 5 -2147483648
22 6 2
22 7 1
22 8 -2147483648
22 9 0
22 10 0
22 11 -2147483648
22 12 -2147483648
22 13 -2147483648
22 14 -2147483648
22 15 0
22 16 0
22 17 0
22 18 -2147483648
22 19 3
22 20 -2147483648
22 21 0
22 23 0
22 24 1
23 0 0
23 1 -2147483648
23 2 0
23 3 2
23 4 1
23 5 1
23 6 1
23 7 0
23 8 -2147483648
23 9 -2147483648
23 10 -2147483648
23 11 2
23 12 -2147483648
23 13 0
23 14 -2147483648
23 15 -2147483648
23 16 0
23 17 0
23 18 -2147483648
23 19 -2147483648
23 20 -2147483648
23 21 0
23 22 0
23 24 -2147483648
24 0 0
24 1 3
24 2 -2147483648
24 3 -2147483648
24 4 0
24 5 -2147483648
24 6 -2147483648
24 7 -2147483648
24 8 2
24 9 -2147483648
24 10 -2147483648
24 11 -2147483648
24 12 -2147483648
24 13 -2147483648
24 14 0
24 15 -2147483648
24 16 0
24 17 0
24 18 -2147483648
24 19 2
24 20 -2147483648
24 21 -2147483648
24 22 1
24 23 -2147483648
