5 10 12 
5 4 14 12 
5 10 13 11 12 
5 4 7 6 11 12 
5 4 7 8 9 10 12 
5 4 2 3 9 10 12 
3 1 6 11 
3 2 1 6 11 
3 9 10 12 11 
3 9 10 13 11 
3 2 4 14 12 11 
3 9 8 7 6 11 
9 10 12 
9 10 13 11 12 
9 3 2 4 14 12 
9 10 5 4 14 12 
9 3 1 6 11 12 
9 8 7 6 11 12 
2 3 9 
2 1 3 9 
2 4 5 10 9 
2 4 7 8 9 
2 1 6 7 8 9 
2 4 14 12 10 9 
1 3 9 10 
1 2 4 5 10 
1 2 3 9 10 
1 6 11 12 10 
1 6 11 13 10 
1 3 2 4 5 10 
10 12 11 
10 13 11 
10 9 3 1 6 11 
10 9 8 7 6 11 
10 5 4 14 12 11 
10 5 4 7 6 11 
3 1 6 
3 2 1 6 
3 2 4 7 6 
3 9 8 7 6 
3 1 2 4 7 6 
3 9 10 12 11 6 
4 7 6 
4 2 1 6 
4 2 3 1 6 
4 14 12 11 6 
4 5 10 13 11 6 
4 5 10 12 11 6 
3 2 4 5 
3 9 10 5 
3 1 2 4 5 
3 9 8 7 4 5 
3 1 6 7 4 5 
3 2 4 14 12 10 5 
2 4 7 
2 1 6 7 
2 3 9 8 7 
2 3 1 6 7 
2 1 3 9 8 7 
2 4 5 10 9 8 7 
5 4 14 12 
3 2 1 6 11 
9 10 12 
2 1 3 9 
1 2 3 9 10 
10 13 11 
3 2 1 6 
4 7 6 
3 2 4 5 
2 1 6 7 
