0 1 -2147483648
0 2 -2147483648
0 3 -2147483648
0 4 -2147483648
0 5 -2147483648
0 6 0
0 7 0
0 8 1
0 9 -2147483648
0 10 0
0 11 0
0 12 1
0 13 -2147483648
0 14 0
0 15 -2147483648
0 16 0
0 17 0
0 18 0
0 19 0
0 20 -2147483648
0 21 0
0 22 0
0 23 -2147483648
0 24 0
0 25 1
0 26 0
0 27 0
0 28 0
0 29 1
0 30 1
0 31 -2147483648
0 32 -2147483648
0 33 -2147483648
0 34 -2147483648
0 35 -2147483648
0 36 0
0 37 0
0 38 0
0 39 0
0 40 0
0 41 1
0 42 0
0 43 0
0 44 0
0 45 0
0 46 -2147483648
0 47 2
0 48 0
0 49 -2147483648
0 50 0
0 51 0
0 52 0
0 53 -2147483648
0 54 0
0 55 0
0 56 0
0 57 0
0 58 0
0 59 -2147483648
0 60 -2147483648
0 61 0
0 62 1
0 63 0
0 64 0
0 65 -2147483648
0 66 0
0 67 0
0 68 0
0 69 0
1 0 -2147483648
1 2 -2147483648
1 3 -2147483648
1 4 -2147483648
1 5 -2147483648
1 6 0
1 7 0
1 8 0
1 9 0
1 10 2
1 11 0
1 12 0
1 13 0
1 14 2
1 15 3
1 16 0
1 17 0
1 18 0
1 19 0
1 20 -2147483648
1 21 -2147483648
1 22 0
1 23 2
1 24 0
1 25 -2147483648
1 26 0
1 27 0
1 28 0
1 29 -2147483648
1 30 0
1 31 0
1 32 0
1 33 0
1 34 3
1 35 -2147483648
1 36 0
1 37 0
1 38 -2147483648
1 39 0
1 40 -2147483648
1 41 0
1 42 -2147483648
1 43 -2147483648
1 44 -2147483648
1 45 2
1 46 -2147483648
1 47 -2147483648
1 48 -2147483648
1 49 0
1 50 -2147483648
1 51 -2147483648
1 52 -2147483648
1 53 2
1 54 -2147483648
1 55 0
1 56 0
1 57 0
1 58 0
1 59 -2147483648
1 60 3
1 61 0
1 62 0
1 63 0
1 64 0
1 65 0
1 66 0
1 67 -2147483648
1 68 -2147483648
1 69 0
2 0 -2147483648
2 1 -2147483648
2 3 -2147483648
2 4 -2147483648
2 5 -2147483648
2 6 0
2 7 0
2 8 -2147483648
2 9 2
2 10 0
2 11 0
2 12 -2147483648
2 13 3
2 14 0
2 15 -2147483648
2 16 1
2 17 1
2 18 0
2 19 0
2 20 -2147483648
2 21 0
2 22 0
2 23 -2147483648
2 24 0
2 25 1
2 26 0
2 27 1
2 28 -2147483648
2 29 1
2 30 -2147483648
2 31 2
2 32 -2147483648
2 33 -2147483648
2 34 -2147483648
2 35 -2147483648
2 36 0
2 37 0
2 38 0
2 39 0
2 40 0
2 41 -2147483648
2 42 0
2 43 0
2 44 0
2 45 -2147483648
2 46 -2147483648
2 47 -2147483648
2 48 0
2 49 -2147483648
2 50 0
2 51 0
2 52 0
2 53 -2147483648
2 54 0
2 55 0
2 56 0
2 57 0
2 58 0
2 59 -2147483648
2 60 -2147483648
2 61 0
2 62 -2147483648
2 63 0
2 64 0
2 65 2
2 66 0
2 67 0
2 68 0
2 69 0
3 0 -2147483648
3 1 -2147483648
3 2 -2147483648
3 4 -2147483648
3 5 -2147483648
3 6 1
3 7 1
3 8 0
3 9 0
3 10 -2147483648
3 11 2
3 12 0
3 13 1
3 14 -2147483648
3 15 -2147483648
3 16 2
3 17 3
3 18 0
3 19 0
3 20 -2147483648
3 21 -2147483648
3 22 -2147483648
3 23 -2147483648
3 24 0
3 25 -2147483648
3 26 0
3 27 2
3 28 -2147483648
3 29 -2147483648
3 30 0
3 31 0
3 32 1
3 33 2
3 34 -2147483648
3 35 4
3 36 0
3 37 0
3 38 2
3 39 1
3 40 2
3 41 -2147483648
3 42 2
3 43 -2147483648
3 44 -2147483648
3 45 -2147483648
3 46 -2147483648
3 47 -2147483648
3 48 -2147483648
3 49 0
3 50 -2147483648
3 51 -2147483648
3 52 -2147483648
3 53 -2147483648
3 54 1
3 55 -2147483648
3 56 0
3 57 -2147483648
3 58 0
3 59 -2147483648
3 60 -2147483648
3 61 1
3 62 0
3 63 0
3 64 0
3 65 0
3 66 0
3 67 2
3 68 -2147483648
3 69 -2147483648
4 0 -2147483648
4 1 -2147483648
4 2 -2147483648
4 3 -2147483648
4 5 -2147483648
4 6 0
4 7 0
4 8 2
4 9 -2147483648
4 10 -2147483648
4 11 -2147483648
4 12 2
4 13 -2147483648
4 14 -2147483648
4 15 -2147483648
4 16 -2147483648
4 17 -2147483648
4 18 0
4 19 0
4 20 -2147483648
4 21 3
4 22 2
4 23 -2147483648
4 24 1
4 25 -2147483648
4 26 1
4 27 0
4 28 0
4 29 -2147483648
4 30 1
4 31 -2147483648
4 32 -2147483648
4 33 -2147483648
4 34 -2147483648
4 35 -2147483648
4 36 0
4 37 0
4 38 -2147483648
4 39 -2147483648
4 40 -2147483648
4 41 2
4 42 -2147483648
4 43 -2147483648
4 44 -2147483648
4 45 -2147483648
4 46 -2147483648
4 47 -2147483648
4 48 -2147483648
4 49 -2147483648
4 50 -2147483648
4 51 -2147483648
4 52 -2147483648
4 53 -2147483648
4 54 1
4 55 0
4 56 -2147483648
4 57 0
4 58 -2147483648
4 59 -2147483648
4 60 -2147483648
4 61 0
4 62 2
4 63 0
4 64 1
4 65 -2147483648
4 66 0
4 67 -2147483648
4 68 -2147483648
4 69 0
5 0 -2147483648
5 1 -2147483648
5 2 -2147483648
5 3 -2147483648
5 4 -2147483648
5 6 -2147483648
5 7 -2147483648
5 8 3
5 9 -2147483648
5 10 -2147483648
5 11 -2147483648
5 12 2
5 13 -2147483648
5 14 -2147483648
5 15 -2147483648
5 16 -2147483648
5 17 -2147483648
5 18 2
5 19 -2147483648
5 20 -2147483648
5 21 -2147483648
5 22 -2147483648
5 23 -2147483648
5 24 2
5 25 -2147483648
5 26 3
5 27 0
5 28 0
5 29 -2147483648
5 30 1
5 31 -2147483648
5 32 -2147483648
5 33 -2147483648
5 34 -2147483648
5 35 -2147483648
5 36 -2147483648
5 37 -2147483648
5 38 -2147483648
5 39 -2147483648
5 40 -2147483648
5 41 3
5 42 -2147483648
5 43 -2147483648
5 44 -2147483648
5 45 -2147483648
5 46 -2147483648
5 47 -2147483648
5 48 -2147483648
5 49 -2147483648
5 50 -2147483648
5 51 -2147483648
5 52 -2147483648
5 53 -2147483648
5 54 -2147483648
5 55 -2147483648
5 56 -2147483648
5 57 -2147483648
5 58 -2147483648
5 59 -2147483648
5 60 -2147483648
5 61 -2147483648
5 62 2
5 63 -2147483648
5 64 3
5 65 -2147483648
5 66 -2147483648
5 67 -2147483648
5 68 -2147483648
5 69 -2147483648
6 0 0
6 1 0
6 2 0
6 3 1
6 4 0
6 5 -2147483648
6 7 -2147483648
6 8 -2147483648
6 9 -2147483648
6 10 -2147483648
6 11 -2147483648
6 12 0
6 13 0
6 14 -2147483648
6 15 0
6 16 3
6 17 1
6 18 -2147483648
6 19 -2147483648
6 20 0
6 21 0
6 22 -2147483648
6 23 0
6 24 -2147483648
6 25 -2147483648
6 26 -2147483648
6 27 2
6 28 2
6 29 -2147483648
6 30 0
6 31 0
6 32 3
6 33 1
6 34 0
6 35 1
6 36 2
6 37 -2147483648
6 38 -2147483648
6 39 -2147483648
6 40 -2147483648
6 41 -2147483648
6 42 0
6 43 1
6 44 2
6 45 0
6 46 0
6 47 0
6 48 -2147483648
6 49 -2147483648
6 50 -2147483648
6 51 -2147483648
6 52 -2147483648
6 53 -2147483648
6 54 0
6 55 -2147483648
6 56 -2147483648
6 57 -2147483648
6 58 -2147483648
6 59 0
6 60 0
6 61 -2147483648
6 62 0
6 63 -2147483648
6 64 -2147483648
6 65 0
6 66 -2147483648
6 67 0
6 68 -2147483648
6 69 -2147483648
7 0 0
7 1 0
7 2 0
7 3 1
7 4 0
7 5 -2147483648
7 6 -2147483648
7 8 -2147483648
7 9 -2147483648
7 10 -2147483648
7 11 -2147483648
7 12 0
7 13 0
7 14 -2147483648
7 15 0
7 16 -2147483648
7 17 1
7 18 -2147483648
7 19 -2147483648
7 20 -2147483648
7 21 -2147483648
7 22 -2147483648
7 23 -2147483648
7 24 -2147483648
7 25 -2147483648
7 26 -2147483648
7 27 2
7 28 2
7 29 -2147483648
7 30 0
7 31 0
7 32 -2147483648
7 33 1
7 34 0
7 35 1
7 36 -2147483648
7 37 3
7 38 -2147483648
7 39 -2147483648
7 40 -2147483648
7 41 -2147483648
7 42 0
7 43 2
7 44 -2147483648
7 45 0
7 46 0
7 47 0
7 48 -2147483648
7 49 -2147483648
7 50 -2147483648
7 51 -2147483648
7 52 -2147483648
7 53 -2147483648
7 54 -2147483648
7 55 -2147483648
7 56 -2147483648
7 57 -2147483648
7 58 -2147483648
7 59 -2147483648
7 60 0
7 61 4
7 62 0
7 63 -2147483648
7 64 -2147483648
7 65 0
7 66 3
7 67 0
7 68 -2147483648
7 69 -2147483648
8 0 1
8 1 0
8 2 -2147483648
8 3 0
8 4 2
8 5 3
8 6 -2147483648
8 7 -2147483648
8 9 -2147483648
8 10 -2147483648
8 11 -2147483648
8 12 2
8 13 -2147483648
8 14 -2147483648
8 15 -2147483648
8 16 -2147483648
8 17 -2147483648
8 18 1
8 19 1
8 20 -2147483648
8 21 0
8 22 0
8 23 -2147483648
8 24 2
8 25 0
8 26 2
8 27 -2147483648
8 28 0
8 29 -2147483648
8 30 2
8 31 -2147483648
8 32 -2147483648
8 33 -2147483648
8 34 -2147483648
8 35 -2147483648
8 36 -2147483648
8 37 -2147483648
8 38 -2147483648
8 39 -2147483648
8 40 -2147483648
8 41 4
8 42 0
8 43 0
8 44 -2147483648
8 45 1
8 46 -2147483648
8 47 2
8 48 -2147483648
8 49 -2147483648
8 50 -2147483648
8 51 -2147483648
8 52 -2147483648
8 53 -2147483648
8 54 0
8 55 0
8 56 -2147483648
8 57 -2147483648
8 58 -2147483648
8 59 -2147483648
8 60 0
8 61 -2147483648
8 62 2
8 63 1
8 64 2
8 65 -2147483648
8 66 -2147483648
8 67 0
8 68 -2147483648
8 69 0
9 0 -2147483648
9 1 0
9 2 2
9 3 0
9 4 -2147483648
9 5 -2147483648
9 6 -2147483648
9 7 -2147483648
9 8 -2147483648
9 10 -2147483648
9 11 -2147483648
9 12 -2147483648
9 13 3
9 14 -2147483648
9 15 -2147483648
9 16 -2147483648
9 17 -2147483648
9 18 1
9 19 1
9 20 -2147483648
9 21 0
9 22 0
9 23 -2147483648
9 24 2
9 25 0
9 26 2
9 27 0
9 28 -2147483648
9 29 -2147483648
9 30 -2147483648
9 31 2
9 32 -2147483648
9 33 -2147483648
9 34 -2147483648
9 35 -2147483648
9 36 -2147483648
9 37 -2147483648
9 38 -2147483648
9 39 -2147483648
9 40 -2147483648
9 41 -2147483648
9 42 0
9 43 0
9 44 -2147483648
9 45 0
9 46 2
9 47 -2147483648
9 48 -2147483648
9 49 -2147483648
9 50 -2147483648
9 51 -2147483648
9 52 -2147483648
9 53 -2147483648
9 54 0
9 55 0
9 56 -2147483648
9 57 -2147483648
9 58 -2147483648
9 59 -2147483648
9 60 0
9 61 -2147483648
9 62 -2147483648
9 63 1
9 64 2
9 65 2
9 66 -2147483648
9 67 0
9 68 -2147483648
9 69 0
10 0 0
10 1 2
10 2 0
10 3 -2147483648
10 4 -2147483648
10 5 -2147483648
10 6 -2147483648
10 7 -2147483648
10 8 -2147483648
10 9 -2147483648
10 11 -2147483648
10 12 0
10 13 0
10 14 4
10 15 2
10 16 -2147483648
10 17 0
10 18 -2147483648
10 19 -2147483648
10 20 -2147483648
10 21 -2147483648
10 22 -2147483648
10 23 -2147483648
10 24 -2147483648
10 25 -2147483648
10 26 -2147483648
10 27 -2147483648
10 28 0
10 29 -2147483648
10 30 1
10 31 0
10 32 -2147483648
10 33 0
10 34 3
10 35 -2147483648
10 36 -2147483648
10 37 -2147483648
10 38 -2147483648
10 39 -2147483648
10 40 -2147483648
10 41 -2147483648
10 42 -2147483648
10 43 -2147483648
10 44 -2147483648
10 45 3
10 46 -2147483648
10 47 -2147483648
10 48 -2147483648
10 49 -2147483648
10 50 -2147483648
10 51 -2147483648
10 52 -2147483648
10 53 -2147483648
10 54 -2147483648
10 55 -2147483648
10 56 -2147483648
10 57 -2147483648
10 58 -2147483648
10 59 -2147483648
10 60 2
10 61 -2147483648
10 62 0
10 63 -2147483648
10 64 -2147483648
10 65 0
10 66 -2147483648
10 67 -2147483648
10 68 -2147483648
10 69 -2147483648
11 0 0
11 1 0
11 2 0
11 3 2
11 4 -2147483648
11 5 -2147483648
11 6 -2147483648
11 7 -2147483648
11 8 -2147483648
11 9 -2147483648
11 10 -2147483648
11 12 -2147483648
11 13 -2147483648
11 14 -2147483648
11 15 -2147483648
11 16 -2147483648
11 17 4
11 18 1
11 19 1
11 20 0
11 21 -2147483648
11 22 -2147483648
11 23 0
11 24 -2147483648
11 25 0
11 26 -2147483648
11 27 1
11 28 1
11 29 -2147483648
11 30 0
11 31 0
11 32 -2147483648
11 33 4
11 34 0
11 35 2
11 36 -2147483648
11 37 -2147483648
11 38 -2147483648
11 39 4
11 40 -2147483648
11 41 -2147483648
11 42 1
11 43 0
11 44 -2147483648
11 45 0
11 46 0
11 47 0
11 48 -2147483648
11 49 -2147483648
11 50 -2147483648
11 51 -2147483648
11 52 -2147483648
11 53 -2147483648
11 54 0
11 55 -2147483648
11 56 3
11 57 -2147483648
11 58 3
11 59 2
11 60 0
11 61 -2147483648
11 62 -2147483648
11 63 1
11 64 -2147483648
11 65 0
11 66 -2147483648
11 67 1
11 68 -2147483648
11 69 -2147483648
12 0 1
12 1 0
12 2 -2147483648
12 3 0
12 4 2
12 5 2
12 6 0
12 7 0
12 8 2
12 9 -2147483648
12 10 0
12 11 -2147483648
12 13 -2147483648
12 14 -2147483648
12 15 -2147483648
12 16 -2147483648
12 17 -2147483648
12 18 0
12 19 0
12 20 -2147483648
12 21 0
12 22 0
12 23 -2147483648
12 24 1
12 25 0
12 26 1
12 27 0
12 28 0
12 29 0
12 30 1
12 31 -2147483648
12 32 -2147483648
12 33 -2147483648
12 34 -2147483648
12 35 -2147483648
12 36 0
12 37 0
12 38 0
12 39 -2147483648
12 40 0
12 41 2
12 42 0
12 43 0
12 44 0
12 45 0
12 46 -2147483648
12 47 1
12 48 0
12 49 -2147483648
12 50 0
12 51 -2147483648
12 52 0
12 53 -2147483648
12 54 0
12 55 0
12 56 -2147483648
12 57 0
12 58 -2147483648
12 59 -2147483648
12 60 0
12 61 0
12 62 2
12 63 0
12 64 1
12 65 -2147483648
12 66 0
12 67 0
12 68 0
12 69 0
13 0 -2147483648
13 1 0
13 2 3
13 3 1
13 4 -2147483648
13 5 -2147483648
13 6 0
13 7 0
13 8 -2147483648
13 9 3
13 10 0
13 11 -2147483648
13 12 -2147483648
13 14 -2147483648
13 15 -2147483648
13 16 -2147483648
13 17 -2147483648
13 18 0
13 19 0
13 20 -2147483648
13 21 0
13 22 0
13 23 -2147483648
13 24 1
13 25 0
13 26 1
13 27 1
13 28 -2147483648
13 29 0
13 30 -2147483648
13 31 2
13 32 -2147483648
13 33 -2147483648
13 34 -2147483648
13 35 -2147483648
13 36 0
13 37 0
13 38 0
13 39 -2147483648
13 40 0
13 41 -2147483648
13 42 0
13 43 0
13 44 0
13 45 -2147483648
13 46 -2147483648
13 47 -2147483648
13 48 0
13 49 -2147483648
13 50 0
13 51 -2147483648
13 52 0
13 53 -2147483648
13 54 0
13 55 0
13 56 -2147483648
13 57 0
13 58 -2147483648
13 59 -2147483648
13 60 0
13 61 0
13 62 -2147483648
13 63 0
13 64 1
13 65 2
13 66 0
13 67 0
13 68 0
13 69 0
14 0 0
14 1 2
14 2 0
14 3 -2147483648
14 4 -2147483648
14 5 -2147483648
14 6 -2147483648
14 7 -2147483648
14 8 -2147483648
14 9 -2147483648
14 10 4
14 11 -2147483648
14 12 -2147483648
14 13 -2147483648
14 15 -2147483648
14 16 -2147483648
14 17 -2147483648
14 18 -2147483648
14 19 -2147483648
14 20 -2147483648
14 21 -2147483648
14 22 -2147483648
14 23 3
14 24 -2147483648
14 25 -2147483648
14 26 -2147483648
14 27 0
14 28 0
14 29 -2147483648
14 30 0
14 31 0
14 32 -2147483648
14 33 -2147483648
14 34 2
14 35 -2147483648
14 36 -2147483648
14 37 -2147483648
14 38 -2147483648
14 39 -2147483648
14 40 -2147483648
14 41 -2147483648
14 42 -2147483648
14 43 -2147483648
14 44 -2147483648
14 45 2
14 46 -2147483648
14 47 -2147483648
14 48 -2147483648
14 49 -2147483648
14 50 -2147483648
14 51 -2147483648
14 52 -2147483648
14 53 4
14 54 -2147483648
14 55 -2147483648
14 56 -2147483648
14 57 -2147483648
14 58 -2147483648
14 59 -2147483648
14 60 2
14 61 -2147483648
14 62 -2147483648
14 63 -2147483648
14 64 -2147483648
14 65 0
14 66 -2147483648
14 67 -2147483648
14 68 -2147483648
14 69 -2147483648
15 0 -2147483648
15 1 3
15 2 -2147483648
15 3 -2147483648
15 4 -2147483648
15 5 -2147483648
15 6 0
15 7 0
15 8 -2147483648
15 9 -2147483648
15 10 2
15 11 -2147483648
15 12 -2147483648
15 13 -2147483648
15 14 -2147483648
15 16 -2147483648
15 17 -2147483648
15 18 0
15 19 0
15 20 -2147483648
15 21 -2147483648
15 22 0
15 23 -2147483648
15 24 1
15 25 -2147483648
15 26 1
15 27 0
15 28 0
15 29 -2147483648
15 30 -2147483648
15 31 -2147483648
15 32 -2147483648
15 33 -2147483648
15 34 4
15 35 -2147483648
15 36 0
15 37 0
15 38 -2147483648
15 39 -2147483648
15 40 -2147483648
15 41 -2147483648
15 42 -2147483648
15 43 -2147483648
15 44 -2147483648
15 45 2
15 46 -2147483648
15 47 -2147483648
15 48 -2147483648
15 49 2
15 50 -2147483648
15 51 -2147483648
15 52 -2147483648
15 53 3
15 54 -2147483648
15 55 0
15 56 -2147483648
15 57 0
15 58 -2147483648
15 59 -2147483648
15 60 3
15 61 0
15 62 -2147483648
15 63 0
15 64 1
15 65 -2147483648
15 66 0
15 67 -2147483648
15 68 -2147483648
15 69 0
16 0 0
16 1 0
16 2 1
16 3 2
16 4 -2147483648
16 5 -2147483648
16 6 3
16 7 -2147483648
16 8 -2147483648
16 9 -2147483648
16 10 -2147483648
16 11 -2147483648
16 12 -2147483648
16 13 -2147483648
16 14 -2147483648
16 15 -2147483648
16 17 -2147483648
16 18 -2147483648
16 19 -2147483648
16 20 0
16 21 0
16 22 -2147483648
16 23 0
16 24 -2147483648
16 25 -2147483648
16 26 -2147483648
16 27 3
16 28 -2147483648
16 29 -2147483648
16 30 0
16 31 0
16 32 4
16 33 -2147483648
16 34 0
16 35 1
16 36 2
16 37 -2147483648
16 38 -2147483648
16 39 -2147483648
16 40 -2147483648
16 41 -2147483648
16 42 0
16 43 1
16 44 2
16 45 -2147483648
16 46 -2147483648
16 47 -2147483648
16 48 -2147483648
16 49 -2147483648
16 50 -2147483648
16 51 -2147483648
16 52 -2147483648
16 53 -2147483648
16 54 0
16 55 -2147483648
16 56 -2147483648
16 57 -2147483648
16 58 -2147483648
16 59 -2147483648
16 60 0
16 61 -2147483648
16 62 -2147483648
16 63 -2147483648
16 64 -2147483648
16 65 0
16 66 -2147483648
16 67 0
16 68 -2147483648
16 69 -2147483648
17 0 0
17 1 0
17 2 1
17 3 3
17 4 -2147483648
17 5 -2147483648
17 6 1
17 7 1
17 8 -2147483648
17 9 -2147483648
17 10 0
17 11 4
17 12 -2147483648
17 13 -2147483648
17 14 -2147483648
17 15 -2147483648
17 16 -2147483648
17 18 0
17 19 0
17 20 0
17 21 -2147483648
17 22 -2147483648
17 23 0
17 24 -2147483648
17 25 0
17 26 -2147483648
17 27 2
17 28 -2147483648
17 29 0
17 30 0
17 31 0
17 32 -2147483648
17 33 4
17 34 0
17 35 2
17 36 0
17 37 0
17 38 1
17 39 3
17 40 1
17 41 -2147483648
17 42 1
17 43 0
17 44 0
17 45 -2147483648
17 46 -2147483648
17 47 -2147483648
17 48 0
17 49 -2147483648
17 50 0
17 51 -2147483648
17 52 -2147483648
17 53 0
17 54 0
17 55 -2147483648
17 56 2
17 57 -2147483648
17 58 2
17 59 2
17 60 0
17 61 1
17 62 -2147483648
17 63 0
17 64 -2147483648
17 65 0
17 66 0
17 67 1
17 68 0
17 69 -2147483648
18 0 0
18 1 0
18 2 0
18 3 0
18 4 0
18 5 2
18 6 -2147483648
18 7 -2147483648
18 8 1
18 9 1
18 10 -2147483648
18 11 1
18 12 0
18 13 0
18 14 -2147483648
18 15 0
18 16 -2147483648
18 17 0
18 19 -2147483648
18 20 -2147483648
18 21 -2147483648
18 22 -2147483648
18 23 -2147483648
18 24 1
18 25 -2147483648
18 26 2
18 27 0
18 28 0
18 29 -2147483648
18 30 0
18 31 0
18 32 -2147483648
18 33 0
18 34 0
18 35 0
18 36 -2147483648
18 37 -2147483648
18 38 -2147483648
18 39 1
18 40 -2147483648
18 41 1
18 42 0
18 43 -2147483648
18 44 -2147483648
18 45 0
18 46 0
18 47 0
18 48 -2147483648
18 49 1
18 50 -2147483648
18 51 1
18 52 -2147483648
18 53 -2147483648
18 54 -2147483648
18 55 -2147483648
18 56 2
18 57 -2147483648
18 58 -2147483648
18 59 -2147483648
18 60 0
18 61 -2147483648
18 62 0
18 63 -2147483648
18 64 2
18 65 0
18 66 -2147483648
18 67 0
18 68 -2147483648
18 69 -2147483648
19 0 0
19 1 0
19 2 0
19 3 0
19 4 0
19 5 -2147483648
19 6 -2147483648
19 7 -2147483648
19 8 1
19 9 1
19 10 -2147483648
19 11 1
19 12 0
19 13 0
19 14 -2147483648
19 15 0
19 16 -2147483648
19 17 0
19 18 -2147483648
19 20 -2147483648
19 21 -2147483648
19 22 -2147483648
19 23 -2147483648
19 24 2
19 25 -2147483648
19 26 -2147483648
19 27 -2147483648
19 28 -2147483648
19 29 -2147483648
19 30 0
19 31 0
19 32 -2147483648
19 33 0
19 34 0
19 35 0
19 36 -2147483648
19 37 -2147483648
19 38 -2147483648
19 39 1
19 40 -2147483648
19 41 1
19 42 0
19 43 -2147483648
19 44 -2147483648
19 45 0
19 46 0
19 47 0
19 48 -2147483648
19 49 1
19 50 -2147483648
19 51 1
19 52 -2147483648
19 53 -2147483648
19 54 -2147483648
19 55 -2147483648
19 56 -2147483648
19 57 -2147483648
19 58 3
19 59 -2147483648
19 60 0
19 61 -2147483648
19 62 0
19 63 3
19 64 -2147483648
19 65 0
19 66 -2147483648
19 67 0
19 68 -2147483648
19 69 -2147483648
20 0 -2147483648
20 1 -2147483648
20 2 -2147483648
20 3 -2147483648
20 4 -2147483648
20 5 -2147483648
20 6 0
20 7 -2147483648
20 8 -2147483648
20 9 -2147483648
20 10 -2147483648
20 11 0
20 12 -2147483648
20 13 -2147483648
20 14 -2147483648
20 15 -2147483648
20 16 0
20 17 0
20 18 -2147483648
20 19 -2147483648
20 21 -2147483648
20 22 -2147483648
20 23 -2147483648
20 24 0
20 25 3
20 26 -2147483648
20 27 0
20 28 0
20 29 3
20 30 -2147483648
20 31 -2147483648
20 32 1
20 33 1
20 34 -2147483648
20 35 -2147483648
20 36 0
20 37 -2147483648
20 38 -2147483648
20 39 0
20 40 -2147483648
20 41 -2147483648
20 42 -2147483648
20 43 -2147483648
20 44 -2147483648
20 45 -2147483648
20 46 -2147483648
20 47 -2147483648
20 48 2
20 49 -2147483648
20 50 2
20 51 1
20 52 1
20 53 -2147483648
20 54 -2147483648
20 55 -2147483648
20 56 -2147483648
20 57 -2147483648
20 58 -2147483648
20 59 4
20 60 -2147483648
20 61 -2147483648
20 62 -2147483648
20 63 -2147483648
20 64 -2147483648
20 65 -2147483648
20 66 -2147483648
20 67 -2147483648
20 68 2
20 69 -2147483648
21 0 0
21 1 -2147483648
21 2 0
21 3 -2147483648
21 4 3
21 5 -2147483648
21 6 0
21 7 -2147483648
21 8 0
21 9 0
21 10 -2147483648
21 11 -2147483648
21 12 0
21 13 0
21 14 -2147483648
21 15 -2147483648
21 16 0
21 17 -2147483648
21 18 -2147483648
21 19 -2147483648
21 20 -2147483648
21 22 -2147483648
21 23 -2147483648
21 24 0
21 25 -2147483648
21 26 -2147483648
21 27 0
21 28 0
21 29 -2147483648
21 30 0
21 31 0
21 32 0
21 33 -2147483648
21 34 -2147483648
21 35 -2147483648
21 36 0
21 37 -2147483648
21 38 -2147483648
21 39 -2147483648
21 40 -2147483648
21 41 0
21 42 -2147483648
21 43 -2147483648
21 44 -2147483648
21 45 -2147483648
21 46 -2147483648
21 47 -2147483648
21 48 -2147483648
21 49 0
21 50 -2147483648
21 51 -2147483648
21 52 -2147483648
21 53 -2147483648
21 54 2
21 55 -2147483648
21 56 -2147483648
21 57 -2147483648
21 58 -2147483648
21 59 -2147483648
21 60 -2147483648
21 61 -2147483648
21 62 0
21 63 -2147483648
21 64 -2147483648
21 65 0
21 66 -2147483648
21 67 -2147483648
21 68 -2147483648
21 69 -2147483648
22 0 0
22 1 0
22 2 0
22 3 -2147483648
22 4 2
22 5 -2147483648
22 6 -2147483648
22 7 -2147483648
22 8 0
22 9 0
22 10 -2147483648
22 11 -2147483648
22 12 0
22 13 0
22 14 -2147483648
22 15 0
22 16 -2147483648
22 17 -2147483648
22 18 -2147483648
22 19 -2147483648
22 20 -2147483648
22 21 -2147483648
22 23 -2147483648
22 24 -2147483648
22 25 -2147483648
22 26 -2147483648
22 27 -2147483648
22 28 -2147483648
22 29 -2147483648
22 30 0
22 31 0
22 32 -2147483648
22 33 -2147483648
22 34 0
22 35 -2147483648
22 36 1
22 37 2
22 38 -2147483648
22 39 -2147483648
22 40 -2147483648
22 41 0
22 42 -2147483648
22 43 2
22 44 -2147483648
22 45 0
22 46 0
22 47 0
22 48 -2147483648
22 49 0
22 50 -2147483648
22 51 -2147483648
22 52 -2147483648
22 53 -2147483648
22 54 -2147483648
22 55 3
22 56 -2147483648
22 57 -2147483648
22 58 -2147483648
22 59 -2147483648
22 60 0
22 61 -2147483648
22 62 0
22 63 -2147483648
22 64 -2147483648
22 65 0
22 66 2
22 67 -2147483648
22 68 -2147483648
22 69 3
23 0 -2147483648
23 1 2
23 2 -2147483648
23 3 -2147483648
23 4 -2147483648
23 5 -2147483648
23 6 0
23 7 -2147483648
23 8 -2147483648
23 9 -2147483648
23 10 -2147483648
23 11 0
23 12 -2147483648
23 13 -2147483648
23 14 3
23 15 -2147483648
23 16 0
23 17 0
23 18 -2147483648
23 19 -2147483648
23 20 -2147483648
23 21 -2147483648
23 22 -2147483648
23 24 0
23 25 -2147483648
23 26 -2147483648
23 27 1
23 28 0
23 29 -2147483648
23 30 -2147483648
23 31 -2147483648
23 32 1
23 33 1
23 34 -2147483648
23 35 -2147483648
23 36 0
23 37 -2147483648
23 38 -2147483648
23 39 0
23 40 -2147483648
23 41 -2147483648
23 42 -2147483648
23 43 -2147483648
23 44 -2147483648
23 45 -2147483648
23 46 -2147483648
23 47 -2147483648
23 48 -2147483648
23 49 -2147483648
23 50 -2147483648
23 51 -2147483648
23 52 -2147483648
23 53 -2147483648
23 54 -2147483648
23 55 -2147483648
23 56 -2147483648
23 57 -2147483648
23 58 -2147483648
23 59 -2147483648
23 60 2
23 61 -2147483648
23 62 -2147483648
23 63 -2147483648
23 64 -2147483648
23 65 -2147483648
23 66 -2147483648
23 67 -2147483648
23 68 -2147483648
23 69 -2147483648
24 0 0
24 1 0
24 2 0
24 3 0
24 4 1
24 5 2
24 6 -2147483648
24 7 -2147483648
24 8 2
24 9 2
24 10 -2147483648
24 11 -2147483648
24 12 1
24 13 1
24 14 -2147483648
24 15 1
24 16 -2147483648
24 17 -2147483648
24 18 1
24 19 2
24 20 0
24 21 0
24 22 -2147483648
24 23 0
24 25 -2147483648
24 26 -2147483648
24 27 -2147483648
24 28 -2147483648
24 29 -2147483648
24 30 0
24 31 0
24 32 -2147483648
24 33 -2147483648
24 34 0
24 35 0
24 36 -2147483648
24 37 -2147483648
24 38 -2147483648
24 39 -2147483648
24 40 -2147483648
24 41 2
24 42 0
24 43 -2147483648
24 44 -2147483648
24 45 0
24 46 0
24 47 0
24 48 -2147483648
24 49 2
24 50 -2147483648
24 51 -2147483648
24 52 -2147483648
24 53 -2147483648
24 54 0
24 55 -2147483648
24 56 -2147483648
24 57 -2147483648
24 58 -2147483648
24 59 -2147483648
24 60 0
24 61 -2147483648
24 62 1
24 63 2
24 64 -2147483648
24 65 0
24 66 -2147483648
24 67 0
24 68 -2147483648
24 69 -2147483648
25 0 1
25 1 -2147483648
25 2 1
25 3 -2147483648
25 4 -2147483648
25 5 -2147483648
25 6 -2147483648
25 7 -2147483648
25 8 0
25 9 0
25 10 -2147483648
25 11 0
25 12 0
25 13 0
25 14 -2147483648
25 15 -2147483648
25 16 -2147483648
25 17 0
25 18 -2147483648
25 19 -2147483648
25 20 3
25 21 -2147483648
25 22 -2147483648
25 23 -2147483648
25 24 -2147483648
25 26 -2147483648
25 27 -2147483648
25 28 -2147483648
25 29 -2147483648
25 30 0
25 31 0
25 32 -2147483648
25 33 0
25 34 -2147483648
25 35 -2147483648
25 36 -2147483648
25 37 -2147483648
25 38 -2147483648
25 39 0
25 40 -2147483648
25 41 0
25 42 -2147483648
25 43 -2147483648
25 44 -2147483648
25 45 -2147483648
25 46 2
25 47 2
25 48 2
25 49 0
25 50 3
25 51 1
25 52 -2147483648
25 53 -2147483648
25 54 -2147483648
25 55 -2147483648
25 56 -2147483648
25 57 -2147483648
25 58 -2147483648
25 59 3
25 60 -2147483648
25 61 -2147483648
25 62 0
25 63 -2147483648
25 64 -2147483648
25 65 0
25 66 -2147483648
25 67 -2147483648
25 68 2
25 69 -2147483648
26 0 0
26 1 0
26 2 0
26 3 0
26 4 1
26 5 3
26 6 -2147483648
26 7 -2147483648
26 8 2
26 9 2
26 10 -2147483648
26 11 -2147483648
26 12 1
26 13 1
26 14 -2147483648
26 15 1
26 16 -2147483648
26 17 -2147483648
26 18 2
26 19 -2147483648
26 20 -2147483648
26 21 -2147483648
26 22 -2147483648
26 23 -2147483648
26 24 -2147483648
26 25 -2147483648
26 27 -2147483648
26 28 -2147483648
26 29 -2147483648
26 30 0
26 31 0
26 32 -2147483648
26 33 -2147483648
26 34 0
26 35 0
26 36 -2147483648
26 37 -2147483648
26 38 -2147483648
26 39 -2147483648
26 40 -2147483648
26 41 2
26 42 0
26 43 -2147483648
26 44 -2147483648
26 45 0
26 46 0
26 47 0
26 48 -2147483648
26 49 2
26 50 -2147483648
26 51 -2147483648
26 52 -2147483648
26 53 -2147483648
26 54 -2147483648
26 55 -2147483648
26 56 -2147483648
26 57 -2147483648
26 58 -2147483648
26 59 -2147483648
26 60 0
26 61 -2147483648
26 62 1
26 63 -2147483648
26 64 4
26 65 0
26 66 -2147483648
26 67 0
26 68 -2147483648
26 69 -2147483648
27 0 0
27 1 0
27 2 1
27 3 2
27 4 0
27 5 0
27 6 2
27 7 2
27 8 -2147483648
27 9 0
27 10 -2147483648
27 11 1
27 12 0
27 13 1
27 14 0
27 15 0
27 16 3
27 17 2
27 18 0
27 19 -2147483648
27 20 0
27 21 0
27 22 -2147483648
27 23 1
27 24 -2147483648
27 25 -2147483648
27 26 -2147483648
27 28 -2147483648
27 29 -2147483648
27 30 -2147483648
27 31 0
27 32 2
27 33 1
27 34 -2147483648
27 35 1
27 36 1
27 37 1
27 38 0
27 39 0
27 40 -2147483648
27 41 -2147483648
27 42 0
27 43 1
27 44 1
27 45 -2147483648
27 46 -2147483648
27 47 -2147483648
27 48 0
27 49 0
27 50 -2147483648
27 51 0
27 52 -2147483648
27 53 1
27 54 0
27 55 -2147483648
27 56 0
27 57 -2147483648
27 58 -2147483648
27 59 0
27 60 0
27 61 2
27 62 0
27 63 -2147483648
27 64 -2147483648
27 65 0
27 66 1
27 67 0
27 68 0
27 69 -2147483648
28 0 0
28 1 0
28 2 -2147483648
28 3 -2147483648
28 4 0
28 5 0
28 6 2
28 7 2
28 8 0
28 9 -2147483648
28 10 0
28 11 1
28 12 0
28 13 -2147483648
28 14 0
28 15 0
28 16 -2147483648
28 17 -2147483648
28 18 0
28 19 -2147483648
28 20 0
28 21 0
28 22 -2147483648
28 23 0
28 24 -2147483648
28 25 -2147483648
28 26 -2147483648
28 27 -2147483648
28 29 -2147483648
28 30 0
28 31 -2147483648
28 32 2
28 33 1
28 34 0
28 35 1
28 36 1
28 37 1
28 38 0
28 39 0
28 40 -2147483648
28 41 -2147483648
28 42 0
28 43 1
28 44 1
28 45 -2147483648
28 46 -2147483648
28 47 -2147483648
28 48 0
28 49 0
28 50 -2147483648
28 51 0
28 52 -2147483648
28 53 0
28 54 0
28 55 -2147483648
28 56 0
28 57 -2147483648
28 58 -2147483648
28 59 0
28 60 0
28 61 2
28 62 0
28 63 -2147483648
28 64 -2147483648
28 65 -2147483648
28 66 1
28 67 0
28 68 0
28 69 -2147483648
29 0 1
29 1 -2147483648
29 2 1
29 3 -2147483648
29 4 -2147483648
29 5 -2147483648
29 6 -2147483648
29 7 -2147483648
29 8 -2147483648
29 9 -2147483648
29 10 -2147483648
29 11 -2147483648
29 12 0
29 13 0
29 14 -2147483648
29 15 -2147483648
29 16 -2147483648
29 17 0
29 18 -2147483648
29 19 -2147483648
29 20 3
29 21 -2147483648
29 22 -2147483648
29 23 -2147483648
29 24 -2147483648
29 25 -2147483648
29 26 -2147483648
29 27 -2147483648
29 28 -2147483648
29 30 0
29 31 0
29 32 -2147483648
29 33 0
29 34 -2147483648
29 35 -2147483648
29 36 -2147483648
29 37 -2147483648
29 38 -2147483648
29 39 -2147483648
29 40 -2147483648
29 41 -2147483648
29 42 -2147483648
29 43 -2147483648
29 44 -2147483648
29 45 -2147483648
29 46 2
29 47 2
29 48 3
29 49 -2147483648
29 50 -2147483648
29 51 -2147483648
29 52 -2147483648
29 53 -2147483648
29 54 -2147483648
29 55 -2147483648
29 56 -2147483648
29 57 -2147483648
29 58 -2147483648
29 59 3
29 60 -2147483648
29 61 -2147483648
29 62 0
29 63 -2147483648
29 64 -2147483648
29 65 0
29 66 -2147483648
29 67 -2147483648
29 68 3
29 69 -2147483648
30 0 1
30 1 0
30 2 -2147483648
30 3 0
30 4 1
30 5 1
30 6 0
30 7 0
30 8 2
30 9 -2147483648
30 10 1
30 11 0
30 12 1
30 13 -2147483648
30 14 0
30 15 -2147483648
30 16 0
30 17 0
30 18 0
30 19 0
30 20 -2147483648
30 21 0
30 22 0
30 23 -2147483648
30 24 0
30 25 0
30 26 0
30 27 -2147483648
30 28 0
30 29 0
30 31 -2147483648
30 32 -2147483648
30 33 -2147483648
30 34 -2147483648
30 35 -2147483648
30 36 0
30 37 0
30 38 0
30 39 0
30 40 0
30 41 2
30 42 0
30 43 0
30 44 0
30 45 1
30 46 -2147483648
30 47 2
30 48 0
30 49 -2147483648
30 50 0
30 51 0
30 52 0
30 53 -2147483648
30 54 0
30 55 0
30 56 0
30 57 0
30 58 0
30 59 -2147483648
30 60 0
30 61 0
30 62 1
30 63 0
30 64 0
30 65 -2147483648
30 66 0
30 67 0
30 68 0
30 69 0
31 0 -2147483648
31 1 0
31 2 2
31 3 0
31 4 -2147483648
31 5 -2147483648
31 6 0
31 7 0
31 8 -2147483648
31 9 2
31 10 0
31 11 0
31 12 -2147483648
31 13 2
31 14 0
31 15 -2147483648
31 16 0
31 17 0
31 18 0
31 19 0
31 20 -2147483648
31 21 0
31 22 0
31 23 -2147483648
31 24 0
31 25 0
31 26 0
31 27 0
31 28 -2147483648
31 29 0
31 30 -2147483648
31 32 -2147483648
31 33 -2147483648
31 34 -2147483648
31 35 -2147483648
31 36 0
31 37 0
31 38 0
31 39 0
31 40 0
31 41 -2147483648
31 42 0
31 43 0
31 44 0
31 45 0
31 46 2
31 47 -2147483648
31 48 0
31 49 -2147483648
31 50 0
31 51 0
31 52 0
31 53 -2147483648
31 54 0
31 55 0
31 56 0
31 57 0
31 58 0
31 59 -2147483648
31 60 0
31 61 0
31 62 -2147483648
31 63 0
31 64 0
31 65 2
31 66 0
31 67 0
31 68 0
31 69 0
32 0 -2147483648
32 1 0
32 2 -2147483648
32 3 1
32 4 -2147483648
32 5 -2147483648
32 6 3
32 7 -2147483648
32 8 -2147483648
32 9 -2147483648
32 10 -2147483648
32 11 -2147483648
32 12 -2147483648
32 13 -2147483648
32 14 -2147483648
32 15 -2147483648
32 16 4
32 17 -2147483648
32 18 -2147483648
32 19 -2147483648
32 20 1
32 21 0
32 22 -2147483648
32 23 1
32 24 -2147483648
32 25 -2147483648
32 26 -2147483648
32 27 2
32 28 2
32 29 -2147483648
32 30 -2147483648
32 31 -2147483648
32 33 -2147483648
32 34 -2147483648
32 35 -2147483648
32 36 2
32 37 -2147483648
32 38 -2147483648
32 39 -2147483648
32 40 -2147483648
32 41 -2147483648
32 42 0
32 43 1
32 44 2
32 45 0
32 46 -2147483648
32 47 -2147483648
32 48 -2147483648
32 49 -2147483648
32 50 -2147483648
32 51 -2147483648
32 52 -2147483648
32 53 -2147483648
32 54 0
32 55 -2147483648
32 56 -2147483648
32 57 -2147483648
32 58 -2147483648
32 59 -2147483648
32 60 0
32 61 -2147483648
32 62 -2147483648
32 63 -2147483648
32 64 -2147483648
32 65 -2147483648
32 66 -2147483648
32 67 0
32 68 -2147483648
32 69 -2147483648
33 0 -2147483648
33 1 0
33 2 -2147483648
33 3 2
33 4 -2147483648
33 5 -2147483648
33 6 1
33 7 1
33 8 -2147483648
33 9 -2147483648
33 10 0
33 11 4
33 12 -2147483648
33 13 -2147483648
33 14 -2147483648
33 15 -2147483648
33 16 -2147483648
33 17 4
33 18 0
33 19 0
33 20 1
33 21 -2147483648
33 22 -2147483648
33 23 1
33 24 -2147483648
33 25 0
33 26 -2147483648
33 27 1
33 28 1
33 29 0
33 30 -2147483648
33 31 -2147483648
33 32 -2147483648
33 34 -2147483648
33 35 -2147483648
33 36 0
33 37 0
33 38 1
33 39 3
33 40 1
33 41 -2147483648
33 42 1
33 43 0
33 44 0
33 45 0
33 46 -2147483648
33 47 -2147483648
33 48 0
33 49 -2147483648
33 50 0
33 51 -2147483648
33 52 -2147483648
33 53 -2147483648
33 54 0
33 55 -2147483648
33 56 2
33 57 -2147483648
33 58 2
33 59 3
33 60 0
33 61 1
33 62 -2147483648
33 63 0
33 64 -2147483648
33 65 -2147483648
33 66 0
33 67 1
33 68 0
33 69 -2147483648
34 0 -2147483648
34 1 3
34 2 -2147483648
34 3 -2147483648
34 4 -2147483648
34 5 -2147483648
34 6 0
34 7 0
34 8 -2147483648
34 9 -2147483648
34 10 3
34 11 0
34 12 -2147483648
34 13 -2147483648
34 14 2
34 15 4
34 16 0
34 17 0
34 18 0
34 19 0
34 20 -2147483648
34 21 -2147483648
34 22 0
34 23 -2147483648
34 24 0
34 25 -2147483648
34 26 0
34 27 -2147483648
34 28 0
34 29 -2147483648
34 30 -2147483648
34 31 -2147483648
34 32 -2147483648
34 33 -2147483648
34 35 -2147483648
34 36 0
34 37 0
34 38 -2147483648
34 39 0
34 40 -2147483648
34 41 -2147483648
34 42 -2147483648
34 43 -2147483648
34 44 -2147483648
34 45 3
34 46 -2147483648
34 47 -2147483648
34 48 -2147483648
34 49 1
34 50 -2147483648
34 51 -2147483648
34 52 -2147483648
34 53 -2147483648
34 54 -2147483648
34 55 0
34 56 0
34 57 0
34 58 0
34 59 -2147483648
34 60 3
34 61 0
34 62 -2147483648
34 63 0
34 64 0
34 65 -2147483648
34 66 0
34 67 -2147483648
34 68 -2147483648
34 69 0
35 0 -2147483648
35 1 -2147483648
35 2 -2147483648
35 3 4
35 4 -2147483648
35 5 -2147483648
35 6 1
35 7 1
35 8 -2147483648
35 9 -2147483648
35 10 -2147483648
35 11 2
35 12 -2147483648
35 13 -2147483648
35 14 -2147483648
35 15 -2147483648
35 16 1
35 17 2
35 18 0
35 19 0
35 20 -2147483648
35 21 -2147483648
35 22 -2147483648
35 23 -2147483648
35 24 0
35 25 -2147483648
35 26 0
35 27 1
35 28 1
35 29 -2147483648
35 30 -2147483648
35 31 -2147483648
35 32 -2147483648
35 33 -2147483648
35 34 -2147483648
35 36 0
35 37 0
35 38 2
35 39 1
35 40 2
35 41 -2147483648
35 42 2
35 43 -2147483648
35 44 -2147483648
35 45 -2147483648
35 46 -2147483648
35 47 -2147483648
35 48 -2147483648
35 49 1
35 50 -2147483648
35 51 -2147483648
35 52 -2147483648
35 53 -2147483648
35 54 1
35 55 -2147483648
35 56 0
35 57 -2147483648
35 58 0
35 59 -2147483648
35 60 -2147483648
35 61 1
35 62 -2147483648
35 63 0
35 64 0
35 65 -2147483648
35 66 0
35 67 2
35 68 -2147483648
35 69 -2147483648
36 0 0
36 1 0
36 2 0
36 3 0
36 4 0
36 5 -2147483648
36 6 2
36 7 -2147483648
36 8 -2147483648
36 9 -2147483648
36 10 -2147483648
36 11 -2147483648
36 12 0
36 13 0
36 14 -2147483648
36 15 0
36 16 2
36 17 0
36 18 -2147483648
36 19 -2147483648
36 20 0
36 21 0
36 22 1
36 23 0
36 24 -2147483648
36 25 -2147483648
36 26 -2147483648
36 27 1
36 28 1
36 29 -2147483648
36 30 0
36 31 0
36 32 2
36 33 0
36 34 0
36 35 0
36 37 -2147483648
36 38 -2147483648
36 39 -2147483648
36 40 -2147483648
36 41 -2147483648
36 42 0
36 43 1
36 44 2
36 45 0
36 46 0
36 47 0
36 48 -2147483648
36 49 -2147483648
36 50 -2147483648
36 51 -2147483648
36 52 2
36 53 -2147483648
36 54 0
36 55 1
36 56 -2147483648
36 57 2
36 58 -2147483648
36 59 0
36 60 0
36 61 -2147483648
36 62 0
36 63 -2147483648
36 64 -2147483648
36 65 0
36 66 -2147483648
36 67 0
36 68 -2147483648
36 69 1
37 0 0
37 1 0
37 2 0
37 3 0
37 4 0
37 5 -2147483648
37 6 -2147483648
37 7 3
37 8 -2147483648
37 9 -2147483648
37 10 -2147483648
37 11 -2147483648
37 12 0
37 13 0
37 14 -2147483648
37 15 0
37 16 -2147483648
37 17 0
37 18 -2147483648
37 19 -2147483648
37 20 -2147483648
37 21 -2147483648
37 22 2
37 23 -2147483648
37 24 -2147483648
37 25 -2147483648
37 26 -2147483648
37 27 1
37 28 1
37 29 -2147483648
37 30 0
37 31 0
37 32 -2147483648
37 33 0
37 34 0
37 35 0
37 36 -2147483648
37 38 -2147483648
37 39 -2147483648
37 40 -2147483648
37 41 -2147483648
37 42 0
37 43 2
37 44 -2147483648
37 45 0
37 46 0
37 47 0
37 48 -2147483648
37 49 -2147483648
37 50 -2147483648
37 51 -2147483648
37 52 -2147483648
37 53 -2147483648
37 54 -2147483648
37 55 2
37 56 -2147483648
37 57 -2147483648
37 58 -2147483648
37 59 -2147483648
37 60 0
37 61 3
37 62 0
37 63 -2147483648
37 64 -2147483648
37 65 0
37 66 3
37 67 0
37 68 -2147483648
37 69 2
38 0 0
38 1 -2147483648
38 2 0
38 3 2
38 4 -2147483648
38 5 -2147483648
38 6 -2147483648
38 7 -2147483648
38 8 -2147483648
38 9 -2147483648
38 10 -2147483648
38 11 -2147483648
38 12 0
38 13 0
38 14 -2147483648
38 15 -2147483648
38 16 -2147483648
38 17 1
38 18 -2147483648
38 19 -2147483648
38 20 -2147483648
38 21 -2147483648
38 22 -2147483648
38 23 -2147483648
38 24 -2147483648
38 25 -2147483648
38 26 -2147483648
38 27 0
38 28 0
38 29 -2147483648
38 30 0
38 31 0
38 32 -2147483648
38 33 1
38 34 -2147483648
38 35 2
38 36 -2147483648
38 37 -2147483648
38 39 -2147483648
38 40 -2147483648
38 41 -2147483648
38 42 2
38 43 -2147483648
38 44 -2147483648
38 45 -2147483648
38 46 -2147483648
38 47 -2147483648
38 48 -2147483648
38 49 -2147483648
38 50 -2147483648
38 51 -2147483648
38 52 -2147483648
38 53 -2147483648
38 54 2
38 55 -2147483648
38 56 -2147483648
38 57 -2147483648
38 58 -2147483648
38 59 -2147483648
38 60 -2147483648
38 61 -2147483648
38 62 0
38 63 -2147483648
38 64 -2147483648
38 65 0
38 66 -2147483648
38 67 2
38 68 -2147483648
38 69 -2147483648
39 0 0
39 1 0
39 2 0
39 3 1
39 4 -2147483648
39 5 -2147483648
39 6 -2147483648
39 7 -2147483648
39 8 -2147483648
39 9 -2147483648
39 10 -2147483648
39 11 4
39 12 -2147483648
39 13 -2147483648
39 14 -2147483648
39 15 -2147483648
39 16 -2147483648
39 17 3
39 18 1
39 19 1
39 20 0
39 21 -2147483648
39 22 -2147483648
39 23 0
39 24 -2147483648
39 25 0
39 26 -2147483648
39 27 0
39 28 0
39 29 -2147483648
39 30 0
39 31 0
39 32 -2147483648
39 33 3
39 34 0
39 35 1
39 36 -2147483648
39 37 -2147483648
39 38 -2147483648
39 40 -2147483648
39 41 -2147483648
39 42 1
39 43 0
39 44 -2147483648
39 45 0
39 46 0
39 47 0
39 48 -2147483648
39 49 -2147483648
39 50 -2147483648
39 51 -2147483648
39 52 -2147483648
39 53 -2147483648
39 54 0
39 55 0
39 56 3
39 57 -2147483648
39 58 3
39 59 2
39 60 0
39 61 -2147483648
39 62 -2147483648
39 63 1
39 64 -2147483648
39 65 0
39 66 -2147483648
39 67 1
39 68 -2147483648
39 69 0
40 0 0
40 1 -2147483648
40 2 0
40 3 2
40 4 -2147483648
40 5 -2147483648
40 6 -2147483648
40 7 -2147483648
40 8 -2147483648
40 9 -2147483648
40 10 -2147483648
40 11 -2147483648
40 12 0
40 13 0
40 14 -2147483648
40 15 -2147483648
40 16 -2147483648
40 17 1
40 18 -2147483648
40 19 -2147483648
40 20 -2147483648
40 21 -2147483648
40 22 -2147483648
40 23 -2147483648
40 24 -2147483648
40 25 -2147483648
40 26 -2147483648
40 27 -2147483648
40 28 -2147483648
40 29 -2147483648
40 30 0
40 31 0
40 32 -2147483648
40 33 1
40 34 -2147483648
40 35 2
40 36 -2147483648
40 37 -2147483648
40 38 -2147483648
40 39 -2147483648
40 41 -2147483648
40 42 2
40 43 -2147483648
40 44 -2147483648
40 45 -2147483648
40 46 -2147483648
40 47 -2147483648
40 48 -2147483648
40 49 -2147483648
40 50 -2147483648
40 51 -2147483648
40 52 -2147483648
40 53 -2147483648
40 54 2
40 55 -2147483648
40 56 -2147483648
40 57 -2147483648
40 58 -2147483648
40 59 -2147483648
40 60 -2147483648
40 61 -2147483648
40 62 0
40 63 -2147483648
40 64 -2147483648
40 65 0
40 66 -2147483648
40 67 2
40 68 -2147483648
40 69 -2147483648
41 0 1
41 1 0
41 2 -2147483648
41 3 -2147483648
41 4 2
41 5 3
41 6 -2147483648
41 7 -2147483648
41 8 4
41 9 -2147483648
41 10 -2147483648
41 11 -2147483648
41 12 2
41 13 -2147483648
41 14 -2147483648
41 15 -2147483648
41 16 -2147483648
41 17 -2147483648
41 18 1
41 19 1
41 20 -2147483648
41 21 0
41 22 0
41 23 -2147483648
41 24 2
41 25 0
41 26 2
41 27 -2147483648
41 28 -2147483648
41 29 -2147483648
41 30 2
41 31 -2147483648
41 32 -2147483648
41 33 -2147483648
41 34 -2147483648
41 35 -2147483648
41 36 -2147483648
41 37 -2147483648
41 38 -2147483648
41 39 -2147483648
41 40 -2147483648
41 42 0
41 43 0
41 44 -2147483648
41 45 2
41 46 -2147483648
41 47 3
41 48 -2147483648
41 49 -2147483648
41 50 -2147483648
41 51 -2147483648
41 52 -2147483648
41 53 -2147483648
41 54 0
41 55 0
41 56 -2147483648
41 57 -2147483648
41 58 -2147483648
41 59 -2147483648
41 60 0
41 61 -2147483648
41 62 2
41 63 1
41 64 2
41 65 -2147483648
41 66 -2147483648
41 67 0
41 68 -2147483648
41 69 0
42 0 0
42 1 -2147483648
42 2 0
42 3 2
42 4 -2147483648
42 5 -2147483648
42 6 0
42 7 0
42 8 0
42 9 0
42 10 -2147483648
42 11 1
42 12 0
42 13 0
42 14 -2147483648
42 15 -2147483648
42 16 0
42 17 1
42 18 0
42 19 0
42 20 -2147483648
42 21 -2147483648
42 22 -2147483648
42 23 -2147483648
42 24 0
42 25 -2147483648
42 26 0
42 27 0
42 28 0
42 29 -2147483648
42 30 0
42 31 0
42 32 0
42 33 1
42 34 -2147483648
42 35 2
42 36 0
42 37 0
42 38 2
42 39 1
42 40 2
42 41 0
42 43 -2147483648
42 44 -2147483648
42 45 -2147483648
42 46 -2147483648
42 47 -2147483648
42 48 -2147483648
42 49 0
42 50 -2147483648
42 51 -2147483648
42 52 -2147483648
42 53 -2147483648
42 54 1
42 55 0
42 56 0
42 57 0
42 58 0
42 59 -2147483648
42 60 -2147483648
42 61 0
42 62 0
42 63 0
42 64 0
42 65 0
42 66 0
42 67 2
42 68 -2147483648
42 69 0
43 0 0
43 1 -2147483648
43 2 0
43 3 -2147483648
43 4 -2147483648
43 5 -2147483648
43 6 1
43 7 2
43 8 0
43 9 0
43 10 -2147483648
43 11 0
43 12 0
43 13 0
43 14 -2147483648
43 15 -2147483648
43 16 1
43 17 0
43 18 -2147483648
43 19 -2147483648
43 20 -2147483648
43 21 -2147483648
43 22 2
43 23 -2147483648
43 24 -2147483648
43 25 -2147483648
43 26 -2147483648
43 27 1
43 28 1
43 29 -2147483648
43 30 0
43 31 0
43 32 1
43 33 0
43 34 -2147483648
43 35 -2147483648
43 36 1
43 37 2
43 38 -2147483648
43 39 0
43 40 -2147483648
43 41 0
43 42 -2147483648
43 44 -2147483648
43 45 -2147483648
43 46 -2147483648
43 47 -2147483648
43 48 -2147483648
43 49 0
43 50 -2147483648
43 51 -2147483648
43 52 -2147483648
43 53 -2147483648
43 54 -2147483648
43 55 2
43 56 -2147483648
43 57 -2147483648
43 58 -2147483648
43 59 -2147483648
43 60 -2147483648
43 61 2
43 62 0
43 63 -2147483648
43 64 -2147483648
43 65 0
43 66 2
43 67 -2147483648
43 68 -2147483648
43 69 2
44 0 0
44 1 -2147483648
44 2 0
44 3 -2147483648
44 4 -2147483648
44 5 -2147483648
44 6 2
44 7 -2147483648
44 8 -2147483648
44 9 -2147483648
44 10 -2147483648
44 11 -2147483648
44 12 0
44 13 0
44 14 -2147483648
44 15 -2147483648
44 16 2
44 17 0
44 18 -2147483648
44 19 -2147483648
44 20 -2147483648
44 21 -2147483648
44 22 -2147483648
44 23 -2147483648
44 24 -2147483648
44 25 -2147483648
44 26 -2147483648
44 27 1
44 28 1
44 29 -2147483648
44 30 0
44 31 0
44 32 2
44 33 0
44 34 -2147483648
44 35 -2147483648
44 36 2
44 37 -2147483648
44 38 -2147483648
44 39 -2147483648
44 40 -2147483648
44 41 -2147483648
44 42 -2147483648
44 43 -2147483648
44 45 -2147483648
44 46 -2147483648
44 47 -2147483648
44 48 -2147483648
44 49 -2147483648
44 50 -2147483648
44 51 -2147483648
44 52 -2147483648
44 53 -2147483648
44 54 -2147483648
44 55 -2147483648
44 56 -2147483648
44 57 3
44 58 -2147483648
44 59 -2147483648
44 60 -2147483648
44 61 -2147483648
44 62 0
44 63 -2147483648
44 64 -2147483648
44 65 0
44 66 -2147483648
44 67 -2147483648
44 68 -2147483648
44 69 -2147483648
45 0 0
45 1 2
45 2 -2147483648
45 3 -2147483648
45 4 -2147483648
45 5 -2147483648
45 6 0
45 7 0
45 8 1
45 9 0
45 10 3
45 11 0
45 12 0
45 13 -2147483648
45 14 2
45 15 2
45 16 -2147483648
45 17 -2147483648
45 18 0
45 19 0
45 20 -2147483648
45 21 -2147483648
45 22 0
45 23 -2147483648
45 24 0
45 25 -2147483648
45 26 0
45 27 -2147483648
45 28 -2147483648
45 29 -2147483648
45 30 1
45 31 0
45 32 0
45 33 0
45 34 3
45 35 -2147483648
45 36 0
45 37 0
45 38 -2147483648
45 39 0
45 40 -2147483648
45 41 2
45 42 -2147483648
45 43 -2147483648
45 44 -2147483648
45 46 -2147483648
45 47 -2147483648
45 48 -2147483648
45 49 0
45 50 -2147483648
45 51 -2147483648
45 52 -2147483648
45 53 -2147483648
45 54 -2147483648
45 55 0
45 56 0
45 57 0
45 58 0
45 59 -2147483648
45 60 2
45 61 0
45 62 0
45 63 0
45 64 0
45 65 0
45 66 0
45 67 -2147483648
45 68 -2147483648
45 69 0
46 0 -2147483648
46 1 -2147483648
46 2 -2147483648
46 3 -2147483648
46 4 -2147483648
46 5 -2147483648
46 6 0
46 7 0
46 8 -2147483648
46 9 2
46 10 -2147483648
46 11 0
46 12 -2147483648
46 13 -2147483648
46 14 -2147483648
46 15 -2147483648
46 16 -2147483648
46 17 -2147483648
46 18 0
46 19 0
46 20 -2147483648
46 21 -2147483648
46 22 0
46 23 -2147483648
46 24 0
46 25 2
46 26 0
46 27 -2147483648
46 28 -2147483648
46 29 2
46 30 -2147483648
46 31 2
46 32 -2147483648
46 33 -2147483648
46 34 -2147483648
46 35 -2147483648
46 36 0
46 37 0
46 38 -2147483648
46 39 0
46 40 -2147483648
46 41 -2147483648
46 42 -2147483648
46 43 -2147483648
46 44 -2147483648
46 45 -2147483648
46 47 -2147483648
46 48 1
46 49 -2147483648
46 50 1
46 51 1
46 52 1
46 53 -2147483648
46 54 -2147483648
46 55 0
46 56 0
46 57 0
46 58 0
46 59 -2147483648
46 60 -2147483648
46 61 0
46 62 -2147483648
46 63 0
46 64 0
46 65 2
46 66 0
46 67 -2147483648
46 68 1
46 69 0
47 0 2
47 1 -2147483648
47 2 -2147483648
47 3 -2147483648
47 4 -2147483648
47 5 -2147483648
47 6 0
47 7 0
47 8 2
47 9 -2147483648
47 10 -2147483648
47 11 0
47 12 1
47 13 -2147483648
47 14 -2147483648
47 15 -2147483648
47 16 -2147483648
47 17 -2147483648
47 18 0
47 19 0
47 20 -2147483648
47 21 -2147483648
47 22 0
47 23 -2147483648
47 24 0
47 25 2
47 26 0
47 27 -2147483648
47 28 -2147483648
47 29 2
47 30 2
47 31 -2147483648
47 32 -2147483648
47 33 -2147483648
47 34 -2147483648
47 35 -2147483648
47 36 0
47 37 0
47 38 -2147483648
47 39 0
47 40 -2147483648
47 41 3
47 42 -2147483648
47 43 -2147483648
47 44 -2147483648
47 45 -2147483648
47 46 -2147483648
47 48 1
47 49 -2147483648
47 50 1
47 51 1
47 52 1
47 53 -2147483648
47 54 -2147483648
47 55 0
47 56 0
47 57 0
47 58 0
47 59 -2147483648
47 60 -2147483648
47 61 0
47 62 1
47 63 0
47 64 0
47 65 -2147483648
47 66 0
47 67 -2147483648
47 68 1
47 69 0
48 0 0
48 1 -2147483648
48 2 0
48 3 -2147483648
48 4 -2147483648
48 5 -2147483648
48 6 -2147483648
48 7 -2147483648
48 8 -2147483648
48 9 -2147483648
48 10 -2147483648
48 11 -2147483648
48 12 0
48 13 0
48 14 -2147483648
48 15 -2147483648
48 16 -2147483648
48 17 0
48 18 -2147483648
48 19 -2147483648
48 20 2
48 21 -2147483648
48 22 -2147483648
48 23 -2147483648
48 24 -2147483648
48 25 2
48 26 -2147483648
48 27 0
48 28 0
48 29 3
48 30 0
48 31 0
48 32 -2147483648
48 33 0
48 34 -2147483648
48 35 -2147483648
48 36 -2147483648
48 37 -2147483648
48 38 -2147483648
48 39 -2147483648
48 40 -2147483648
48 41 -2147483648
48 42 -2147483648
48 43 -2147483648
48 44 -2147483648
48 45 -2147483648
48 46 1
48 47 1
48 49 -2147483648
48 50 -2147483648
48 51 -2147483648
48 52 -2147483648
48 53 -2147483648
48 54 -2147483648
48 55 -2147483648
48 56 -2147483648
48 57 -2147483648
48 58 -2147483648
48 59 2
48 60 -2147483648
48 61 -2147483648
48 62 0
48 63 -2147483648
48 64 -2147483648
48 65 0
48 66 -2147483648
48 67 -2147483648
48 68 3
48 69 -2147483648
49 0 -2147483648
49 1 0
49 2 -2147483648
49 3 0
49 4 -2147483648
49 5 -2147483648
49 6 -2147483648
49 7 -2147483648
49 8 -2147483648
49 9 -2147483648
49 10 -2147483648
49 11 -2147483648
49 12 -2147483648
49 13 -2147483648
49 14 -2147483648
49 15 2
49 16 -2147483648
49 17 -2147483648
49 18 1
49 19 1
49 20 -2147483648
49 21 0
49 22 0
49 23 -2147483648
49 24 2
49 25 0
49 26 2
49 27 0
49 28 0
49 29 -2147483648
49 30 -2147483648
49 31 -2147483648
49 32 -2147483648
49 33 -2147483648
49 34 1
49 35 1
49 36 -2147483648
49 37 -2147483648
49 38 -2147483648
49 39 -2147483648
49 40 -2147483648
49 41 -2147483648
49 42 0
49 43 0
49 44 -2147483648
49 45 0
49 46 -2147483648
49 47 -2147483648
49 48 -2147483648
49 50 -2147483648
49 51 -2147483648
49 52 -2147483648
49 53 -2147483648
49 54 0
49 55 0
49 56 -2147483648
49 57 -2147483648
49 58 -2147483648
49 59 -2147483648
49 60 0
49 61 -2147483648
49 62 -2147483648
49 63 1
49 64 2
49 65 -2147483648
49 66 -2147483648
49 67 0
49 68 -2147483648
49 69 0
50 0 0
50 1 -2147483648
50 2 0
50 3 -2147483648
50 4 -2147483648
50 5 -2147483648
50 6 -2147483648
50 7 -2147483648
50 8 -2147483648
50 9 -2147483648
50 10 -2147483648
50 11 -2147483648
50 12 0
50 13 0
50 14 -2147483648
50 15 -2147483648
50 16 -2147483648
50 17 0
50 18 -2147483648
50 19 -2147483648
50 20 2
50 21 -2147483648
50 22 -2147483648
50 23 -2147483648
50 24 -2147483648
50 25 3
50 26 -2147483648
50 27 -2147483648
50 28 -2147483648
50 29 -2147483648
50 30 0
50 31 0
50 32 -2147483648
50 33 0
50 34 -2147483648
50 35 -2147483648
50 36 -2147483648
50 37 -2147483648
50 38 -2147483648
50 39 -2147483648
50 40 -2147483648
50 41 -2147483648
50 42 -2147483648
50 43 -2147483648
50 44 -2147483648
50 45 -2147483648
50 46 1
50 47 1
50 48 -2147483648
50 49 -2147483648
50 51 -2147483648
50 52 -2147483648
50 53 -2147483648
50 54 -2147483648
50 55 -2147483648
50 56 -2147483648
50 57 -2147483648
50 58 -2147483648
50 59 2
50 60 -2147483648
50 61 -2147483648
50 62 0
50 63 -2147483648
50 64 -2147483648
50 65 0
50 66 -2147483648
50 67 -2147483648
50 68 -2147483648
50 69 -2147483648
51 0 0
51 1 -2147483648
51 2 0
51 3 -2147483648
51 4 -2147483648
51 5 -2147483648
51 6 -2147483648
51 7 -2147483648
51 8 -2147483648
51 9 -2147483648
51 10 -2147483648
51 11 -2147483648
51 12 -2147483648
51 13 -2147483648
51 14 -2147483648
51 15 -2147483648
51 16 -2147483648
51 17 -2147483648
51 18 1
51 19 1
51 20 1
51 21 -2147483648
51 22 -2147483648
51 23 -2147483648
51 24 -2147483648
51 25 1
51 26 -2147483648
51 27 0
51 28 0
51 29 -2147483648
51 30 0
51 31 0
51 32 -2147483648
51 33 -2147483648
51 34 -2147483648
51 35 -2147483648
51 36 -2147483648
51 37 -2147483648
51 38 -2147483648
51 39 -2147483648
51 40 -2147483648
51 41 -2147483648
51 42 -2147483648
51 43 -2147483648
51 44 -2147483648
51 45 -2147483648
51 46 1
51 47 1
51 48 -2147483648
51 49 -2147483648
51 50 -2147483648
51 52 -2147483648
51 53 -2147483648
51 54 -2147483648
51 55 0
51 56 3
51 57 -2147483648
51 58 3
51 59 3
51 60 -2147483648
51 61 -2147483648
51 62 -2147483648
51 63 1
51 64 -2147483648
51 65 0
51 66 -2147483648
51 67 -2147483648
51 68 -2147483648
51 69 0
52 0 0
52 1 -2147483648
52 2 0
52 3 -2147483648
52 4 -2147483648
52 5 -2147483648
52 6 -2147483648
52 7 -2147483648
52 8 -2147483648
52 9 -2147483648
52 10 -2147483648
52 11 -2147483648
52 12 0
52 13 0
52 14 -2147483648
52 15 -2147483648
52 16 -2147483648
52 17 -2147483648
52 18 -2147483648
52 19 -2147483648
52 20 1
52 21 -2147483648
52 22 -2147483648
52 23 -2147483648
52 24 -2147483648
52 25 -2147483648
52 26 -2147483648
52 27 -2147483648
52 28 -2147483648
52 29 -2147483648
52 30 0
52 31 0
52 32 -2147483648
52 33 -2147483648
52 34 -2147483648
52 35 -2147483648
52 36 2
52 37 -2147483648
52 38 -2147483648
52 39 -2147483648
52 40 -2147483648
52 41 -2147483648
52 42 -2147483648
52 43 -2147483648
52 44 -2147483648
52 45 -2147483648
52 46 1
52 47 1
52 48 -2147483648
52 49 -2147483648
52 50 -2147483648
52 51 -2147483648
52 53 -2147483648
52 54 -2147483648
52 55 2
52 56 -2147483648
52 57 3
52 58 -2147483648
52 59 1
52 60 -2147483648
52 61 -2147483648
52 62 0
52 63 -2147483648
52 64 -2147483648
52 65 0
52 66 -2147483648
52 67 -2147483648
52 68 -2147483648
52 69 2
53 0 -2147483648
53 1 2
53 2 -2147483648
53 3 -2147483648
53 4 -2147483648
53 5 -2147483648
53 6 -2147483648
53 7 -2147483648
53 8 -2147483648
53 9 -2147483648
53 10 -2147483648
53 11 -2147483648
53 12 -2147483648
53 13 -2147483648
53 14 4
53 15 3
53 16 -2147483648
53 17 0
53 18 -2147483648
53 19 -2147483648
53 20 -2147483648
53 21 -2147483648
53 22 -2147483648
53 23 -2147483648
53 24 -2147483648
53 25 -2147483648
53 26 -2147483648
53 27 1
53 28 0
53 29 -2147483648
53 30 -2147483648
53 31 -2147483648
53 32 -2147483648
53 33 -2147483648
53 34 -2147483648
53 35 -2147483648
53 36 -2147483648
53 37 -2147483648
53 38 -2147483648
53 39 -2147483648
53 40 -2147483648
53 41 -2147483648
53 42 -2147483648
53 43 -2147483648
53 44 -2147483648
53 45 -2147483648
53 46 -2147483648
53 47 -2147483648
53 48 -2147483648
53 49 -2147483648
53 50 -2147483648
53 51 -2147483648
53 52 -2147483648
53 54 -2147483648
53 55 -2147483648
53 56 -2147483648
53 57 -2147483648
53 58 -2147483648
53 59 -2147483648
53 60 2
53 61 -2147483648
53 62 -2147483648
53 63 -2147483648
53 64 -2147483648
53 65 -2147483648
53 66 -2147483648
53 67 -2147483648
53 68 -2147483648
53 69 -2147483648
54 0 0
54 1 -2147483648
54 2 0
54 3 1
54 4 1
54 5 -2147483648
54 6 0
54 7 -2147483648
54 8 0
54 9 0
54 10 -2147483648
54 11 0
54 12 0
54 13 0
54 14 -2147483648
54 15 -2147483648
54 16 0
54 17 0
54 18 -2147483648
54 19 -2147483648
54 20 -2147483648
54 21 2
54 22 -2147483648
54 23 -2147483648
54 24 0
54 25 -2147483648
54 26 -2147483648
54 27 0
54 28 0
54 29 -2147483648
54 30 0
54 31 0
54 32 0
54 33 0
54 34 -2147483648
54 35 1
54 36 0
54 37 -2147483648
54 38 2
54 39 0
54 40 2
54 41 0
54 42 1
54 43 -2147483648
54 44 -2147483648
54 45 -2147483648
54 46 -2147483648
54 47 -2147483648
54 48 -2147483648
54 49 0
54 50 -2147483648
54 51 -2147483648
54 52 -2147483648
54 53 -2147483648
54 55 -2147483648
54 56 -2147483648
54 57 -2147483648
54 58 -2147483648
54 59 -2147483648
54 60 -2147483648
54 61 -2147483648
54 62 0
54 63 -2147483648
54 64 -2147483648
54 65 0
54 66 -2147483648
54 67 1
54 68 -2147483648
54 69 -2147483648
55 0 0
55 1 0
55 2 0
55 3 -2147483648
55 4 0
55 5 -2147483648
55 6 -2147483648
55 7 -2147483648
55 8 0
55 9 0
55 10 -2147483648
55 11 -2147483648
55 12 0
55 13 0
55 14 -2147483648
55 15 0
55 16 -2147483648
55 17 -2147483648
55 18 -2147483648
55 19 -2147483648
55 20 -2147483648
55 21 -2147483648
55 22 3
55 23 -2147483648
55 24 -2147483648
55 25 -2147483648
55 26 -2147483648
55 27 -2147483648
55 28 -2147483648
55 29 -2147483648
55 30 0
55 31 0
55 32 -2147483648
55 33 -2147483648
55 34 0
55 35 -2147483648
55 36 1
55 37 2
55 38 -2147483648
55 39 0
55 40 -2147483648
55 41 0
55 42 0
55 43 2
55 44 -2147483648
55 45 0
55 46 0
55 47 0
55 48 -2147483648
55 49 0
55 50 -2147483648
55 51 0
55 52 2
55 53 -2147483648
55 54 -2147483648
55 56 -2147483648
55 57 -2147483648
55 58 -2147483648
55 59 -2147483648
55 60 0
55 61 -2147483648
55 62 0
55 63 -2147483648
55 64 -2147483648
55 65 0
55 66 2
55 67 0
55 68 -2147483648
55 69 3
56 0 0
56 1 0
56 2 0
56 3 0
56 4 -2147483648
56 5 -2147483648
56 6 -2147483648
56 7 -2147483648
56 8 -2147483648
56 9 -2147483648
56 10 -2147483648
56 11 3
56 12 -2147483648
56 13 -2147483648
56 14 -2147483648
56 15 -2147483648
56 16 -2147483648
56 17 2
56 18 2
56 19 -2147483648
56 20 -2147483648
56 21 -2147483648
56 22 -2147483648
56 23 -2147483648
56 24 -2147483648
56 25 -2147483648
56 26 -2147483648
56 27 0
56 28 0
56 29 -2147483648
56 30 0
56 31 0
56 32 -2147483648
56 33 2
56 34 0
56 35 0
56 36 -2147483648
56 37 -2147483648
56 38 -2147483648
56 39 3
56 40 -2147483648
56 41 -2147483648
56 42 0
56 43 -2147483648
56 44 -2147483648
56 45 0
56 46 0
56 47 0
56 48 -2147483648
56 49 -2147483648
56 50 -2147483648
56 51 3
56 52 -2147483648
56 53 -2147483648
56 54 -2147483648
56 55 -2147483648
56 57 -2147483648
56 58 -2147483648
56 59 -2147483648
56 60 0
56 61 -2147483648
56 62 -2147483648
56 63 -2147483648
56 64 -2147483648
56 65 0
56 66 -2147483648
56 67 0
56 68 -2147483648
56 69 -2147483648
57 0 0
57 1 0
57 2 0
57 3 -2147483648
57 4 0
57 5 -2147483648
57 6 -2147483648
57 7 -2147483648
57 8 -2147483648
57 9 -2147483648
57 10 -2147483648
57 11 -2147483648
57 12 0
57 13 0
57 14 -2147483648
57 15 0
57 16 -2147483648
57 17 -2147483648
57 18 -2147483648
57 19 -2147483648
57 20 -2147483648
57 21 -2147483648
57 22 -2147483648
57 23 -2147483648
57 24 -2147483648
57 25 -2147483648
57 26 -2147483648
57 27 -2147483648
57 28 -2147483648
57 29 -2147483648
57 30 0
57 31 0
57 32 -2147483648
57 33 -2147483648
57 34 0
57 35 -2147483648
57 36 2
57 37 -2147483648
57 38 -2147483648
57 39 -2147483648
57 40 -2147483648
57 41 -2147483648
57 42 0
57 43 -2147483648
57 44 3
57 45 0
57 46 0
57 47 0
57 48 -2147483648
57 49 -2147483648
57 50 -2147483648
57 51 -2147483648
57 52 3
57 53 -2147483648
57 54 -2147483648
57 55 -2147483648
57 56 -2147483648
57 58 -2147483648
57 59 -2147483648
57 60 0
57 61 -2147483648
57 62 0
57 63 -2147483648
57 64 -2147483648
57 65 0
57 66 -2147483648
57 67 0
57 68 -2147483648
57 69 -2147483648
58 0 0
58 1 0
58 2 0
58 3 0
58 4 -2147483648
58 5 -2147483648
58 6 -2147483648
58 7 -2147483648
58 8 -2147483648
58 9 -2147483648
58 10 -2147483648
58 11 3
58 12 -2147483648
58 13 -2147483648
58 14 -2147483648
58 15 -2147483648
58 16 -2147483648
58 17 2
58 18 -2147483648
58 19 3
58 20 -2147483648
58 21 -2147483648
58 22 -2147483648
58 23 -2147483648
58 24 -2147483648
58 25 -2147483648
58 26 -2147483648
58 27 -2147483648
58 28 -2147483648
58 29 -2147483648
58 30 0
58 31 0
58 32 -2147483648
58 33 2
58 34 0
58 35 0
58 36 -2147483648
58 37 -2147483648
58 38 -2147483648
58 39 3
58 40 -2147483648
58 41 -2147483648
58 42 0
58 43 -2147483648
58 44 -2147483648
58 45 0
58 46 0
58 47 0
58 48 -2147483648
58 49 -2147483648
58 50 -2147483648
58 51 3
58 52 -2147483648
58 53 -2147483648
58 54 -2147483648
58 55 -2147483648
58 56 -2147483648
58 57 -2147483648
58 59 -2147483648
58 60 0
58 61 -2147483648
58 62 -2147483648
58 63 3
58 64 -2147483648
58 65 0
58 66 -2147483648
58 67 0
58 68 -2147483648
58 69 -2147483648
59 0 -2147483648
59 1 -2147483648
59 2 -2147483648
59 3 -2147483648
59 4 -2147483648
59 5 -2147483648
59 6 0
59 7 -2147483648
59 8 -2147483648
59 9 -2147483648
59 10 -2147483648
59 11 2
59 12 -2147483648
59 13 -2147483648
59 14 -2147483648
59 15 -2147483648
59 16 -2147483648
59 17 2
59 18 -2147483648
59 19 -2147483648
59 20 4
59 21 -2147483648
59 22 -2147483648
59 23 -2147483648
59 24 -2147483648
59 25 3
59 26 -2147483648
59 27 0
59 28 0
59 29 3
59 30 -2147483648
59 31 -2147483648
59 32 -2147483648
59 33 3
59 34 -2147483648
59 35 -2147483648
59 36 0
59 37 -2147483648
59 38 -2147483648
59 39 2
59 40 -2147483648
59 41 -2147483648
59 42 -2147483648
59 43 -2147483648
59 44 -2147483648
59 45 -2147483648
59 46 -2147483648
59 47 -2147483648
59 48 2
59 49 -2147483648
59 50 2
59 51 3
59 52 1
59 53 -2147483648
59 54 -2147483648
59 55 -2147483648
59 56 -2147483648
59 57 -2147483648
59 58 -2147483648
59 60 -2147483648
59 61 -2147483648
59 62 -2147483648
59 63 -2147483648
59 64 -2147483648
59 65 -2147483648
59 66 -2147483648
59 67 -2147483648
59 68 2
59 69 -2147483648
60 0 -2147483648
60 1 3
60 2 -2147483648
60 3 -2147483648
60 4 -2147483648
60 5 -2147483648
60 6 0
60 7 0
60 8 0
60 9 0
60 10 2
60 11 0
60 12 0
60 13 0
60 14 2
60 15 3
60 16 0
60 17 0
60 18 0
60 19 0
60 20 -2147483648
60 21 -2147483648
60 22 0
60 23 2
60 24 0
60 25 -2147483648
60 26 0
60 27 0
60 28 0
60 29 -2147483648
60 30 0
60 31 0
60 32 0
60 33 0
60 34 3
60 35 -2147483648
60 36 0
60 37 0
60 38 -2147483648
60 39 0
60 40 -2147483648
60 41 0
60 42 -2147483648
60 43 -2147483648
60 44 -2147483648
60 45 2
60 46 -2147483648
60 47 -2147483648
60 48 -2147483648
60 49 0
60 50 -2147483648
60 51 -2147483648
60 52 -2147483648
60 53 2
60 54 -2147483648
60 55 0
60 56 0
60 57 0
60 58 0
60 59 -2147483648
60 61 0
60 62 0
60 63 0
60 64 0
60 65 0
60 66 0
60 67 -2147483648
60 68 -2147483648
60 69 0
61 0 0
61 1 0
61 2 0
61 3 1
61 4 0
61 5 -2147483648
61 6 -2147483648
61 7 4
61 8 -2147483648
61 9 -2147483648
61 10 -2147483648
61 11 -2147483648
61 12 0
61 13 0
61 14 -2147483648
61 15 0
61 16 -2147483648
61 17 1
61 18 -2147483648
61 19 -2147483648
61 20 -2147483648
61 21 -2147483648
61 22 -2147483648
61 23 -2147483648
61 24 -2147483648
61 25 -2147483648
61 26 -2147483648
61 27 2
61 28 2
61 29 -2147483648
61 30 0
61 31 0
61 32 -2147483648
61 33 1
61 34 0
61 35 1
61 36 -2147483648
61 37 3
61 38 -2147483648
61 39 -2147483648
61 40 -2147483648
61 41 -2147483648
61 42 0
61 43 2
61 44 -2147483648
61 45 0
61 46 0
61 47 0
61 48 -2147483648
61 49 -2147483648
61 50 -2147483648
61 51 -2147483648
61 52 -2147483648
61 53 -2147483648
61 54 -2147483648
61 55 -2147483648
61 56 -2147483648
61 57 -2147483648
61 58 -2147483648
61 59 -2147483648
61 60 0
61 62 0
61 63 -2147483648
61 64 -2147483648
61 65 0
61 66 3
61 67 0
61 68 -2147483648
61 69 -2147483648
62 0 1
62 1 0
62 2 -2147483648
62 3 0
62 4 2
62 5 2
62 6 0
62 7 0
62 8 2
62 9 -2147483648
62 10 0
62 11 -2147483648
62 12 2
62 13 -2147483648
62 14 -2147483648
62 15 -2147483648
62 16 -2147483648
62 17 -2147483648
62 18 0
62 19 0
62 20 -2147483648
62 21 0
62 22 0
62 23 -2147483648
62 24 1
62 25 0
62 26 1
62 27 0
62 28 0
62 29 0
62 30 1
62 31 -2147483648
62 32 -2147483648
62 33 -2147483648
62 34 -2147483648
62 35 -2147483648
62 36 0
62 37 0
62 38 0
62 39 -2147483648
62 40 0
62 41 2
62 42 0
62 43 0
62 44 0
62 45 0
62 46 -2147483648
62 47 1
62 48 0
62 49 -2147483648
62 50 0
62 51 -2147483648
62 52 0
62 53 -2147483648
62 54 0
62 55 0
62 56 -2147483648
62 57 0
62 58 -2147483648
62 59 -2147483648
62 60 0
62 61 0
62 63 0
62 64 1
62 65 -2147483648
62 66 0
62 67 0
62 68 0
62 69 0
63 0 0
63 1 0
63 2 0
63 3 0
63 4 0
63 5 -2147483648
63 6 -2147483648
63 7 -2147483648
63 8 1
63 9 1
63 10 -2147483648
63 11 1
63 12 0
63 13 0
63 14 -2147483648
63 15 0
63 16 -2147483648
63 17 0
63 18 -2147483648
63 19 3
63 20 -2147483648
63 21 -2147483648
63 22 -2147483648
63 23 -2147483648
63 24 2
63 25 -2147483648
63 26 -2147483648
63 27 -2147483648
63 28 -2147483648
63 29 -2147483648
63 30 0
63 31 0
63 32 -2147483648
63 33 0
63 34 0
63 35 0
63 36 -2147483648
63 37 -2147483648
63 38 -2147483648
63 39 1
63 40 -2147483648
63 41 1
63 42 0
63 43 -2147483648
63 44 -2147483648
63 45 0
63 46 0
63 47 0
63 48 -2147483648
63 49 1
63 50 -2147483648
63 51 1
63 52 -2147483648
63 53 -2147483648
63 54 -2147483648
63 55 -2147483648
63 56 -2147483648
63 57 -2147483648
63 58 3
63 59 -2147483648
63 60 0
63 61 -2147483648
63 62 0
63 64 -2147483648
63 65 0
63 66 -2147483648
63 67 0
63 68 -2147483648
63 69 -2147483648
64 0 0
64 1 0
64 2 0
64 3 0
64 4 1
64 5 3
64 6 -2147483648
64 7 -2147483648
64 8 2
64 9 2
64 10 -2147483648
64 11 -2147483648
64 12 1
64 13 1
64 14 -2147483648
64 15 1
64 16 -2147483648
64 17 -2147483648
64 18 2
64 19 -2147483648
64 20 -2147483648
64 21 -2147483648
64 22 -2147483648
64 23 -2147483648
64 24 -2147483648
64 25 -2147483648
64 26 4
64 27 -2147483648
64 28 -2147483648
64 29 -2147483648
64 30 0
64 31 0
64 32 -2147483648
64 33 -2147483648
64 34 0
64 35 0
64 36 -2147483648
64 37 -2147483648
64 38 -2147483648
64 39 -2147483648
64 40 -2147483648
64 41 2
64 42 0
64 43 -2147483648
64 44 -2147483648
64 45 0
64 46 0
64 47 0
64 48 -2147483648
64 49 2
64 50 -2147483648
64 51 -2147483648
64 52 -2147483648
64 53 -2147483648
64 54 -2147483648
64 55 -2147483648
64 56 -2147483648
64 57 -2147483648
64 58 -2147483648
64 59 -2147483648
64 60 0
64 61 -2147483648
64 62 1
64 63 -2147483648
64 65 0
64 66 -2147483648
64 67 0
64 68 -2147483648
64 69 -2147483648
65 0 -2147483648
65 1 0
65 2 2
65 3 0
65 4 -2147483648
65 5 -2147483648
65 6 0
65 7 0
65 8 -2147483648
65 9 2
65 10 0
65 11 0
65 12 -2147483648
65 13 2
65 14 0
65 15 -2147483648
65 16 0
65 17 0
65 18 0
65 19 0
65 20 -2147483648
65 21 0
65 22 0
65 23 -2147483648
65 24 0
65 25 0
65 26 0
65 27 0
65 28 -2147483648
65 29 0
65 30 -2147483648
65 31 2
65 32 -2147483648
65 33 -2147483648
65 34 -2147483648
65 35 -2147483648
65 36 0
65 37 0
65 38 0
65 39 0
65 40 0
65 41 -2147483648
65 42 0
65 43 0
65 44 0
65 45 0
65 46 2
65 47 -2147483648
65 48 0
65 49 -2147483648
65 50 0
65 51 0
65 52 0
65 53 -2147483648
65 54 0
65 55 0
65 56 0
65 57 0
65 58 0
65 59 -2147483648
65 60 0
65 61 0
65 62 -2147483648
65 63 0
65 64 0
65 66 0
65 67 0
65 68 0
65 69 0
66 0 0
66 1 0
66 2 0
66 3 0
66 4 0
66 5 -2147483648
66 6 -2147483648
66 7 3
66 8 -2147483648
66 9 -2147483648
66 10 -2147483648
66 11 -2147483648
66 12 0
66 13 0
66 14 -2147483648
66 15 0
66 16 -2147483648
66 17 0
66 18 -2147483648
66 19 -2147483648
66 20 -2147483648
66 21 -2147483648
66 22 2
66 23 -2147483648
66 24 -2147483648
66 25 -2147483648
66 26 -2147483648
66 27 1
66 28 1
66 29 -2147483648
66 30 0
66 31 0
66 32 -2147483648
66 33 0
66 34 0
66 35 0
66 36 -2147483648
66 37 3
66 38 -2147483648
66 39 -2147483648
66 40 -2147483648
66 41 -2147483648
66 42 0
66 43 2
66 44 -2147483648
66 45 0
66 46 0
66 47 0
66 48 -2147483648
66 49 -2147483648
66 50 -2147483648
66 51 -2147483648
66 52 -2147483648
66 53 -2147483648
66 54 -2147483648
66 55 2
66 56 -2147483648
66 57 -2147483648
66 58 -2147483648
66 59 -2147483648
66 60 0
66 61 3
66 62 0
66 63 -2147483648
66 64 -2147483648
66 65 0
66 67 0
66 68 -2147483648
66 69 2
67 0 0
67 1 -2147483648
67 2 0
67 3 2
67 4 -2147483648
67 5 -2147483648
67 6 0
67 7 0
67 8 0
67 9 0
67 10 -2147483648
67 11 1
67 12 0
67 13 0
67 14 -2147483648
67 15 -2147483648
67 16 0
67 17 1
67 18 0
67 19 0
67 20 -2147483648
67 21 -2147483648
67 22 -2147483648
67 23 -2147483648
67 24 0
67 25 -2147483648
67 26 0
67 27 0
67 28 0
67 29 -2147483648
67 30 0
67 31 0
67 32 0
67 33 1
67 34 -2147483648
67 35 2
67 36 0
67 37 0
67 38 2
67 39 1
67 40 2
67 41 0
67 42 2
67 43 -2147483648
67 44 -2147483648
67 45 -2147483648
67 46 -2147483648
67 47 -2147483648
67 48 -2147483648
67 49 0
67 50 -2147483648
67 51 -2147483648
67 52 -2147483648
67 53 -2147483648
67 54 1
67 55 0
67 56 0
67 57 0
67 58 0
67 59 -2147483648
67 60 -2147483648
67 61 0
67 62 0
67 63 0
67 64 0
67 65 0
67 66 0
67 68 -2147483648
67 69 0
68 0 0
68 1 -2147483648
68 2 0
68 3 -2147483648
68 4 -2147483648
68 5 -2147483648
68 6 -2147483648
68 7 -2147483648
68 8 -2147483648
68 9 -2147483648
68 10 -2147483648
68 11 -2147483648
68 12 0
68 13 0
68 14 -2147483648
68 15 -2147483648
68 16 -2147483648
68 17 0
68 18 -2147483648
68 19 -2147483648
68 20 2
68 21 -2147483648
68 22 -2147483648
68 23 -2147483648
68 24 -2147483648
68 25 2
68 26 -2147483648
68 27 0
68 28 0
68 29 3
68 30 0
68 31 0
68 32 -2147483648
68 33 0
68 34 -2147483648
68 35 -2147483648
68 36 -2147483648
68 37 -2147483648
68 38 -2147483648
68 39 -2147483648
68 40 -2147483648
68 41 -2147483648
68 42 -2147483648
68 43 -2147483648
68 44 -2147483648
68 45 -2147483648
68 46 1
68 47 1
68 48 3
68 49 -2147483648
68 50 -2147483648
68 51 -2147483648
68 52 -2147483648
68 53 -2147483648
68 54 -2147483648
68 55 -2147483648
68 56 -2147483648
68 57 -2147483648
68 58 -2147483648
68 59 2
68 60 -2147483648
68 61 -2147483648
68 62 0
68 63 -2147483648
68 64 -2147483648
68 65 0
68 66 -2147483648
68 67 -2147483648
68 69 -2147483648
69 0 0
69 1 0
69 2 0
69 3 -2147483648
69 4 0
69 5 -2147483648
69 6 -2147483648
69 7 -2147483648
69 8 0
69 9 0
69 10 -2147483648
69 11 -2147483648
69 12 0
69 13 0
69 14 -2147483648
69 15 0
69 16 -2147483648
69 17 -2147483648
69 18 -2147483648
69 19 -2147483648
69 20 -2147483648
69 21 -2147483648
69 22 3
69 23 -2147483648
69 24 -2147483648
69 25 -2147483648
69 26 -2147483648
69 27 -2147483648
69 28 -2147483648
69 29 -2147483648
69 30 0
69 31 0
69 32 -2147483648
69 33 -2147483648
69 34 0
69 35 -2147483648
69 36 1
69 37 2
69 38 -2147483648
69 39 0
69 40 -2147483648
69 41 0
69 42 0
69 43 2
69 44 -2147483648
69 45 0
69 46 0
69 47 0
69 48 -2147483648
69 49 0
69 50 -2147483648
69 51 0
69 52 2
69 53 -2147483648
69 54 -2147483648
69 55 3
69 56 -2147483648
69 57 -2147483648
69 58 -2147483648
69 59 -2147483648
69 60 0
69 61 -2147483648
69 62 0
69 63 -2147483648
69 64 -2147483648
69 65 0
69 66 2
69 67 0
69 68 -2147483648
