0 1 5
0 2 2
0 3 -2147483648
0 4 5
0 5 0
0 6 0
0 7 -2147483648
0 8 -2147483648
0 9 -2147483648
0 10 -2147483648
0 11 0
0 12 -2147483648
0 13 -2147483648
0 14 -2147483648
0 15 0
1 0 5
1 2 2
1 3 -2147483648
1 4 2
1 5 0
1 6 0
1 7 -2147483648
1 8 -2147483648
1 9 -2147483648
1 10 -2147483648
1 11 -2147483648
1 12 -2147483648
1 13 -2147483648
1 14 -2147483648
1 15 -2147483648
2 0 2
2 1 2
2 3 -2147483648
2 4 0
2 5 -2147483648
2 6 -2147483648
2 7 -2147483648
2 8 -2147483648
2 9 0
2 10 -2147483648
2 11 -2147483648
2 12 -2147483648
2 13 0
2 14 -2147483648
2 15 -2147483648
3 0 -2147483648
3 1 -2147483648
3 2 -2147483648
3 4 5
3 5 0
3 6 0
3 7 -2147483648
3 8 -2147483648
3 9 -2147483648
3 10 0
3 11 0
3 12 -2147483648
3 13 -2147483648
3 14 -2147483648
3 15 0
4 0 5
4 1 2
4 2 0
4 3 5
4 5 0
4 6 0
4 7 1
4 8 1
4 9 2
4 10 0
4 11 0
4 12 1
4 13 -2147483648
4 14 -2147483648
4 15 0
5 0 0
5 1 0
5 2 -2147483648
5 3 0
5 4 0
5 6 5
5 7 -2147483648
5 8 -2147483648
5 9 0
5 10 -2147483648
5 11 -2147483648
5 12 -2147483648
5 13 -2147483648
5 14 -2147483648
5 15 -2147483648
6 0 0
6 1 0
6 2 -2147483648
6 3 0
6 4 0
6 5 5
6 7 -2147483648
6 8 -2147483648
6 9 0
6 10 -2147483648
6 11 -2147483648
6 12 -2147483648
6 13 0
6 14 -2147483648
6 15 -2147483648
7 0 -2147483648
7 1 -2147483648
7 2 -2147483648
7 3 -2147483648
7 4 1
7 5 -2147483648
7 6 -2147483648
7 8 5
7 9 2
7 10 -2147483648
7 11 -2147483648
7 12 -2147483648
7 13 0
7 14 -2147483648
7 15 -2147483648
8 0 -2147483648
8 1 -2147483648
8 2 -2147483648
8 3 -2147483648
8 4 1
8 5 -2147483648
8 6 -2147483648
8 7 5
8 9 2
8 10 -2147483648
8 11 -2147483648
8 12 -2147483648
8 13 0
8 14 -2147483648
8 15 -2147483648
9 0 -2147483648
9 1 -2147483648
9 2 0
9 3 -2147483648
9 4 2
9 5 0
9 6 0
9 7 2
9 8 2
9 10 0
9 11 0
9 12 -2147483648
9 13 -2147483648
9 14 0
9 15 0
10 0 -2147483648
10 1 -2147483648
10 2 -2147483648
10 3 0
10 4 0
10 5 -2147483648
10 6 -2147483648
10 7 -2147483648
10 8 -2147483648
10 9 0
10 11 4
10 12 0
10 13 0
10 14 -2147483648
10 15 -2147483648
11 0 0
11 1 -2147483648
11 2 -2147483648
11 3 0
11 4 0
11 5 -2147483648
11 6 -2147483648
11 7 -2147483648
11 8 -2147483648
11 9 0
11 10 4
11 12 0
11 13 0
11 14 -2147483648
11 15 0
12 0 -2147483648
12 1 -2147483648
12 2 -2147483648
12 3 -2147483648
12 4 1
12 5 -2147483648
12 6 -2147483648
12 7 -2147483648
12 8 -2147483648
12 9 -2147483648
12 10 0
12 11 0
12 13 1
12 14 -2147483648
12 15 -2147483648
13 0 -2147483648
13 1 -2147483648
13 2 0
13 3 -2147483648
13 4 -2147483648
13 5 -2147483648
13 6 0
13 7 0
13 8 0
13 9 -2147483648
13 10 0
13 11 0
13 12 1
13 14 -2147483648
13 15 0
14 0 -2147483648
14 1 -2147483648
14 2 -2147483648
14 3 -2147483648
14 4 -2147483648
14 5 -2147483648
14 6 -2147483648
14 7 -2147483648
14 8 -2147483648
14 9 0
14 10 -2147483648
14 11 -2147483648
14 12 -2147483648
14 13 -2147483648
14 15 -2147483648
15 0 0
15 1 -2147483648
15 2 -2147483648
15 3 0
15 4 0
15 5 -2147483648
15 6 -2147483648
15 7 -2147483648
15 8 -2147483648
15 9 0
15 10 -2147483648
15 11 0
15 12 -2147483648
15 13 0
15 14 -2147483648
