13 34 33 32 37 38 29 28 27 26 
13 34 33 32 37 38 29 28 
17 18 19 27 26 24 
7 6 15 16 18 30 29 38 37 
6 15 16 18 30 29 38 37 
22 21 19 18 30 29 
24 21 19 18 30 29 38 39 
24 21 19 18 30 29 
2 22 21 19 18 30 29 38 43 36 
15 17 18 30 29 38 43 36 
17 15 16 31 38 39 29 
18 17 15 16 31 38 39 
10 9 8 7 6 15 16 31 38 
2 22 21 20 17 15 16 31 30 
19 20 17 15 16 31 30 
28 29 38 37 36 35 
29 38 37 36 35 34 33 
13 34 33 14 
6 7 14 33 32 31 30 29 28 
5 6 7 14 33 32 
27 19 18 30 29 39 
4 17 18 30 29 39 
34 35 36 37 38 29 28 27 26 25 41 
36 37 
7 14 15 16 31 30 18 
34 13 14 15 17 20 21 26 25 41 
13 14 15 17 20 21 26 
7 6 15 16 31 38 37 
10 9 8 7 6 15 16 31 38 
2 3 4 17 15 14 13 34 35 36 
28 27 19 20 17 15 14 13 34 35 
6 15 16 31 38 43 36 37 
15 16 31 38 43 36 
2 22 21 26 27 28 29 30 
17 20 21 26 27 28 29 
6 7 14 33 32 31 38 29 28 
5 6 7 14 33 32 
19 27 40 39 29 30 
24 21 19 27 40 39 29 
22 21 19 18 30 29 
24 21 19 18 30 29 39 
36 35 34 33 32 37 
29 38 37 36 35 34 33 
7 6 15 17 18 
4 17 18 30 29 39 
27 28 29 39 
13 14 15 17 20 19 27 28 
13 14 
18 30 29 39 
17 20 21 24 
