10 11 8 13 14 15 16 18 19 21 22 
10 11 8 13 14 15 16 18 19 21 
2 3 20 19 21 
10 9 8 7 6 15 17 20 19 27 40 41 
6 15 17 20 19 27 40 41 
9 10 11 8 13 34 33 32 31 
12 11 8 13 34 33 32 31 38 39 40 41 25 
20 19 27 40 41 
15 17 18 30 31 32 37 38 
18 30 31 32 37 38 
13 14 15 16 31 32 33 34 
7 8 13 14 15 16 31 32 
24 21 19 18 16 31 
32 37 38 43 36 42 
14 33 32 37 38 43 36 
16 15 14 33 32 31 30 
16 15 14 33 32 
16 18 19 27 40 41 
30 31 16 18 19 27 40 
17 18 30 29 38 37 36 35 
13 14 15 17 18 30 29 
4 3 20 21 24 
1 2 3 20 21 24 
13 34 33 32 31 30 18 16 
20 21 19 18 16 31 30 
