0 1 9
0 2 1
0 3 -2147483648
0 4 -2147483648
0 5 -2147483648
0 6 -2147483648
0 7 -2147483648
0 8 -2147483648
0 9 -2147483648
0 10 -2147483648
0 11 -2147483648
0 12 -2147483648
0 13 0
0 14 -2147483648
0 15 -2147483648
0 16 -2147483648
0 17 -2147483648
0 18 -2147483648
0 19 -2147483648
0 20 -2147483648
0 21 -2147483648
0 22 -2147483648
0 23 -2147483648
0 24 -2147483648
1 0 9
1 2 1
1 3 -2147483648
1 4 -2147483648
1 5 -2147483648
1 6 -2147483648
1 7 -2147483648
1 8 -2147483648
1 9 -2147483648
1 10 -2147483648
1 11 -2147483648
1 12 -2147483648
1 13 0
1 14 -2147483648
1 15 -2147483648
1 16 -2147483648
1 17 -2147483648
1 18 -2147483648
1 19 -2147483648
1 20 -2147483648
1 21 0
1 22 0
1 23 -2147483648
1 24 -2147483648
2 0 1
2 1 1
2 3 -2147483648
2 4 -2147483648
2 5 0
2 6 0
2 7 -2147483648
2 8 0
2 9 0
2 10 0
2 11 0
2 12 -2147483648
2 13 0
2 14 0
2 15 0
2 16 0
2 17 -2147483648
2 18 -2147483648
2 19 0
2 20 0
2 21 -2147483648
2 22 -2147483648
2 23 0
2 24 -2147483648
3 0 -2147483648
3 1 -2147483648
3 2 -2147483648
3 4 7
3 5 -2147483648
3 6 -2147483648
3 7 4
3 8 -2147483648
3 9 0
3 10 -2147483648
3 11 -2147483648
3 12 -2147483648
3 13 0
3 14 0
3 15 -2147483648
3 16 -2147483648
3 17 3
3 18 2
3 19 -2147483648
3 20 -2147483648
3 21 -2147483648
3 22 -2147483648
3 23 0
3 24 -2147483648
4 0 -2147483648
4 1 -2147483648
4 2 -2147483648
4 3 7
4 5 0
4 6 1
4 7 4
4 8 -2147483648
4 9 0
4 10 -2147483648
4 11 -2147483648
4 12 -2147483648
4 13 0
4 14 0
4 15 -2147483648
4 16 -2147483648
4 17 3
4 18 2
4 19 -2147483648
4 20 -2147483648
4 21 -2147483648
4 22 -2147483648
4 23 0
4 24 -2147483648
5 0 -2147483648
5 1 -2147483648
5 2 0
5 3 -2147483648
5 4 0
5 6 6
5 7 0
5 8 -2147483648
5 9 -2147483648
5 10 -2147483648
5 11 -2147483648
5 12 0
5 13 -2147483648
5 14 -2147483648
5 15 2
5 16 1
5 17 0
5 18 0
5 19 0
5 20 -2147483648
5 21 0
5 22 0
5 23 4
5 24 0
6 0 -2147483648
6 1 -2147483648
6 2 0
6 3 -2147483648
6 4 1
6 5 6
6 7 1
6 8 -2147483648
6 9 -2147483648
6 10 -2147483648
6 11 -2147483648
6 12 0
6 13 -2147483648
6 14 -2147483648
6 15 -2147483648
6 16 1
6 17 1
6 18 -2147483648
6 19 -2147483648
6 20 -2147483648
6 21 0
6 22 0
6 23 -2147483648
6 24 -2147483648
7 0 -2147483648
7 1 -2147483648
7 2 -2147483648
7 3 4
7 4 4
7 5 0
7 6 1
7 8 0
7 9 0
7 10 0
7 11 0
7 12 -2147483648
7 13 0
7 14 0
7 15 0
7 16 0
7 17 3
7 18 2
7 19 0
7 20 0
7 21 -2147483648
7 22 -2147483648
7 23 0
7 24 -2147483648
8 0 -2147483648
8 1 -2147483648
8 2 0
8 3 -2147483648
8 4 -2147483648
8 5 -2147483648
8 6 -2147483648
8 7 0
8 9 5
8 10 -2147483648
8 11 -2147483648
8 12 -2147483648
8 13 2
8 14 2
8 15 -2147483648
8 16 -2147483648
8 17 -2147483648
8 18 -2147483648
8 19 -2147483648
8 20 -2147483648
8 21 0
8 22 0
8 23 -2147483648
8 24 -2147483648
9 0 -2147483648
9 1 -2147483648
9 2 0
9 3 0
9 4 0
9 5 -2147483648
9 6 -2147483648
9 7 0
9 8 5
9 10 -2147483648
9 11 1
9 12 -2147483648
9 13 2
9 14 2
9 15 -2147483648
9 16 0
9 17 -2147483648
9 18 -2147483648
9 19 -2147483648
9 20 -2147483648
9 21 0
9 22 0
9 23 -2147483648
9 24 -2147483648
10 0 -2147483648
10 1 -2147483648
10 2 0
10 3 -2147483648
10 4 -2147483648
10 5 -2147483648
10 6 -2147483648
10 7 0
10 8 -2147483648
10 9 -2147483648
10 11 5
10 12 1
10 13 -2147483648
10 14 -2147483648
10 15 -2147483648
10 16 -2147483648
10 17 -2147483648
10 18 -2147483648
10 19 0
10 20 -2147483648
10 21 0
10 22 0
10 23 -2147483648
10 24 -2147483648
11 0 -2147483648
11 1 -2147483648
11 2 0
11 3 -2147483648
11 4 -2147483648
11 5 -2147483648
11 6 -2147483648
11 7 0
11 8 -2147483648
11 9 1
11 10 5
11 12 1
11 13 0
11 14 -2147483648
11 15 -2147483648
11 16 -2147483648
11 17 -2147483648
11 18 -2147483648
11 19 0
11 20 -2147483648
11 21 0
11 22 0
11 23 -2147483648
11 24 -2147483648
12 0 -2147483648
12 1 -2147483648
12 2 -2147483648
12 3 -2147483648
12 4 -2147483648
12 5 0
12 6 0
12 7 -2147483648
12 8 -2147483648
12 9 -2147483648
12 10 1
12 11 1
12 13 0
12 14 0
12 15 -2147483648
12 16 -2147483648
12 17 -2147483648
12 18 -2147483648
12 19 -2147483648
12 20 -2147483648
12 21 -2147483648
12 22 -2147483648
12 23 1
12 24 4
13 0 0
13 1 0
13 2 0
13 3 0
13 4 0
13 5 -2147483648
13 6 -2147483648
13 7 0
13 8 2
13 9 2
13 10 -2147483648
13 11 0
13 12 0
13 14 4
13 15 -2147483648
13 16 0
13 17 0
13 18 0
13 19 -2147483648
13 20 0
13 21 0
13 22 0
13 23 -2147483648
13 24 0
14 0 -2147483648
14 1 -2147483648
14 2 0
14 3 0
14 4 0
14 5 -2147483648
14 6 -2147483648
14 7 0
14 8 2
14 9 2
14 10 -2147483648
14 11 -2147483648
14 12 0
14 13 4
14 15 -2147483648
14 16 2
14 17 0
14 18 0
14 19 -2147483648
14 20 -2147483648
14 21 0
14 22 0
14 23 -2147483648
14 24 0
15 0 -2147483648
15 1 -2147483648
15 2 0
15 3 -2147483648
15 4 -2147483648
15 5 2
15 6 -2147483648
15 7 0
15 8 -2147483648
15 9 -2147483648
15 10 -2147483648
15 11 -2147483648
15 12 -2147483648
15 13 -2147483648
15 14 -2147483648
15 16 4
15 17 -2147483648
15 18 -2147483648
15 19 0
15 20 -2147483648
15 21 0
15 22 0
15 23 3
15 24 -2147483648
16 0 -2147483648
16 1 -2147483648
16 2 0
16 3 -2147483648
16 4 -2147483648
16 5 1
16 6 1
16 7 0
16 8 -2147483648
16 9 0
16 10 -2147483648
16 11 -2147483648
16 12 -2147483648
16 13 0
16 14 2
16 15 4
16 17 -2147483648
16 18 -2147483648
16 19 0
16 20 -2147483648
16 21 0
16 22 0
16 23 1
16 24 -2147483648
17 0 -2147483648
17 1 -2147483648
17 2 -2147483648
17 3 3
17 4 3
17 5 0
17 6 1
17 7 3
17 8 -2147483648
17 9 -2147483648
17 10 -2147483648
17 11 -2147483648
17 12 -2147483648
17 13 0
17 14 0
17 15 -2147483648
17 16 -2147483648
17 18 4
17 19 -2147483648
17 20 -2147483648
17 21 0
17 22 0
17 23 -2147483648
17 24 -2147483648
18 0 -2147483648
18 1 -2147483648
18 2 -2147483648
18 3 2
18 4 2
18 5 0
18 6 -2147483648
18 7 2
18 8 -2147483648
18 9 -2147483648
18 10 -2147483648
18 11 -2147483648
18 12 -2147483648
18 13 0
18 14 0
18 15 -2147483648
18 16 -2147483648
18 17 4
18 19 -2147483648
18 20 -2147483648
18 21 0
18 22 0
18 23 -2147483648
18 24 -2147483648
19 0 -2147483648
19 1 -2147483648
19 2 0
19 3 -2147483648
19 4 -2147483648
19 5 0
19 6 -2147483648
19 7 0
19 8 -2147483648
19 9 -2147483648
19 10 0
19 11 0
19 12 -2147483648
19 13 -2147483648
19 14 -2147483648
19 15 0
19 16 0
19 17 -2147483648
19 18 -2147483648
19 20 3
19 21 0
19 22 0
19 23 -2147483648
19 24 -2147483648
20 0 -2147483648
20 1 -2147483648
20 2 0
20 3 -2147483648
20 4 -2147483648
20 5 -2147483648
20 6 -2147483648
20 7 0
20 8 -2147483648
20 9 -2147483648
20 10 -2147483648
20 11 -2147483648
20 12 -2147483648
20 13 0
20 14 -2147483648
20 15 -2147483648
20 16 -2147483648
20 17 -2147483648
20 18 -2147483648
20 19 3
20 21 0
20 22 0
20 23 -2147483648
20 24 -2147483648
21 0 -2147483648
21 1 0
21 2 -2147483648
21 3 -2147483648
21 4 -2147483648
21 5 0
21 6 0
21 7 -2147483648
21 8 0
21 9 0
21 10 0
21 11 0
21 12 -2147483648
21 13 0
21 14 0
21 15 0
21 16 0
21 17 0
21 18 0
21 19 0
21 20 0
21 22 3
21 23 0
21 24 -2147483648
22 0 -2147483648
22 1 0
22 2 -2147483648
22 3 -2147483648
22 4 -2147483648
22 5 0
22 6 0
22 7 -2147483648
22 8 0
22 9 0
22 10 0
22 11 0
22 12 -2147483648
22 13 0
22 14 0
22 15 0
22 16 0
22 17 0
22 18 0
22 19 0
22 20 0
22 21 3
22 23 0
22 24 -2147483648
23 0 -2147483648
23 1 -2147483648
23 2 0
23 3 0
23 4 0
23 5 4
23 6 -2147483648
23 7 0
23 8 -2147483648
23 9 -2147483648
23 10 -2147483648
23 11 -2147483648
23 12 1
23 13 -2147483648
23 14 -2147483648
23 15 3
23 16 1
23 17 -2147483648
23 18 -2147483648
23 19 -2147483648
23 20 -2147483648
23 21 0
23 22 0
23 24 2
24 0 -2147483648
24 1 -2147483648
24 2 -2147483648
24 3 -2147483648
24 4 -2147483648
24 5 0
24 6 -2147483648
24 7 -2147483648
24 8 -2147483648
24 9 -2147483648
24 10 -2147483648
24 11 -2147483648
24 12 4
24 13 0
24 14 0
24 15 -2147483648
24 16 -2147483648
24 17 -2147483648
24 18 -2147483648
24 19 -2147483648
24 20 -2147483648
24 21 -2147483648
24 22 -2147483648
24 23 2
