0 1 7
0 2 1
0 3 -2147483648
0 4 -2147483648
0 5 0
0 6 -2147483648
0 7 0
0 8 -2147483648
0 9 -2147483648
0 10 -2147483648
0 11 -2147483648
0 12 0
0 13 0
0 14 0
0 15 -2147483648
0 16 -2147483648
0 17 -2147483648
0 18 -2147483648
0 19 1
0 20 -2147483648
0 21 -2147483648
0 22 -2147483648
0 23 0
0 24 0
1 0 7
1 2 0
1 3 -2147483648
1 4 -2147483648
1 5 0
1 6 -2147483648
1 7 0
1 8 -2147483648
1 9 -2147483648
1 10 -2147483648
1 11 -2147483648
1 12 0
1 13 0
1 14 0
1 15 -2147483648
1 16 -2147483648
1 17 -2147483648
1 18 -2147483648
1 19 1
1 20 -2147483648
1 21 -2147483648
1 22 -2147483648
1 23 0
1 24 0
2 0 1
2 1 0
2 3 -2147483648
2 4 -2147483648
2 5 -2147483648
2 6 -2147483648
2 7 -2147483648
2 8 -2147483648
2 9 -2147483648
2 10 -2147483648
2 11 -2147483648
2 12 0
2 13 -2147483648
2 14 -2147483648
2 15 0
2 16 0
2 17 0
2 18 0
2 19 0
2 20 -2147483648
2 21 -2147483648
2 22 -2147483648
2 23 0
2 24 0
3 0 -2147483648
3 1 -2147483648
3 2 -2147483648
3 4 7
3 5 2
3 6 -2147483648
3 7 2
3 8 -2147483648
3 9 -2147483648
3 10 -2147483648
3 11 -2147483648
3 12 -2147483648
3 13 -2147483648
3 14 -2147483648
3 15 2
3 16 2
3 17 0
3 18 -2147483648
3 19 -2147483648
3 20 -2147483648
3 21 -2147483648
3 22 -2147483648
3 23 0
3 24 -2147483648
4 0 -2147483648
4 1 -2147483648
4 2 -2147483648
4 3 7
4 5 2
4 6 -2147483648
4 7 2
4 8 -2147483648
4 9 -2147483648
4 10 -2147483648
4 11 -2147483648
4 12 -2147483648
4 13 -2147483648
4 14 -2147483648
4 15 2
4 16 2
4 17 0
4 18 -2147483648
4 19 -2147483648
4 20 -2147483648
4 21 -2147483648
4 22 -2147483648
4 23 0
4 24 -2147483648
5 0 0
5 1 0
5 2 -2147483648
5 3 2
5 4 2
5 6 4
5 7 4
5 8 5
5 9 2
5 10 0
5 11 -2147483648
5 12 0
5 13 -2147483648
5 14 -2147483648
5 15 0
5 16 0
5 17 0
5 18 1
5 19 0
5 20 3
5 21 2
5 22 0
5 23 0
5 24 -2147483648
6 0 -2147483648
6 1 -2147483648
6 2 -2147483648
6 3 -2147483648
6 4 -2147483648
6 5 4
6 7 5
6 8 -2147483648
6 9 -2147483648
6 10 1
6 11 -2147483648
6 12 0
6 13 -2147483648
6 14 -2147483648
6 15 -2147483648
6 16 -2147483648
6 17 0
6 18 -2147483648
6 19 0
6 20 -2147483648
6 21 -2147483648
6 22 -2147483648
6 23 0
6 24 -2147483648
7 0 0
7 1 0
7 2 -2147483648
7 3 2
7 4 2
7 5 4
7 6 5
7 8 4
7 9 2
7 10 0
7 11 -2147483648
7 12 0
7 13 -2147483648
7 14 -2147483648
7 15 0
7 16 0
7 17 0
7 18 1
7 19 0
7 20 3
7 21 2
7 22 0
7 23 0
7 24 -2147483648
8 0 -2147483648
8 1 -2147483648
8 2 -2147483648
8 3 -2147483648
8 4 -2147483648
8 5 5
8 6 -2147483648
8 7 4
8 9 5
8 10 -2147483648
8 11 -2147483648
8 12 0
8 13 -2147483648
8 14 -2147483648
8 15 -2147483648
8 16 -2147483648
8 17 0
8 18 -2147483648
8 19 0
8 20 -2147483648
8 21 -2147483648
8 22 -2147483648
8 23 0
8 24 -2147483648
9 0 -2147483648
9 1 -2147483648
9 2 -2147483648
9 3 -2147483648
9 4 -2147483648
9 5 2
9 6 -2147483648
9 7 2
9 8 5
9 10 -2147483648
9 11 -2147483648
9 12 -2147483648
9 13 -2147483648
9 14 -2147483648
9 15 -2147483648
9 16 -2147483648
9 17 0
9 18 -2147483648
9 19 0
9 20 -2147483648
9 21 -2147483648
9 22 -2147483648
9 23 0
9 24 -2147483648
10 0 -2147483648
10 1 -2147483648
10 2 -2147483648
10 3 -2147483648
10 4 -2147483648
10 5 0
10 6 1
10 7 0
10 8 -2147483648
10 9 -2147483648
10 11 5
10 12 3
10 13 -2147483648
10 14 -2147483648
10 15 -2147483648
10 16 -2147483648
10 17 0
10 18 -2147483648
10 19 0
10 20 0
10 21 -2147483648
10 22 -2147483648
10 23 0
10 24 -2147483648
11 0 -2147483648
11 1 -2147483648
11 2 -2147483648
11 3 -2147483648
11 4 -2147483648
11 5 -2147483648
11 6 -2147483648
11 7 -2147483648
11 8 -2147483648
11 9 -2147483648
11 10 5
11 12 3
11 13 -2147483648
11 14 -2147483648
11 15 -2147483648
11 16 -2147483648
11 17 0
11 18 -2147483648
11 19 0
11 20 -2147483648
11 21 -2147483648
11 22 -2147483648
11 23 0
11 24 -2147483648
12 0 0
12 1 0
12 2 0
12 3 -2147483648
12 4 -2147483648
12 5 0
12 6 0
12 7 0
12 8 0
12 9 -2147483648
12 10 3
12 11 3
12 13 -2147483648
12 14 -2147483648
12 15 0
12 16 0
12 17 0
12 18 -2147483648
12 19 -2147483648
12 20 0
12 21 0
12 22 0
12 23 0
12 24 -2147483648
13 0 0
13 1 0
13 2 -2147483648
13 3 -2147483648
13 4 -2147483648
13 5 -2147483648
13 6 -2147483648
13 7 -2147483648
13 8 -2147483648
13 9 -2147483648
13 10 -2147483648
13 11 -2147483648
13 12 -2147483648
13 14 5
13 15 0
13 16 0
13 17 0
13 18 1
13 19 0
13 20 0
13 21 -2147483648
13 22 0
13 23 0
13 24 3
14 0 0
14 1 0
14 2 -2147483648
14 3 -2147483648
14 4 -2147483648
14 5 -2147483648
14 6 -2147483648
14 7 -2147483648
14 8 -2147483648
14 9 -2147483648
14 10 -2147483648
14 11 -2147483648
14 12 -2147483648
14 13 5
14 15 0
14 16 0
14 17 0
14 18 1
14 19 0
14 20 -2147483648
14 21 -2147483648
14 22 0
14 23 0
14 24 3
15 0 -2147483648
15 1 -2147483648
15 2 0
15 3 2
15 4 2
15 5 0
15 6 -2147483648
15 7 0
15 8 -2147483648
15 9 -2147483648
15 10 -2147483648
15 11 -2147483648
15 12 0
15 13 0
15 14 0
15 16 4
15 17 0
15 18 -2147483648
15 19 0
15 20 -2147483648
15 21 -2147483648
15 22 -2147483648
15 23 -2147483648
15 24 0
16 0 -2147483648
16 1 -2147483648
16 2 0
16 3 2
16 4 2
16 5 0
16 6 -2147483648
16 7 0
16 8 -2147483648
16 9 -2147483648
16 10 -2147483648
16 11 -2147483648
16 12 0
16 13 0
16 14 0
16 15 4
16 17 1
16 18 -2147483648
16 19 0
16 20 -2147483648
16 21 -2147483648
16 22 -2147483648
16 23 -2147483648
16 24 0
17 0 -2147483648
17 1 -2147483648
17 2 0
17 3 0
17 4 0
17 5 0
17 6 0
17 7 0
17 8 0
17 9 0
17 10 0
17 11 0
17 12 0
17 13 0
17 14 0
17 15 0
17 16 1
17 18 -2147483648
17 19 -2147483648
17 20 0
17 21 0
17 22 -2147483648
17 23 0
17 24 0
18 0 -2147483648
18 1 -2147483648
18 2 0
18 3 -2147483648
18 4 -2147483648
18 5 1
18 6 -2147483648
18 7 1
18 8 -2147483648
18 9 -2147483648
18 10 -2147483648
18 11 -2147483648
18 12 -2147483648
18 13 1
18 14 1
18 15 -2147483648
18 16 -2147483648
18 17 -2147483648
18 19 4
18 20 -2147483648
18 21 -2147483648
18 22 1
18 23 0
18 24 -2147483648
19 0 1
19 1 1
19 2 0
19 3 -2147483648
19 4 -2147483648
19 5 0
19 6 0
19 7 0
19 8 0
19 9 0
19 10 0
19 11 0
19 12 -2147483648
19 13 0
19 14 0
19 15 0
19 16 0
19 17 -2147483648
19 18 4
19 20 0
19 21 0
19 22 0
19 23 0
19 24 -2147483648
20 0 -2147483648
20 1 -2147483648
20 2 -2147483648
20 3 -2147483648
20 4 -2147483648
20 5 3
20 6 -2147483648
20 7 3
20 8 -2147483648
20 9 -2147483648
20 10 0
20 11 -2147483648
20 12 0
20 13 0
20 14 -2147483648
20 15 -2147483648
20 16 -2147483648
20 17 0
20 18 -2147483648
20 19 0
20 21 3
20 22 -2147483648
20 23 0
20 24 -2147483648
21 0 -2147483648
21 1 -2147483648
21 2 -2147483648
21 3 -2147483648
21 4 -2147483648
21 5 2
21 6 -2147483648
21 7 2
21 8 -2147483648
21 9 -2147483648
21 10 -2147483648
21 11 -2147483648
21 12 0
21 13 -2147483648
21 14 -2147483648
21 15 -2147483648
21 16 -2147483648
21 17 0
21 18 -2147483648
21 19 0
21 20 3
21 22 -2147483648
21 23 0
21 24 -2147483648
22 0 -2147483648
22 1 -2147483648
22 2 -2147483648
22 3 -2147483648
22 4 -2147483648
22 5 0
22 6 -2147483648
22 7 0
22 8 -2147483648
22 9 -2147483648
22 10 -2147483648
22 11 -2147483648
22 12 0
22 13 0
22 14 0
22 15 -2147483648
22 16 -2147483648
22 17 -2147483648
22 18 1
22 19 0
22 20 -2147483648
22 21 -2147483648
22 23 1
22 24 0
23 0 0
23 1 0
23 2 0
23 3 0
23 4 0
23 5 0
23 6 0
23 7 0
23 8 0
23 9 0
23 10 0
23 11 0
23 12 0
23 13 0
23 14 0
23 15 -2147483648
23 16 -2147483648
23 17 0
23 18 0
23 19 0
23 20 0
23 21 0
23 22 1
23 24 0
24 0 0
24 1 0
24 2 0
24 3 -2147483648
24 4 -2147483648
24 5 -2147483648
24 6 -2147483648
24 7 -2147483648
24 8 -2147483648
24 9 -2147483648
24 10 -2147483648
24 11 -2147483648
24 12 -2147483648
24 13 3
24 14 3
24 15 0
24 16 0
24 17 0
24 18 -2147483648
24 19 -2147483648
24 20 -2147483648
24 21 -2147483648
24 22 0
24 23 0
