10 9 8 13 34 35 36 43 
10 11 12 13 14 15 16 31 38 43 
10 11 8 7 6 15 16 31 38 43 
10 11 12 13 14 33 32 37 38 43 
10 11 12 13 14 33 32 31 38 43 
10 11 12 13 14 33 34 42 44 43 
24 26 27 40 39 
24 21 19 27 28 29 39 
24 21 19 18 30 29 39 
24 25 41 40 27 28 29 39 
24 21 19 27 28 29 38 39 
24 21 19 18 30 29 38 39 
13 14 15 17 20 19 27 28 
13 34 33 32 31 30 29 28 
13 34 33 32 31 38 29 28 
13 34 33 32 37 38 29 28 
13 34 35 36 37 38 29 28 
13 34 35 36 43 38 29 28 
24 26 27 28 29 
24 21 19 18 30 29 
24 25 41 40 39 29 
24 21 19 27 40 39 29 
24 21 20 17 18 30 29 
24 25 41 40 39 38 29 
23 24 26 27 40 39 38 
23 22 21 19 18 16 31 38 
23 22 21 19 18 30 29 38 
23 22 21 19 27 28 29 38 
23 22 21 19 18 30 31 38 
23 22 21 20 17 15 16 31 38 
13 34 35 36 
13 14 33 32 37 36 
13 14 33 34 42 36 
13 14 33 32 37 38 43 36 
13 14 33 32 31 38 43 36 
13 14 15 16 31 38 43 36 
24 26 27 40 39 38 37 36 
24 21 19 18 16 31 38 43 36 
24 21 19 18 30 29 38 43 36 
24 21 19 27 28 29 38 43 36 
24 21 19 18 30 31 38 43 36 
24 25 41 40 27 28 29 38 43 36 
18 19 27 40 41 
18 17 20 21 24 25 41 
18 17 20 21 26 25 41 
18 30 29 28 27 26 25 41 
18 17 20 21 24 26 25 41 
18 17 20 19 21 24 25 41 
13 14 15 16 
13 34 33 32 31 16 
13 8 7 6 15 17 18 16 
13 8 7 14 33 32 31 16 
13 34 33 32 31 30 18 16 
13 34 33 32 37 38 31 16 
37 38 43 
37 36 43 
37 36 42 44 43 
37 36 42 44 45 43 
37 36 35 34 42 44 43 
37 32 33 34 35 36 43 
3 20 19 27 40 
3 2 22 21 26 25 41 40 
3 2 22 23 24 25 41 40 
3 2 1 23 24 25 41 40 
3 4 17 18 30 29 39 40 
3 2 22 21 24 25 41 40 
4 3 20 21 24 
4 17 20 19 21 26 24 
4 17 20 19 27 26 24 
4 17 18 19 21 26 24 
4 17 18 19 27 26 24 
4 17 20 3 2 1 23 24 
9 8 7 6 15 16 31 
9 10 11 12 13 14 33 32 31 
9 10 11 12 13 34 33 32 31 
9 10 11 8 13 14 33 32 31 
9 10 11 8 13 34 33 32 31 
9 10 11 12 13 14 33 32 37 38 31 
13 34 
13 14 33 34 
13 8 7 14 33 34 
13 14 33 32 37 36 35 34 
13 14 15 16 31 32 33 34 
13 8 7 6 15 14 33 34 
16 18 30 
16 31 30 
16 31 38 29 30 
16 31 38 39 29 30 
16 31 32 37 38 29 30 
16 15 14 33 32 31 30 
