0 1 -2147483648
0 2 -2147483648
0 3 -2147483648
0 4 -2147483648
0 5 -2147483648
0 6 0
0 7 0
0 8 0
0 9 0
0 10 0
0 11 0
0 12 -2147483648
0 13 -2147483648
0 14 -2147483648
0 15 -2147483648
0 16 -2147483648
0 17 4
0 18 0
0 19 0
0 20 0
0 21 0
0 22 0
0 23 0
0 24 0
0 25 0
0 26 0
0 27 0
0 28 0
0 29 0
0 30 3
0 31 -2147483648
0 32 -2147483648
0 33 -2147483648
0 34 -2147483648
0 35 -2147483648
0 36 0
0 37 0
0 38 0
0 39 0
0 40 0
0 41 0
0 42 0
0 43 0
0 44 0
0 45 0
0 46 0
0 47 0
0 48 -2147483648
0 49 -2147483648
0 50 -2147483648
0 51 -2147483648
0 52 -2147483648
0 53 -2147483648
0 54 0
0 55 1
0 56 -2147483648
0 57 -2147483648
0 58 -2147483648
0 59 3
0 60 0
0 61 0
0 62 0
0 63 0
0 64 0
0 65 0
0 66 0
0 67 0
0 68 0
0 69 0
0 70 0
0 71 0
0 72 -2147483648
0 73 -2147483648
0 74 -2147483648
0 75 -2147483648
0 76 -2147483648
0 77 -2147483648
0 78 1
0 79 -2147483648
0 80 -2147483648
0 81 -2147483648
0 82 -2147483648
0 83 -2147483648
0 84 0
0 85 0
0 86 0
0 87 0
0 88 0
0 89 0
1 0 -2147483648
1 2 -2147483648
1 3 -2147483648
1 4 -2147483648
1 5 -2147483648
1 6 0
1 7 0
1 8 0
1 9 0
1 10 -2147483648
1 11 -2147483648
1 12 -2147483648
1 13 -2147483648
1 14 -2147483648
1 15 -2147483648
1 16 -2147483648
1 17 -2147483648
1 18 0
1 19 0
1 20 0
1 21 0
1 22 0
1 23 -2147483648
1 24 0
1 25 2
1 26 0
1 27 0
1 28 1
1 29 3
1 30 -2147483648
1 31 -2147483648
1 32 -2147483648
1 33 -2147483648
1 34 -2147483648
1 35 6
1 36 -2147483648
1 37 3
1 38 1
1 39 1
1 40 2
1 41 1
1 42 0
1 43 0
1 44 0
1 45 0
1 46 0
1 47 0
1 48 3
1 49 -2147483648
1 50 -2147483648
1 51 -2147483648
1 52 -2147483648
1 53 -2147483648
1 54 1
1 55 0
1 56 0
1 57 0
1 58 0
1 59 0
1 60 0
1 61 0
1 62 0
1 63 0
1 64 0
1 65 0
1 66 0
1 67 0
1 68 0
1 69 0
1 70 0
1 71 0
1 72 2
1 73 -2147483648
1 74 -2147483648
1 75 -2147483648
1 76 -2147483648
1 77 -2147483648
1 78 -2147483648
1 79 -2147483648
1 80 -2147483648
1 81 -2147483648
1 82 -2147483648
1 83 -2147483648
1 84 -2147483648
1 85 -2147483648
1 86 -2147483648
1 87 -2147483648
1 88 -2147483648
1 89 -2147483648
2 0 -2147483648
2 1 -2147483648
2 3 -2147483648
2 4 -2147483648
2 5 -2147483648
2 6 0
2 7 0
2 8 0
2 9 0
2 10 -2147483648
2 11 -2147483648
2 12 -2147483648
2 13 -2147483648
2 14 -2147483648
2 15 -2147483648
2 16 -2147483648
2 17 -2147483648
2 18 0
2 19 0
2 20 0
2 21 0
2 22 0
2 23 -2147483648
2 24 0
2 25 2
2 26 0
2 27 0
2 28 1
2 29 3
2 30 0
2 31 0
2 32 0
2 33 1
2 34 2
2 35 4
2 36 -2147483648
2 37 3
2 38 1
2 39 1
2 40 2
2 41 1
2 42 0
2 43 0
2 44 0
2 45 0
2 46 0
2 47 0
2 48 1
2 49 -2147483648
2 50 -2147483648
2 51 -2147483648
2 52 -2147483648
2 53 -2147483648
2 54 1
2 55 0
2 56 0
2 57 0
2 58 0
2 59 0
2 60 0
2 61 0
2 62 0
2 63 0
2 64 0
2 65 0
2 66 0
2 67 0
2 68 0
2 69 0
2 70 0
2 71 0
2 72 5
2 73 -2147483648
2 74 -2147483648
2 75 -2147483648
2 76 -2147483648
2 77 -2147483648
2 78 0
2 79 0
2 80 -2147483648
2 81 0
2 82 -2147483648
2 83 -2147483648
2 84 -2147483648
2 85 -2147483648
2 86 -2147483648
2 87 -2147483648
2 88 -2147483648
2 89 -2147483648
3 0 -2147483648
3 1 -2147483648
3 2 -2147483648
3 4 -2147483648
3 5 -2147483648
3 6 0
3 7 0
3 8 0
3 9 0
3 10 -2147483648
3 11 -2147483648
3 12 -2147483648
3 13 -2147483648
3 14 -2147483648
3 15 -2147483648
3 16 -2147483648
3 17 -2147483648
3 18 0
3 19 0
3 20 0
3 21 0
3 22 0
3 23 -2147483648
3 24 0
3 25 0
3 26 0
3 27 0
3 28 0
3 29 0
3 30 -2147483648
3 31 -2147483648
3 32 -2147483648
3 33 6
3 34 -2147483648
3 35 -2147483648
3 36 -2147483648
3 37 1
3 38 1
3 39 1
3 40 1
3 41 1
3 42 0
3 43 0
3 44 0
3 45 0
3 46 0
3 47 0
3 48 -2147483648
3 49 -2147483648
3 50 -2147483648
3 51 -2147483648
3 52 -2147483648
3 53 -2147483648
3 54 2
3 55 -2147483648
3 56 -2147483648
3 57 -2147483648
3 58 -2147483648
3 59 -2147483648
3 60 0
3 61 0
3 62 0
3 63 0
3 64 0
3 65 0
3 66 0
3 67 0
3 68 0
3 69 0
3 70 0
3 71 0
3 72 0
3 73 -2147483648
3 74 -2147483648
3 75 -2147483648
3 76 -2147483648
3 77 -2147483648
3 78 -2147483648
3 79 -2147483648
3 80 -2147483648
3 81 -2147483648
3 82 -2147483648
3 83 -2147483648
3 84 0
3 85 0
3 86 -2147483648
3 87 -2147483648
3 88 -2147483648
3 89 -2147483648
4 0 -2147483648
4 1 -2147483648
4 2 -2147483648
4 3 -2147483648
4 5 -2147483648
4 6 0
4 7 0
4 8 0
4 9 0
4 10 -2147483648
4 11 -2147483648
4 12 -2147483648
4 13 -2147483648
4 14 -2147483648
4 15 -2147483648
4 16 -2147483648
4 17 -2147483648
4 18 0
4 19 0
4 20 0
4 21 0
4 22 0
4 23 -2147483648
4 24 0
4 25 1
4 26 0
4 27 0
4 28 1
4 29 1
4 30 -2147483648
4 31 -2147483648
4 32 -2147483648
4 33 -2147483648
4 34 6
4 35 -2147483648
4 36 -2147483648
4 37 2
4 38 1
4 39 1
4 40 2
4 41 1
4 42 0
4 43 0
4 44 0
4 45 0
4 46 0
4 47 0
4 48 -2147483648
4 49 -2147483648
4 50 -2147483648
4 51 -2147483648
4 52 -2147483648
4 53 -2147483648
4 54 1
4 55 0
4 56 0
4 57 0
4 58 0
4 59 -2147483648
4 60 0
4 61 0
4 62 0
4 63 0
4 64 0
4 65 0
4 66 0
4 67 0
4 68 0
4 69 0
4 70 0
4 71 0
4 72 0
4 73 7
4 74 -2147483648
4 75 -2147483648
4 76 -2147483648
4 77 -2147483648
4 78 -2147483648
4 79 -2147483648
4 80 -2147483648
4 81 -2147483648
4 82 -2147483648
4 83 -2147483648
4 84 0
4 85 -2147483648
4 86 -2147483648
4 87 -2147483648
4 88 -2147483648
4 89 -2147483648
5 0 -2147483648
5 1 -2147483648
5 2 -2147483648
5 3 -2147483648
5 4 -2147483648
5 6 0
5 7 0
5 8 0
5 9 0
5 10 0
5 11 0
5 12 -2147483648
5 13 -2147483648
5 14 -2147483648
5 15 -2147483648
5 16 -2147483648
5 17 -2147483648
5 18 0
5 19 0
5 20 0
5 21 0
5 22 0
5 23 0
5 24 0
5 25 0
5 26 0
5 27 0
5 28 0
5 29 0
5 30 -2147483648
5 31 -2147483648
5 32 -2147483648
5 33 -2147483648
5 34 -2147483648
5 35 -2147483648
5 36 0
5 37 0
5 38 0
5 39 0
5 40 0
5 41 0
5 42 0
5 43 0
5 44 0
5 45 0
5 46 0
5 47 0
5 48 -2147483648
5 49 -2147483648
5 50 -2147483648
5 51 -2147483648
5 52 -2147483648
5 53 -2147483648
5 54 0
5 55 0
5 56 2
5 57 -2147483648
5 58 3
5 59 -2147483648
5 60 0
5 61 0
5 62 0
5 63 0
5 64 0
5 65 0
5 66 0
5 67 0
5 68 0
5 69 0
5 70 0
5 71 0
5 72 0
5 73 -2147483648
5 74 -2147483648
5 75 -2147483648
5 76 -2147483648
5 77 -2147483648
5 78 -2147483648
5 79 3
5 80 -2147483648
5 81 -2147483648
5 82 -2147483648
5 83 -2147483648
5 84 0
5 85 0
5 86 0
5 87 0
5 88 0
5 89 -2147483648
6 0 0
6 1 0
6 2 0
6 3 0
6 4 0
6 5 0
6 7 -2147483648
6 8 -2147483648
6 9 -2147483648
6 10 -2147483648
6 11 -2147483648
6 12 -2147483648
6 13 0
6 14 0
6 15 0
6 16 0
6 17 0
6 18 -2147483648
6 19 -2147483648
6 20 -2147483648
6 21 -2147483648
6 22 -2147483648
6 23 -2147483648
6 24 4
6 25 0
6 26 0
6 27 -2147483648
6 28 0
6 29 0
6 30 0
6 31 0
6 32 0
6 33 0
6 34 0
6 35 0
6 36 4
6 37 -2147483648
6 38 -2147483648
6 39 -2147483648
6 40 -2147483648
6 41 -2147483648
6 42 -2147483648
6 43 -2147483648
6 44 -2147483648
6 45 -2147483648
6 46 -2147483648
6 47 -2147483648
6 48 0
6 49 0
6 50 0
6 51 0
6 52 0
6 53 0
6 54 0
6 55 0
6 56 0
6 57 0
6 58 0
6 59 0
6 60 1
6 61 -2147483648
6 62 -2147483648
6 63 -2147483648
6 64 0
6 65 -2147483648
6 66 0
6 67 -2147483648
6 68 -2147483648
6 69 -2147483648
6 70 -2147483648
6 71 0
6 72 0
6 73 0
6 74 0
6 75 0
6 76 0
6 77 0
6 78 0
6 79 0
6 80 0
6 81 0
6 82 0
6 83 0
6 84 0
6 85 0
6 86 0
6 87 0
6 88 0
6 89 0
7 0 0
7 1 0
7 2 0
7 3 0
7 4 0
7 5 0
7 6 -2147483648
7 8 -2147483648
7 9 -2147483648
7 10 -2147483648
7 11 -2147483648
7 12 2
7 13 -2147483648
7 14 -2147483648
7 15 -2147483648
7 16 -2147483648
7 17 -2147483648
7 18 -2147483648
7 19 -2147483648
7 20 -2147483648
7 21 -2147483648
7 22 -2147483648
7 23 -2147483648
7 24 -2147483648
7 25 -2147483648
7 26 -2147483648
7 27 -2147483648
7 28 -2147483648
7 29 -2147483648
7 30 0
7 31 0
7 32 0
7 33 0
7 34 0
7 35 0
7 36 -2147483648
7 37 -2147483648
7 38 -2147483648
7 39 -2147483648
7 40 -2147483648
7 41 -2147483648
7 42 -2147483648
7 43 -2147483648
7 44 -2147483648
7 45 -2147483648
7 46 -2147483648
7 47 -2147483648
7 48 0
7 49 0
7 50 0
7 51 0
7 52 0
7 53 0
7 54 0
7 55 0
7 56 0
7 57 0
7 58 0
7 59 0
7 60 -2147483648
7 61 -2147483648
7 62 -2147483648
7 63 -2147483648
7 64 1
7 65 -2147483648
7 66 -2147483648
7 67 -2147483648
7 68 -2147483648
7 69 -2147483648
7 70 -2147483648
7 71 0
7 72 0
7 73 0
7 74 0
7 75 0
7 76 0
7 77 0
7 78 0
7 79 0
7 80 0
7 81 0
7 82 0
7 83 0
7 84 0
7 85 0
7 86 -2147483648
7 87 -2147483648
7 88 -2147483648
7 89 0
8 0 0
8 1 0
8 2 0
8 3 0
8 4 0
8 5 0
8 6 -2147483648
8 7 -2147483648
8 9 -2147483648
8 10 -2147483648
8 11 -2147483648
8 12 -2147483648
8 13 -2147483648
8 14 -2147483648
8 15 -2147483648
8 16 -2147483648
8 17 -2147483648
8 18 -2147483648
8 19 5
8 20 -2147483648
8 21 -2147483648
8 22 -2147483648
8 23 -2147483648
8 24 -2147483648
8 25 -2147483648
8 26 -2147483648
8 27 -2147483648
8 28 -2147483648
8 29 -2147483648
8 30 0
8 31 0
8 32 0
8 33 0
8 34 0
8 35 0
8 36 -2147483648
8 37 -2147483648
8 38 -2147483648
8 39 -2147483648
8 40 -2147483648
8 41 -2147483648
8 42 -2147483648
8 43 -2147483648
8 44 -2147483648
8 45 -2147483648
8 46 -2147483648
8 47 -2147483648
8 48 0
8 49 0
8 50 -2147483648
8 51 0
8 52 -2147483648
8 53 0
8 54 0
8 55 0
8 56 0
8 57 0
8 58 0
8 59 0
8 60 -2147483648
8 61 -2147483648
8 62 -2147483648
8 63 -2147483648
8 64 3
8 65 -2147483648
8 66 -2147483648
8 67 -2147483648
8 68 -2147483648
8 69 -2147483648
8 70 -2147483648
8 71 0
8 72 0
8 73 0
8 74 0
8 75 0
8 76 0
8 77 0
8 78 0
8 79 0
8 80 0
8 81 0
8 82 0
8 83 0
8 84 1
8 85 0
8 86 -2147483648
8 87 -2147483648
8 88 -2147483648
8 89 0
9 0 0
9 1 0
9 2 0
9 3 0
9 4 0
9 5 0
9 6 -2147483648
9 7 -2147483648
9 8 -2147483648
9 10 -2147483648
9 11 -2147483648
9 12 1
9 13 -2147483648
9 14 -2147483648
9 15 -2147483648
9 16 -2147483648
9 17 -2147483648
9 18 -2147483648
9 19 -2147483648
9 20 -2147483648
9 21 -2147483648
9 22 -2147483648
9 23 -2147483648
9 24 -2147483648
9 25 0
9 26 -2147483648
9 27 -2147483648
9 28 0
9 29 0
9 30 0
9 31 0
9 32 0
9 33 0
9 34 0
9 35 0
9 36 -2147483648
9 37 -2147483648
9 38 -2147483648
9 39 -2147483648
9 40 -2147483648
9 41 -2147483648
9 42 -2147483648
9 43 2
9 44 1
9 45 -2147483648
9 46 -2147483648
9 47 2
9 48 0
9 49 0
9 50 0
9 51 0
9 52 0
9 53 0
9 54 0
9 55 0
9 56 0
9 57 0
9 58 0
9 59 0
9 60 -2147483648
9 61 2
9 62 3
9 63 3
9 64 1
9 65 3
9 66 0
9 67 0
9 68 -2147483648
9 69 0
9 70 -2147483648
9 71 0
9 72 0
9 73 0
9 74 0
9 75 0
9 76 0
9 77 0
9 78 0
9 79 0
9 80 0
9 81 0
9 82 0
9 83 0
9 84 0
9 85 0
9 86 -2147483648
9 87 -2147483648
9 88 -2147483648
9 89 0
10 0 0
10 1 -2147483648
10 2 -2147483648
10 3 -2147483648
10 4 -2147483648
10 5 0
10 6 -2147483648
10 7 -2147483648
10 8 -2147483648
10 9 -2147483648
10 11 -2147483648
10 12 2
10 13 -2147483648
10 14 -2147483648
10 15 -2147483648
10 16 -2147483648
10 17 -2147483648
10 18 -2147483648
10 19 -2147483648
10 20 -2147483648
10 21 -2147483648
10 22 -2147483648
10 23 -2147483648
10 24 -2147483648
10 25 -2147483648
10 26 -2147483648
10 27 5
10 28 -2147483648
10 29 -2147483648
10 30 0
10 31 0
10 32 0
10 33 -2147483648
10 34 -2147483648
10 35 -2147483648
10 36 -2147483648
10 37 -2147483648
10 38 -2147483648
10 39 -2147483648
10 40 -2147483648
10 41 -2147483648
10 42 -2147483648
10 43 -2147483648
10 44 -2147483648
10 45 -2147483648
10 46 -2147483648
10 47 -2147483648
10 48 0
10 49 0
10 50 0
10 51 0
10 52 0
10 53 -2147483648
10 54 -2147483648
10 55 0
10 56 0
10 57 0
10 58 0
10 59 0
10 60 -2147483648
10 61 -2147483648
10 62 -2147483648
10 63 -2147483648
10 64 -2147483648
10 65 -2147483648
10 66 -2147483648
10 67 -2147483648
10 68 -2147483648
10 69 -2147483648
10 70 -2147483648
10 71 0
10 72 0
10 73 0
10 74 0
10 75 0
10 76 0
10 77 -2147483648
10 78 0
10 79 0
10 80 0
10 81 0
10 82 0
10 83 0
10 84 0
10 85 0
10 86 -2147483648
10 87 -2147483648
10 88 -2147483648
10 89 0
11 0 0
11 1 -2147483648
11 2 -2147483648
11 3 -2147483648
11 4 -2147483648
11 5 0
11 6 -2147483648
11 7 -2147483648
11 8 -2147483648
11 9 -2147483648
11 10 -2147483648
11 12 -2147483648
11 13 -2147483648
11 14 -2147483648
11 15 -2147483648
11 16 -2147483648
11 17 -2147483648
11 18 -2147483648
11 19 5
11 20 -2147483648
11 21 -2147483648
11 22 -2147483648
11 23 -2147483648
11 24 -2147483648
11 25 -2147483648
11 26 5
11 27 -2147483648
11 28 -2147483648
11 29 -2147483648
11 30 0
11 31 0
11 32 0
11 33 -2147483648
11 34 -2147483648
11 35 -2147483648
11 36 -2147483648
11 37 -2147483648
11 38 -2147483648
11 39 -2147483648
11 40 -2147483648
11 41 -2147483648
11 42 -2147483648
11 43 -2147483648
11 44 -2147483648
11 45 -2147483648
11 46 -2147483648
11 47 -2147483648
11 48 0
11 49 0
11 50 -2147483648
11 51 0
11 52 -2147483648
11 53 -2147483648
11 54 -2147483648
11 55 0
11 56 0
11 57 0
11 58 0
11 59 0
11 60 -2147483648
11 61 -2147483648
11 62 -2147483648
11 63 -2147483648
11 64 -2147483648
11 65 -2147483648
11 66 -2147483648
11 67 -2147483648
11 68 -2147483648
11 69 -2147483648
11 70 -2147483648
11 71 0
11 72 0
11 73 0
11 74 0
11 75 0
11 76 0
11 77 -2147483648
11 78 0
11 79 0
11 80 0
11 81 0
11 82 0
11 83 0
11 84 1
11 85 0
11 86 -2147483648
11 87 -2147483648
11 88 -2147483648
11 89 0
12 0 -2147483648
12 1 -2147483648
12 2 -2147483648
12 3 -2147483648
12 4 -2147483648
12 5 -2147483648
12 6 -2147483648
12 7 2
12 8 -2147483648
12 9 1
12 10 2
12 11 -2147483648
12 13 -2147483648
12 14 -2147483648
12 15 -2147483648
12 16 -2147483648
12 17 -2147483648
12 18 1
12 19 -2147483648
12 20 0
12 21 -2147483648
12 22 -2147483648
12 23 0
12 24 -2147483648
12 25 -2147483648
12 26 -2147483648
12 27 2
12 28 -2147483648
12 29 -2147483648
12 30 -2147483648
12 31 -2147483648
12 32 -2147483648
12 33 -2147483648
12 34 -2147483648
12 35 -2147483648
12 36 -2147483648
12 37 -2147483648
12 38 -2147483648
12 39 2
12 40 -2147483648
12 41 1
12 42 -2147483648
12 43 -2147483648
12 44 -2147483648
12 45 -2147483648
12 46 -2147483648
12 47 -2147483648
12 48 -2147483648
12 49 -2147483648
12 50 -2147483648
12 51 -2147483648
12 52 -2147483648
12 53 -2147483648
12 54 0
12 55 0
12 56 0
12 57 0
12 58 0
12 59 0
12 60 -2147483648
12 61 0
12 62 0
12 63 0
12 64 -2147483648
12 65 0
12 66 -2147483648
12 67 -2147483648
12 68 -2147483648
12 69 -2147483648
12 70 -2147483648
12 71 -2147483648
12 72 -2147483648
12 73 -2147483648
12 74 -2147483648
12 75 -2147483648
12 76 -2147483648
12 77 -2147483648
12 78 -2147483648
12 79 -2147483648
12 80 -2147483648
12 81 -2147483648
12 82 -2147483648
12 83 -2147483648
12 84 0
12 85 0
12 86 0
12 87 0
12 88 0
12 89 -2147483648
13 0 -2147483648
13 1 -2147483648
13 2 -2147483648
13 3 -2147483648
13 4 -2147483648
13 5 -2147483648
13 6 0
13 7 -2147483648
13 8 -2147483648
13 9 -2147483648
13 10 -2147483648
13 11 -2147483648
13 12 -2147483648
13 14 -2147483648
13 15 -2147483648
13 16 -2147483648
13 17 -2147483648
13 18 0
13 19 1
13 20 0
13 21 0
13 22 1
13 23 0
13 24 0
13 25 -2147483648
13 26 -2147483648
13 27 -2147483648
13 28 -2147483648
13 29 -2147483648
13 30 -2147483648
13 31 -2147483648
13 32 -2147483648
13 33 -2147483648
13 34 -2147483648
13 35 -2147483648
13 36 0
13 37 -2147483648
13 38 -2147483648
13 39 -2147483648
13 40 -2147483648
13 41 -2147483648
13 42 0
13 43 0
13 44 0
13 45 2
13 46 0
13 47 0
13 48 -2147483648
13 49 -2147483648
13 50 -2147483648
13 51 -2147483648
13 52 -2147483648
13 53 -2147483648
13 54 0
13 55 0
13 56 0
13 57 0
13 58 -2147483648
13 59 -2147483648
13 60 0
13 61 0
13 62 0
13 63 0
13 64 -2147483648
13 65 0
13 66 0
13 67 0
13 68 0
13 69 0
13 70 0
13 71 0
13 72 0
13 73 -2147483648
13 74 4
13 75 -2147483648
13 76 4
13 77 -2147483648
13 78 1
13 79 -2147483648
13 80 -2147483648
13 81 -2147483648
13 82 -2147483648
13 83 -2147483648
13 84 0
13 85 1
13 86 -2147483648
13 87 -2147483648
13 88 -2147483648
13 89 3
14 0 -2147483648
14 1 -2147483648
14 2 -2147483648
14 3 -2147483648
14 4 -2147483648
14 5 -2147483648
14 6 0
14 7 -2147483648
14 8 -2147483648
14 9 -2147483648
14 10 -2147483648
14 11 -2147483648
14 12 -2147483648
14 13 -2147483648
14 15 -2147483648
14 16 -2147483648
14 17 -2147483648
14 18 0
14 19 0
14 20 0
14 21 0
14 22 0
14 23 1
14 24 0
14 25 1
14 26 -2147483648
14 27 -2147483648
14 28 1
14 29 1
14 30 -2147483648
14 31 -2147483648
14 32 -2147483648
14 33 -2147483648
14 34 -2147483648
14 35 -2147483648
14 36 -2147483648
14 37 -2147483648
14 38 -2147483648
14 39 -2147483648
14 40 -2147483648
14 41 -2147483648
14 42 0
14 43 0
14 44 0
14 45 1
14 46 0
14 47 0
14 48 -2147483648
14 49 -2147483648
14 50 -2147483648
14 51 -2147483648
14 52 -2147483648
14 53 -2147483648
14 54 -2147483648
14 55 0
14 56 0
14 57 0
14 58 -2147483648
14 59 -2147483648
14 60 0
14 61 0
14 62 0
14 63 0
14 64 -2147483648
14 65 0
14 66 0
14 67 0
14 68 0
14 69 0
14 70 0
14 71 0
14 72 0
14 73 -2147483648
14 74 4
14 75 -2147483648
14 76 4
14 77 -2147483648
14 78 1
14 79 -2147483648
14 80 -2147483648
14 81 -2147483648
14 82 -2147483648
14 83 -2147483648
14 84 0
14 85 -2147483648
14 86 -2147483648
14 87 -2147483648
14 88 -2147483648
14 89 -2147483648
15 0 -2147483648
15 1 -2147483648
15 2 -2147483648
15 3 -2147483648
15 4 -2147483648
15 5 -2147483648
15 6 0
15 7 -2147483648
15 8 -2147483648
15 9 -2147483648
15 10 -2147483648
15 11 -2147483648
15 12 -2147483648
15 13 -2147483648
15 14 -2147483648
15 16 -2147483648
15 17 -2147483648
15 18 0
15 19 0
15 20 0
15 21 0
15 22 0
15 23 1
15 24 0
15 25 0
15 26 -2147483648
15 27 -2147483648
15 28 0
15 29 0
15 30 -2147483648
15 31 -2147483648
15 32 -2147483648
15 33 -2147483648
15 34 -2147483648
15 35 -2147483648
15 36 -2147483648
15 37 -2147483648
15 38 -2147483648
15 39 -2147483648
15 40 -2147483648
15 41 -2147483648
15 42 0
15 43 0
15 44 0
15 45 1
15 46 0
15 47 0
15 48 -2147483648
15 49 -2147483648
15 50 -2147483648
15 51 -2147483648
15 52 -2147483648
15 53 -2147483648
15 54 -2147483648
15 55 -2147483648
15 56 -2147483648
15 57 -2147483648
15 58 -2147483648
15 59 -2147483648
15 60 0
15 61 0
15 62 0
15 63 0
15 64 -2147483648
15 65 0
15 66 0
15 67 0
15 68 0
15 69 0
15 70 0
15 71 0
15 72 0
15 73 -2147483648
15 74 -2147483648
15 75 -2147483648
15 76 -2147483648
15 77 -2147483648
15 78 1
15 79 -2147483648
15 80 -2147483648
15 81 -2147483648
15 82 -2147483648
15 83 -2147483648
15 84 0
15 85 0
15 86 -2147483648
15 87 -2147483648
15 88 -2147483648
15 89 -2147483648
16 0 -2147483648
16 1 -2147483648
16 2 -2147483648
16 3 -2147483648
16 4 -2147483648
16 5 -2147483648
16 6 0
16 7 -2147483648
16 8 -2147483648
16 9 -2147483648
16 10 -2147483648
16 11 -2147483648
16 12 -2147483648
16 13 -2147483648
16 14 -2147483648
16 15 -2147483648
16 17 -2147483648
16 18 0
16 19 0
16 20 0
16 21 0
16 22 0
16 23 1
16 24 0
16 25 0
16 26 -2147483648
16 27 -2147483648
16 28 0
16 29 0
16 30 3
16 31 -2147483648
16 32 -2147483648
16 33 -2147483648
16 34 -2147483648
16 35 -2147483648
16 36 -2147483648
16 37 -2147483648
16 38 -2147483648
16 39 -2147483648
16 40 -2147483648
16 41 -2147483648
16 42 0
16 43 0
16 44 0
16 45 1
16 46 0
16 47 0
16 48 -2147483648
16 49 -2147483648
16 50 -2147483648
16 51 -2147483648
16 52 -2147483648
16 53 -2147483648
16 54 -2147483648
16 55 -2147483648
16 56 -2147483648
16 57 -2147483648
16 58 -2147483648
16 59 -2147483648
16 60 0
16 61 0
16 62 0
16 63 0
16 64 -2147483648
16 65 0
16 66 0
16 67 0
16 68 0
16 69 0
16 70 0
16 71 0
16 72 0
16 73 -2147483648
16 74 -2147483648
16 75 -2147483648
16 76 -2147483648
16 77 -2147483648
16 78 1
16 79 -2147483648
16 80 -2147483648
16 81 -2147483648
16 82 -2147483648
16 83 -2147483648
16 84 0
16 85 0
16 86 -2147483648
16 87 -2147483648
16 88 -2147483648
16 89 0
17 0 4
17 1 -2147483648
17 2 -2147483648
17 3 -2147483648
17 4 -2147483648
17 5 -2147483648
17 6 0
17 7 -2147483648
17 8 -2147483648
17 9 -2147483648
17 10 -2147483648
17 11 -2147483648
17 12 -2147483648
17 13 -2147483648
17 14 -2147483648
17 15 -2147483648
17 16 -2147483648
17 18 0
17 19 0
17 20 0
17 21 0
17 22 0
17 23 1
17 24 0
17 25 0
17 26 -2147483648
17 27 -2147483648
17 28 0
17 29 0
17 30 3
17 31 -2147483648
17 32 -2147483648
17 33 -2147483648
17 34 -2147483648
17 35 -2147483648
17 36 -2147483648
17 37 -2147483648
17 38 -2147483648
17 39 -2147483648
17 40 -2147483648
17 41 -2147483648
17 42 0
17 43 0
17 44 0
17 45 1
17 46 0
17 47 0
17 48 -2147483648
17 49 -2147483648
17 50 -2147483648
17 51 -2147483648
17 52 -2147483648
17 53 -2147483648
17 54 -2147483648
17 55 1
17 56 -2147483648
17 57 -2147483648
17 58 -2147483648
17 59 3
17 60 0
17 61 0
17 62 0
17 63 0
17 64 -2147483648
17 65 0
17 66 0
17 67 0
17 68 0
17 69 0
17 70 0
17 71 0
17 72 0
17 73 -2147483648
17 74 -2147483648
17 75 -2147483648
17 76 -2147483648
17 77 -2147483648
17 78 1
17 79 -2147483648
17 80 -2147483648
17 81 -2147483648
17 82 -2147483648
17 83 -2147483648
17 84 0
17 85 0
17 86 -2147483648
17 87 -2147483648
17 88 -2147483648
17 89 0
18 0 0
18 1 0
18 2 0
18 3 0
18 4 0
18 5 0
18 6 -2147483648
18 7 -2147483648
18 8 -2147483648
18 9 -2147483648
18 10 -2147483648
18 11 -2147483648
18 12 1
18 13 0
18 14 0
18 15 0
18 16 0
18 17 0
18 19 -2147483648
18 20 -2147483648
18 21 -2147483648
18 22 -2147483648
18 23 -2147483648
18 24 -2147483648
18 25 0
18 26 0
18 27 2
18 28 0
18 29 0
18 30 0
18 31 0
18 32 0
18 33 0
18 34 0
18 35 0
18 36 -2147483648
18 37 -2147483648
18 38 -2147483648
18 39 -2147483648
18 40 -2147483648
18 41 -2147483648
18 42 -2147483648
18 43 -2147483648
18 44 -2147483648
18 45 -2147483648
18 46 -2147483648
18 47 -2147483648
18 48 0
18 49 0
18 50 0
18 51 0
18 52 0
18 53 0
18 54 0
18 55 0
18 56 0
18 57 0
18 58 0
18 59 0
18 60 -2147483648
18 61 -2147483648
18 62 -2147483648
18 63 -2147483648
18 64 0
18 65 -2147483648
18 66 0
18 67 -2147483648
18 68 -2147483648
18 69 -2147483648
18 70 -2147483648
18 71 0
18 72 0
18 73 0
18 74 0
18 75 0
18 76 0
18 77 0
18 78 0
18 79 0
18 80 0
18 81 0
18 82 0
18 83 0
18 84 0
18 85 0
18 86 0
18 87 0
18 88 0
18 89 0
19 0 0
19 1 0
19 2 0
19 3 0
19 4 0
19 5 0
19 6 -2147483648
19 7 -2147483648
19 8 5
19 9 -2147483648
19 10 -2147483648
19 11 5
19 12 -2147483648
19 13 1
19 14 0
19 15 0
19 16 0
19 17 0
19 18 -2147483648
19 20 -2147483648
19 21 -2147483648
19 22 -2147483648
19 23 -2147483648
19 24 -2147483648
19 25 -2147483648
19 26 4
19 27 -2147483648
19 28 -2147483648
19 29 -2147483648
19 30 0
19 31 0
19 32 0
19 33 0
19 34 0
19 35 0
19 36 -2147483648
19 37 -2147483648
19 38 5
19 39 -2147483648
19 40 -2147483648
19 41 -2147483648
19 42 -2147483648
19 43 -2147483648
19 44 -2147483648
19 45 2
19 46 -2147483648
19 47 -2147483648
19 48 0
19 49 0
19 50 -2147483648
19 51 0
19 52 -2147483648
19 53 0
19 54 0
19 55 0
19 56 0
19 57 0
19 58 0
19 59 0
19 60 -2147483648
19 61 -2147483648
19 62 -2147483648
19 63 -2147483648
19 64 2
19 65 -2147483648
19 66 -2147483648
19 67 -2147483648
19 68 -2147483648
19 69 -2147483648
19 70 -2147483648
19 71 0
19 72 0
19 73 0
19 74 0
19 75 0
19 76 0
19 77 0
19 78 0
19 79 0
19 80 0
19 81 0
19 82 0
19 83 0
19 84 1
19 85 0
19 86 0
19 87 0
19 88 0
19 89 0
20 0 0
20 1 0
20 2 0
20 3 0
20 4 0
20 5 0
20 6 -2147483648
20 7 -2147483648
20 8 -2147483648
20 9 -2147483648
20 10 -2147483648
20 11 -2147483648
20 12 0
20 13 0
20 14 0
20 15 0
20 16 0
20 17 0
20 18 -2147483648
20 19 -2147483648
20 21 -2147483648
20 22 -2147483648
20 23 -2147483648
20 24 -2147483648
20 25 0
20 26 0
20 27 0
20 28 0
20 29 0
20 30 0
20 31 0
20 32 0
20 33 0
20 34 0
20 35 0
20 36 -2147483648
20 37 -2147483648
20 38 -2147483648
20 39 -2147483648
20 40 -2147483648
20 41 -2147483648
20 42 -2147483648
20 43 2
20 44 1
20 45 1
20 46 -2147483648
20 47 2
20 48 0
20 49 0
20 50 0
20 51 0
20 52 0
20 53 0
20 54 0
20 55 0
20 56 0
20 57 0
20 58 0
20 59 0
20 60 0
20 61 2
20 62 3
20 63 3
20 64 -2147483648
20 65 3
20 66 0
20 67 0
20 68 0
20 69 0
20 70 0
20 71 0
20 72 0
20 73 0
20 74 0
20 75 0
20 76 0
20 77 0
20 78 0
20 79 0
20 80 0
20 81 0
20 82 0
20 83 0
20 84 0
20 85 0
20 86 0
20 87 1
20 88 0
20 89 0
21 0 0
21 1 0
21 2 0
21 3 0
21 4 0
21 5 0
21 6 -2147483648
21 7 -2147483648
21 8 -2147483648
21 9 -2147483648
21 10 -2147483648
21 11 -2147483648
21 12 -2147483648
21 13 0
21 14 0
21 15 0
21 16 0
21 17 0
21 18 -2147483648
21 19 -2147483648
21 20 -2147483648
21 22 -2147483648
21 23 -2147483648
21 24 -2147483648
21 25 -2147483648
21 26 -2147483648
21 27 -2147483648
21 28 -2147483648
21 29 -2147483648
21 30 0
21 31 0
21 32 0
21 33 0
21 34 0
21 35 0
21 36 -2147483648
21 37 -2147483648
21 38 -2147483648
21 39 -2147483648
21 40 -2147483648
21 41 -2147483648
21 42 -2147483648
21 43 -2147483648
21 44 -2147483648
21 45 -2147483648
21 46 -2147483648
21 47 -2147483648
21 48 0
21 49 0
21 50 0
21 51 0
21 52 0
21 53 0
21 54 0
21 55 0
21 56 0
21 57 0
21 58 0
21 59 0
21 60 2
21 61 -2147483648
21 62 -2147483648
21 63 -2147483648
21 64 -2147483648
21 65 -2147483648
21 66 -2147483648
21 67 -2147483648
21 68 -2147483648
21 69 -2147483648
21 70 -2147483648
21 71 0
21 72 0
21 73 0
21 74 0
21 75 0
21 76 0
21 77 0
21 78 0
21 79 0
21 80 0
21 81 0
21 82 0
21 83 0
21 84 0
21 85 0
21 86 0
21 87 1
21 88 0
21 89 0
22 0 0
22 1 0
22 2 0
22 3 0
22 4 0
22 5 0
22 6 -2147483648
22 7 -2147483648
22 8 -2147483648
22 9 -2147483648
22 10 -2147483648
22 11 -2147483648
22 12 -2147483648
22 13 1
22 14 0
22 15 0
22 16 0
22 17 0
22 18 -2147483648
22 19 -2147483648
22 20 -2147483648
22 21 -2147483648
22 23 -2147483648
22 24 -2147483648
22 25 -2147483648
22 26 -2147483648
22 27 -2147483648
22 28 -2147483648
22 29 -2147483648
22 30 0
22 31 0
22 32 0
22 33 0
22 34 0
22 35 0
22 36 -2147483648
22 37 -2147483648
22 38 -2147483648
22 39 -2147483648
22 40 -2147483648
22 41 -2147483648
22 42 -2147483648
22 43 -2147483648
22 44 -2147483648
22 45 2
22 46 -2147483648
22 47 -2147483648
22 48 0
22 49 0
22 50 -2147483648
22 51 0
22 52 -2147483648
22 53 0
22 54 0
22 55 0
22 56 0
22 57 0
22 58 0
22 59 0
22 60 -2147483648
22 61 -2147483648
22 62 -2147483648
22 63 -2147483648
22 64 3
22 65 -2147483648
22 66 -2147483648
22 67 -2147483648
22 68 -2147483648
22 69 -2147483648
22 70 -2147483648
22 71 -2147483648
22 72 0
22 73 0
22 74 0
22 75 0
22 76 0
22 77 0
22 78 0
22 79 0
22 80 0
22 81 0
22 82 0
22 83 0
22 84 1
22 85 0
22 86 0
22 87 0
22 88 0
22 89 0
23 0 0
23 1 -2147483648
23 2 -2147483648
23 3 -2147483648
23 4 -2147483648
23 5 0
23 6 -2147483648
23 7 -2147483648
23 8 -2147483648
23 9 -2147483648
23 10 -2147483648
23 11 -2147483648
23 12 0
23 13 0
23 14 1
23 15 1
23 16 1
23 17 1
23 18 -2147483648
23 19 -2147483648
23 20 -2147483648
23 21 -2147483648
23 22 -2147483648
23 24 -2147483648
23 25 0
23 26 0
23 27 0
23 28 0
23 29 0
23 30 0
23 31 0
23 32 0
23 33 -2147483648
23 34 -2147483648
23 35 -2147483648
23 36 -2147483648
23 37 -2147483648
23 38 -2147483648
23 39 -2147483648
23 40 -2147483648
23 41 -2147483648
23 42 -2147483648
23 43 2
23 44 1
23 45 1
23 46 -2147483648
23 47 2
23 48 0
23 49 0
23 50 0
23 51 0
23 52 0
23 53 -2147483648
23 54 -2147483648
23 55 0
23 56 0
23 57 0
23 58 0
23 59 0
23 60 0
23 61 2
23 62 3
23 63 3
23 64 -2147483648
23 65 3
23 66 0
23 67 0
23 68 0
23 69 0
23 70 0
23 71 0
23 72 0
23 73 0
23 74 0
23 75 0
23 76 0
23 77 -2147483648
23 78 0
23 79 0
23 80 0
23 81 0
23 82 0
23 83 0
23 84 0
23 85 0
23 86 1
23 87 -2147483648
23 88 1
23 89 0
24 0 0
24 1 0
24 2 0
24 3 0
24 4 0
24 5 0
24 6 4
24 7 -2147483648
24 8 -2147483648
24 9 -2147483648
24 10 -2147483648
24 11 -2147483648
24 12 -2147483648
24 13 0
24 14 0
24 15 0
24 16 0
24 17 0
24 18 -2147483648
24 19 -2147483648
24 20 -2147483648
24 21 -2147483648
24 22 -2147483648
24 23 -2147483648
24 25 -2147483648
24 26 -2147483648
24 27 -2147483648
24 28 -2147483648
24 29 -2147483648
24 30 0
24 31 0
24 32 0
24 33 0
24 34 0
24 35 0
24 36 5
24 37 -2147483648
24 38 -2147483648
24 39 -2147483648
24 40 -2147483648
24 41 -2147483648
24 42 -2147483648
24 43 -2147483648
24 44 -2147483648
24 45 -2147483648
24 46 -2147483648
24 47 -2147483648
24 48 0
24 49 0
24 50 0
24 51 0
24 52 0
24 53 0
24 54 0
24 55 0
24 56 0
24 57 0
24 58 0
24 59 0
24 60 1
24 61 -2147483648
24 62 -2147483648
24 63 -2147483648
24 64 -2147483648
24 65 -2147483648
24 66 0
24 67 -2147483648
24 68 -2147483648
24 69 -2147483648
24 70 -2147483648
24 71 1
24 72 0
24 73 0
24 74 0
24 75 0
24 76 0
24 77 0
24 78 0
24 79 0
24 80 0
24 81 0
24 82 0
24 83 0
24 84 0
24 85 0
24 86 0
24 87 -2147483648
24 88 0
24 89 0
25 0 0
25 1 2
25 2 2
25 3 0
25 4 1
25 5 0
25 6 0
25 7 -2147483648
25 8 -2147483648
25 9 0
25 10 -2147483648
25 11 -2147483648
25 12 -2147483648
25 13 -2147483648
25 14 1
25 15 0
25 16 0
25 17 0
25 18 0
25 19 -2147483648
25 20 0
25 21 -2147483648
25 22 -2147483648
25 23 0
25 24 -2147483648
25 26 -2147483648
25 27 -2147483648
25 28 -2147483648
25 29 -2147483648
25 30 0
25 31 0
25 32 0
25 33 0
25 34 1
25 35 2
25 36 0
25 37 5
25 38 -2147483648
25 39 -2147483648
25 40 -2147483648
25 41 0
25 42 -2147483648
25 43 -2147483648
25 44 -2147483648
25 45 -2147483648
25 46 -2147483648
25 47 -2147483648
25 48 0
25 49 -2147483648
25 50 1
25 51 -2147483648
25 52 -2147483648
25 53 -2147483648
25 54 0
25 55 0
25 56 0
25 57 0
25 58 0
25 59 0
25 60 -2147483648
25 61 -2147483648
25 62 -2147483648
25 63 -2147483648
25 64 -2147483648
25 65 -2147483648
25 66 -2147483648
25 67 -2147483648
25 68 -2147483648
25 69 -2147483648
25 70 -2147483648
25 71 -2147483648
25 72 1
25 73 0
25 74 0
25 75 0
25 76 0
25 77 0
25 78 0
25 79 0
25 80 0
25 81 0
25 82 -2147483648
25 83 0
25 84 -2147483648
25 85 -2147483648
25 86 2
25 87 2
25 88 -2147483648
25 89 -2147483648
26 0 0
26 1 0
26 2 0
26 3 0
26 4 0
26 5 0
26 6 0
26 7 -2147483648
26 8 -2147483648
26 9 -2147483648
26 10 -2147483648
26 11 5
26 12 -2147483648
26 13 -2147483648
26 14 -2147483648
26 15 -2147483648
26 16 -2147483648
26 17 -2147483648
26 18 0
26 19 4
26 20 0
26 21 -2147483648
26 22 -2147483648
26 23 0
26 24 -2147483648
26 25 -2147483648
26 27 -2147483648
26 28 -2147483648
26 29 -2147483648
26 30 0
26 31 0
26 32 0
26 33 0
26 34 0
26 35 0
26 36 0
26 37 -2147483648
26 38 5
26 39 -2147483648
26 40 -2147483648
26 41 1
26 42 -2147483648
26 43 -2147483648
26 44 -2147483648
26 45 -2147483648
26 46 -2147483648
26 47 -2147483648
26 48 0
26 49 0
26 50 -2147483648
26 51 0
26 52 -2147483648
26 53 0
26 54 0
26 55 0
26 56 0
26 57 0
26 58 0
26 59 0
26 60 -2147483648
26 61 -2147483648
26 62 -2147483648
26 63 -2147483648
26 64 -2147483648
26 65 -2147483648
26 66 -2147483648
26 67 -2147483648
26 68 -2147483648
26 69 -2147483648
26 70 -2147483648
26 71 -2147483648
26 72 0
26 73 0
26 74 0
26 75 0
26 76 0
26 77 0
26 78 0
26 79 0
26 80 0
26 81 0
26 82 0
26 83 0
26 84 1
26 85 0
26 86 -2147483648
26 87 -2147483648
26 88 -2147483648
26 89 0
27 0 0
27 1 0
27 2 0
27 3 0
27 4 0
27 5 0
27 6 -2147483648
27 7 -2147483648
27 8 -2147483648
27 9 -2147483648
27 10 5
27 11 -2147483648
27 12 2
27 13 -2147483648
27 14 -2147483648
27 15 -2147483648
27 16 -2147483648
27 17 -2147483648
27 18 2
27 19 -2147483648
27 20 0
27 21 -2147483648
27 22 -2147483648
27 23 0
27 24 -2147483648
27 25 -2147483648
27 26 -2147483648
27 28 -2147483648
27 29 -2147483648
27 30 0
27 31 0
27 32 0
27 33 0
27 34 0
27 35 0
27 36 -2147483648
27 37 -2147483648
27 38 -2147483648
27 39 5
27 40 -2147483648
27 41 3
27 42 -2147483648
27 43 -2147483648
27 44 -2147483648
27 45 -2147483648
27 46 -2147483648
27 47 -2147483648
27 48 0
27 49 0
27 50 0
27 51 0
27 52 0
27 53 0
27 54 0
27 55 0
27 56 0
27 57 0
27 58 0
27 59 0
27 60 -2147483648
27 61 -2147483648
27 62 -2147483648
27 63 -2147483648
27 64 -2147483648
27 65 -2147483648
27 66 -2147483648
27 67 -2147483648
27 68 -2147483648
27 69 -2147483648
27 70 -2147483648
27 71 -2147483648
27 72 0
27 73 0
27 74 0
27 75 0
27 76 0
27 77 0
27 78 0
27 79 0
27 80 0
27 81 0
27 82 0
27 83 0
27 84 0
27 85 0
27 86 -2147483648
27 87 -2147483648
27 88 -2147483648
27 89 0
28 0 0
28 1 1
28 2 1
28 3 0
28 4 1
28 5 0
28 6 0
28 7 -2147483648
28 8 -2147483648
28 9 0
28 10 -2147483648
28 11 -2147483648
28 12 -2147483648
28 13 -2147483648
28 14 1
28 15 0
28 16 0
28 17 0
28 18 0
28 19 -2147483648
28 20 0
28 21 -2147483648
28 22 -2147483648
28 23 0
28 24 -2147483648
28 25 -2147483648
28 26 -2147483648
28 27 -2147483648
28 29 -2147483648
28 30 0
28 31 0
28 32 0
28 33 0
28 34 1
28 35 1
28 36 0
28 37 -2147483648
28 38 -2147483648
28 39 -2147483648
28 40 5
28 41 0
28 42 -2147483648
28 43 -2147483648
28 44 -2147483648
28 45 -2147483648
28 46 -2147483648
28 47 -2147483648
28 48 0
28 49 -2147483648
28 50 -2147483648
28 51 -2147483648
28 52 -2147483648
28 53 -2147483648
28 54 0
28 55 0
28 56 0
28 57 0
28 58 0
28 59 0
28 60 -2147483648
28 61 -2147483648
28 62 -2147483648
28 63 -2147483648
28 64 -2147483648
28 65 -2147483648
28 66 -2147483648
28 67 -2147483648
28 68 -2147483648
28 69 -2147483648
28 70 -2147483648
28 71 -2147483648
28 72 0
28 73 0
28 74 0
28 75 0
28 76 0
28 77 0
28 78 0
28 79 0
28 80 0
28 81 0
28 82 -2147483648
28 83 0
28 84 1
28 85 -2147483648
28 86 1
28 87 1
28 88 -2147483648
28 89 -2147483648
29 0 0
29 1 3
29 2 3
29 3 0
29 4 1
29 5 0
29 6 0
29 7 -2147483648
29 8 -2147483648
29 9 0
29 10 -2147483648
29 11 -2147483648
29 12 -2147483648
29 13 -2147483648
29 14 1
29 15 0
29 16 0
29 17 0
29 18 0
29 19 -2147483648
29 20 0
29 21 -2147483648
29 22 -2147483648
29 23 0
29 24 -2147483648
29 25 -2147483648
29 26 -2147483648
29 27 -2147483648
29 28 -2147483648
29 30 0
29 31 0
29 32 0
29 33 0
29 34 1
29 35 3
29 36 0
29 37 -2147483648
29 38 -2147483648
29 39 -2147483648
29 40 -2147483648
29 41 0
29 42 0
29 43 -2147483648
29 44 -2147483648
29 45 0
29 46 -2147483648
29 47 -2147483648
29 48 1
29 49 -2147483648
29 50 -2147483648
29 51 -2147483648
29 52 -2147483648
29 53 -2147483648
29 54 0
29 55 0
29 56 0
29 57 0
29 58 0
29 59 0
29 60 -2147483648
29 61 -2147483648
29 62 -2147483648
29 63 -2147483648
29 64 -2147483648
29 65 -2147483648
29 66 -2147483648
29 67 -2147483648
29 68 -2147483648
29 69 -2147483648
29 70 -2147483648
29 71 -2147483648
29 72 2
29 73 0
29 74 0
29 75 0
29 76 0
29 77 0
29 78 0
29 79 0
29 80 0
29 81 0
29 82 -2147483648
29 83 -2147483648
29 84 -2147483648
29 85 -2147483648
29 86 2
29 87 2
29 88 -2147483648
29 89 -2147483648
30 0 3
30 1 -2147483648
30 2 0
30 3 -2147483648
30 4 -2147483648
30 5 -2147483648
30 6 0
30 7 0
30 8 0
30 9 0
30 10 0
30 11 0
30 12 -2147483648
30 13 -2147483648
30 14 -2147483648
30 15 -2147483648
30 16 3
30 17 3
30 18 0
30 19 0
30 20 0
30 21 0
30 22 0
30 23 0
30 24 0
30 25 0
30 26 0
30 27 0
30 28 0
30 29 0
30 31 -2147483648
30 32 -2147483648
30 33 -2147483648
30 34 -2147483648
30 35 -2147483648
30 36 0
30 37 0
30 38 0
30 39 0
30 40 0
30 41 0
30 42 0
30 43 0
30 44 0
30 45 0
30 46 0
30 47 0
30 48 -2147483648
30 49 -2147483648
30 50 -2147483648
30 51 -2147483648
30 52 -2147483648
30 53 -2147483648
30 54 0
30 55 0
30 56 0
30 57 0
30 58 -2147483648
30 59 2
30 60 0
30 61 0
30 62 0
30 63 0
30 64 0
30 65 0
30 66 0
30 67 0
30 68 0
30 69 0
30 70 0
30 71 0
30 72 0
30 73 -2147483648
30 74 -2147483648
30 75 -2147483648
30 76 -2147483648
30 77 -2147483648
30 78 1
30 79 -2147483648
30 80 -2147483648
30 81 -2147483648
30 82 -2147483648
30 83 -2147483648
30 84 0
30 85 0
30 86 0
30 87 0
30 88 0
30 89 0
31 0 -2147483648
31 1 -2147483648
31 2 0
31 3 -2147483648
31 4 -2147483648
31 5 -2147483648
31 6 0
31 7 0
31 8 0
31 9 0
31 10 0
31 11 0
31 12 -2147483648
31 13 -2147483648
31 14 -2147483648
31 15 -2147483648
31 16 -2147483648
31 17 -2147483648
31 18 0
31 19 0
31 20 0
31 21 0
31 22 0
31 23 0
31 24 0
31 25 0
31 26 0
31 27 0
31 28 0
31 29 0
31 30 -2147483648
31 32 -2147483648
31 33 -2147483648
31 34 -2147483648
31 35 -2147483648
31 36 1
31 37 0
31 38 0
31 39 0
31 40 0
31 41 0
31 42 0
31 43 0
31 44 0
31 45 0
31 46 0
31 47 0
31 48 -2147483648
31 49 -2147483648
31 50 -2147483648
31 51 -2147483648
31 52 -2147483648
31 53 -2147483648
31 54 -2147483648
31 55 1
31 56 1
31 57 1
31 58 1
31 59 -2147483648
31 60 0
31 61 0
31 62 0
31 63 0
31 64 0
31 65 0
31 66 0
31 67 0
31 68 0
31 69 0
31 70 0
31 71 0
31 72 0
31 73 -2147483648
31 74 -2147483648
31 75 -2147483648
31 76 -2147483648
31 77 -2147483648
31 78 -2147483648
31 79 -2147483648
31 80 -2147483648
31 81 5
31 82 -2147483648
31 83 -2147483648
31 84 0
31 85 0
31 86 0
31 87 0
31 88 -2147483648
31 89 -2147483648
32 0 -2147483648
32 1 -2147483648
32 2 0
32 3 -2147483648
32 4 -2147483648
32 5 -2147483648
32 6 0
32 7 0
32 8 0
32 9 0
32 10 0
32 11 0
32 12 -2147483648
32 13 -2147483648
32 14 -2147483648
32 15 -2147483648
32 16 -2147483648
32 17 -2147483648
32 18 0
32 19 0
32 20 0
32 21 0
32 22 0
32 23 0
32 24 0
32 25 0
32 26 0
32 27 0
32 28 0
32 29 0
32 30 -2147483648
32 31 -2147483648
32 33 -2147483648
32 34 -2147483648
32 35 -2147483648
32 36 0
32 37 0
32 38 0
32 39 0
32 40 0
32 41 0
32 42 0
32 43 0
32 44 0
32 45 0
32 46 0
32 47 0
32 48 -2147483648
32 49 -2147483648
32 50 -2147483648
32 51 -2147483648
32 52 -2147483648
32 53 -2147483648
32 54 0
32 55 0
32 56 -2147483648
32 57 -2147483648
32 58 -2147483648
32 59 -2147483648
32 60 0
32 61 0
32 62 0
32 63 0
32 64 0
32 65 0
32 66 0
32 67 0
32 68 0
32 69 0
32 70 0
32 71 0
32 72 0
32 73 -2147483648
32 74 -2147483648
32 75 -2147483648
32 76 -2147483648
32 77 -2147483648
32 78 -2147483648
32 79 3
32 80 -2147483648
32 81 -2147483648
32 82 -2147483648
32 83 -2147483648
32 84 0
32 85 0
32 86 0
32 87 0
32 88 0
32 89 -2147483648
33 0 -2147483648
33 1 -2147483648
33 2 1
33 3 6
33 4 -2147483648
33 5 -2147483648
33 6 0
33 7 0
33 8 0
33 9 0
33 10 -2147483648
33 11 -2147483648
33 12 -2147483648
33 13 -2147483648
33 14 -2147483648
33 15 -2147483648
33 16 -2147483648
33 17 -2147483648
33 18 0
33 19 0
33 20 0
33 21 0
33 22 0
33 23 -2147483648
33 24 0
33 25 0
33 26 0
33 27 0
33 28 0
33 29 0
33 30 -2147483648
33 31 -2147483648
33 32 -2147483648
33 34 -2147483648
33 35 -2147483648
33 36 -2147483648
33 37 2
33 38 2
33 39 2
33 40 2
33 41 2
33 42 0
33 43 0
33 44 0
33 45 0
33 46 0
33 47 0
33 48 -2147483648
33 49 -2147483648
33 50 -2147483648
33 51 -2147483648
33 52 -2147483648
33 53 -2147483648
33 54 2
33 55 -2147483648
33 56 -2147483648
33 57 -2147483648
33 58 -2147483648
33 59 -2147483648
33 60 0
33 61 0
33 62 0
33 63 0
33 64 0
33 65 0
33 66 0
33 67 0
33 68 0
33 69 0
33 70 0
33 71 0
33 72 0
33 73 -2147483648
33 74 -2147483648
33 75 -2147483648
33 76 -2147483648
33 77 -2147483648
33 78 -2147483648
33 79 -2147483648
33 80 -2147483648
33 81 -2147483648
33 82 -2147483648
33 83 -2147483648
33 84 0
33 85 0
33 86 -2147483648
33 87 -2147483648
33 88 -2147483648
33 89 -2147483648
34 0 -2147483648
34 1 -2147483648
34 2 2
34 3 -2147483648
34 4 6
34 5 -2147483648
34 6 0
34 7 0
34 8 0
34 9 0
34 10 -2147483648
34 11 -2147483648
34 12 -2147483648
34 13 -2147483648
34 14 -2147483648
34 15 -2147483648
34 16 -2147483648
34 17 -2147483648
34 18 0
34 19 0
34 20 0
34 21 0
34 22 0
34 23 -2147483648
34 24 0
34 25 1
34 26 0
34 27 0
34 28 1
34 29 1
34 30 -2147483648
34 31 -2147483648
34 32 -2147483648
34 33 -2147483648
34 35 -2147483648
34 36 -2147483648
34 37 3
34 38 2
34 39 2
34 40 3
34 41 2
34 42 0
34 43 0
34 44 0
34 45 0
34 46 0
34 47 0
34 48 -2147483648
34 49 -2147483648
34 50 -2147483648
34 51 -2147483648
34 52 -2147483648
34 53 -2147483648
34 54 1
34 55 0
34 56 0
34 57 0
34 58 0
34 59 -2147483648
34 60 0
34 61 0
34 62 0
34 63 0
34 64 0
34 65 0
34 66 0
34 67 0
34 68 0
34 69 0
34 70 0
34 71 0
34 72 0
34 73 4
34 74 -2147483648
34 75 4
34 76 -2147483648
34 77 -2147483648
34 78 -2147483648
34 79 -2147483648
34 80 -2147483648
34 81 -2147483648
34 82 -2147483648
34 83 -2147483648
34 84 0
34 85 -2147483648
34 86 -2147483648
34 87 -2147483648
34 88 -2147483648
34 89 -2147483648
35 0 -2147483648
35 1 6
35 2 4
35 3 -2147483648
35 4 -2147483648
35 5 -2147483648
35 6 0
35 7 0
35 8 0
35 9 0
35 10 -2147483648
35 11 -2147483648
35 12 -2147483648
35 13 -2147483648
35 14 -2147483648
35 15 -2147483648
35 16 -2147483648
35 17 -2147483648
35 18 0
35 19 0
35 20 0
35 21 0
35 22 0
35 23 -2147483648
35 24 0
35 25 2
35 26 0
35 27 0
35 28 1
35 29 3
35 30 -2147483648
35 31 -2147483648
35 32 -2147483648
35 33 -2147483648
35 34 -2147483648
35 36 -2147483648
35 37 4
35 38 2
35 39 2
35 40 3
35 41 2
35 42 0
35 43 0
35 44 0
35 45 0
35 46 0
35 47 0
35 48 3
35 49 -2147483648
35 50 -2147483648
35 51 -2147483648
35 52 -2147483648
35 53 -2147483648
35 54 1
35 55 0
35 56 0
35 57 0
35 58 0
35 59 0
35 60 0
35 61 0
35 62 0
35 63 0
35 64 0
35 65 0
35 66 0
35 67 0
35 68 0
35 69 0
35 70 0
35 71 0
35 72 2
35 73 -2147483648
35 74 -2147483648
35 75 -2147483648
35 76 -2147483648
35 77 -2147483648
35 78 -2147483648
35 79 -2147483648
35 80 -2147483648
35 81 -2147483648
35 82 -2147483648
35 83 -2147483648
35 84 -2147483648
35 85 -2147483648
35 86 -2147483648
35 87 -2147483648
35 88 -2147483648
35 89 -2147483648
36 0 0
36 1 -2147483648
36 2 -2147483648
36 3 -2147483648
36 4 -2147483648
36 5 0
36 6 4
36 7 -2147483648
36 8 -2147483648
36 9 -2147483648
36 10 -2147483648
36 11 -2147483648
36 12 -2147483648
36 13 0
36 14 -2147483648
36 15 -2147483648
36 16 -2147483648
36 17 -2147483648
36 18 -2147483648
36 19 -2147483648
36 20 -2147483648
36 21 -2147483648
36 22 -2147483648
36 23 -2147483648
36 24 5
36 25 0
36 26 0
36 27 -2147483648
36 28 0
36 29 0
36 30 0
36 31 1
36 32 0
36 33 -2147483648
36 34 -2147483648
36 35 -2147483648
36 37 -2147483648
36 38 -2147483648
36 39 -2147483648
36 40 -2147483648
36 41 -2147483648
36 42 -2147483648
36 43 -2147483648
36 44 -2147483648
36 45 -2147483648
36 46 -2147483648
36 47 -2147483648
36 48 0
36 49 0
36 50 0
36 51 0
36 52 0
36 53 -2147483648
36 54 -2147483648
36 55 1
36 56 1
36 57 1
36 58 1
36 59 -2147483648
36 60 1
36 61 -2147483648
36 62 -2147483648
36 63 -2147483648
36 64 -2147483648
36 65 -2147483648
36 66 0
36 67 -2147483648
36 68 -2147483648
36 69 -2147483648
36 70 -2147483648
36 71 0
36 72 0
36 73 0
36 74 0
36 75 0
36 76 0
36 77 -2147483648
36 78 0
36 79 0
36 80 0
36 81 1
36 82 0
36 83 0
36 84 0
36 85 0
36 86 -2147483648
36 87 -2147483648
36 88 -2147483648
36 89 0
37 0 0
37 1 3
37 2 3
37 3 1
37 4 2
37 5 0
37 6 -2147483648
37 7 -2147483648
37 8 -2147483648
37 9 -2147483648
37 10 -2147483648
37 11 -2147483648
37 12 -2147483648
37 13 -2147483648
37 14 -2147483648
37 15 -2147483648
37 16 -2147483648
37 17 -2147483648
37 18 -2147483648
37 19 -2147483648
37 20 -2147483648
37 21 -2147483648
37 22 -2147483648
37 23 -2147483648
37 24 -2147483648
37 25 5
37 26 -2147483648
37 27 -2147483648
37 28 -2147483648
37 29 -2147483648
37 30 0
37 31 0
37 32 0
37 33 2
37 34 3
37 35 4
37 36 -2147483648
37 38 -2147483648
37 39 -2147483648
37 40 -2147483648
37 41 -2147483648
37 42 -2147483648
37 43 -2147483648
37 44 -2147483648
37 45 -2147483648
37 46 -2147483648
37 47 -2147483648
37 48 0
37 49 -2147483648
37 50 1
37 51 -2147483648
37 52 -2147483648
37 53 -2147483648
37 54 1
37 55 0
37 56 0
37 57 0
37 58 0
37 59 0
37 60 -2147483648
37 61 -2147483648
37 62 -2147483648
37 63 -2147483648
37 64 -2147483648
37 65 -2147483648
37 66 -2147483648
37 67 -2147483648
37 68 -2147483648
37 69 -2147483648
37 70 -2147483648
37 71 0
37 72 1
37 73 0
37 74 0
37 75 0
37 76 0
37 77 -2147483648
37 78 0
37 79 0
37 80 0
37 81 0
37 82 -2147483648
37 83 0
37 84 -2147483648
37 85 -2147483648
37 86 -2147483648
37 87 -2147483648
37 88 -2147483648
37 89 -2147483648
38 0 0
38 1 1
38 2 1
38 3 1
38 4 1
38 5 0
38 6 -2147483648
38 7 -2147483648
38 8 -2147483648
38 9 -2147483648
38 10 -2147483648
38 11 -2147483648
38 12 -2147483648
38 13 -2147483648
38 14 -2147483648
38 15 -2147483648
38 16 -2147483648
38 17 -2147483648
38 18 -2147483648
38 19 5
38 20 -2147483648
38 21 -2147483648
38 22 -2147483648
38 23 -2147483648
38 24 -2147483648
38 25 -2147483648
38 26 5
38 27 -2147483648
38 28 -2147483648
38 29 -2147483648
38 30 0
38 31 0
38 32 0
38 33 2
38 34 2
38 35 2
38 36 -2147483648
38 37 -2147483648
38 39 -2147483648
38 40 -2147483648
38 41 -2147483648
38 42 -2147483648
38 43 -2147483648
38 44 -2147483648
38 45 -2147483648
38 46 -2147483648
38 47 -2147483648
38 48 0
38 49 0
38 50 -2147483648
38 51 0
38 52 -2147483648
38 53 -2147483648
38 54 1
38 55 0
38 56 0
38 57 0
38 58 0
38 59 0
38 60 -2147483648
38 61 -2147483648
38 62 -2147483648
38 63 -2147483648
38 64 -2147483648
38 65 -2147483648
38 66 -2147483648
38 67 -2147483648
38 68 -2147483648
38 69 -2147483648
38 70 -2147483648
38 71 0
38 72 0
38 73 0
38 74 0
38 75 0
38 76 0
38 77 -2147483648
38 78 0
38 79 0
38 80 0
38 81 0
38 82 0
38 83 0
38 84 1
38 85 0
38 86 -2147483648
38 87 -2147483648
38 88 -2147483648
38 89 0
39 0 0
39 1 1
39 2 1
39 3 1
39 4 1
39 5 0
39 6 -2147483648
39 7 -2147483648
39 8 -2147483648
39 9 -2147483648
39 10 -2147483648
39 11 -2147483648
39 12 2
39 13 -2147483648
39 14 -2147483648
39 15 -2147483648
39 16 -2147483648
39 17 -2147483648
39 18 -2147483648
39 19 -2147483648
39 20 -2147483648
39 21 -2147483648
39 22 -2147483648
39 23 -2147483648
39 24 -2147483648
39 25 -2147483648
39 26 -2147483648
39 27 5
39 28 -2147483648
39 29 -2147483648
39 30 0
39 31 0
39 32 0
39 33 2
39 34 2
39 35 2
39 36 -2147483648
39 37 -2147483648
39 38 -2147483648
39 40 -2147483648
39 41 -2147483648
39 42 -2147483648
39 43 -2147483648
39 44 -2147483648
39 45 -2147483648
39 46 -2147483648
39 47 -2147483648
39 48 0
39 49 0
39 50 0
39 51 0
39 52 0
39 53 -2147483648
39 54 1
39 55 0
39 56 0
39 57 0
39 58 0
39 59 0
39 60 -2147483648
39 61 -2147483648
39 62 -2147483648
39 63 -2147483648
39 64 -2147483648
39 65 -2147483648
39 66 -2147483648
39 67 -2147483648
39 68 -2147483648
39 69 -2147483648
39 70 -2147483648
39 71 0
39 72 0
39 73 0
39 74 0
39 75 0
39 76 0
39 77 -2147483648
39 78 0
39 79 0
39 80 0
39 81 0
39 82 0
39 83 0
39 84 0
39 85 0
39 86 -2147483648
39 87 -2147483648
39 88 -2147483648
39 89 0
40 0 0
40 1 2
40 2 2
40 3 1
40 4 2
40 5 0
40 6 -2147483648
40 7 -2147483648
40 8 -2147483648
40 9 -2147483648
40 10 -2147483648
40 11 -2147483648
40 12 -2147483648
40 13 -2147483648
40 14 -2147483648
40 15 -2147483648
40 16 -2147483648
40 17 -2147483648
40 18 -2147483648
40 19 -2147483648
40 20 -2147483648
40 21 -2147483648
40 22 -2147483648
40 23 -2147483648
40 24 -2147483648
40 25 -2147483648
40 26 -2147483648
40 27 -2147483648
40 28 5
40 29 -2147483648
40 30 0
40 31 0
40 32 0
40 33 2
40 34 3
40 35 3
40 36 -2147483648
40 37 -2147483648
40 38 -2147483648
40 39 -2147483648
40 41 -2147483648
40 42 -2147483648
40 43 -2147483648
40 44 -2147483648
40 45 -2147483648
40 46 -2147483648
40 47 -2147483648
40 48 0
40 49 -2147483648
40 50 -2147483648
40 51 -2147483648
40 52 -2147483648
40 53 -2147483648
40 54 1
40 55 0
40 56 0
40 57 0
40 58 0
40 59 0
40 60 -2147483648
40 61 -2147483648
40 62 -2147483648
40 63 -2147483648
40 64 -2147483648
40 65 -2147483648
40 66 -2147483648
40 67 -2147483648
40 68 -2147483648
40 69 -2147483648
40 70 -2147483648
40 71 0
40 72 0
40 73 0
40 74 0
40 75 0
40 76 0
40 77 -2147483648
40 78 0
40 79 0
40 80 0
40 81 0
40 82 -2147483648
40 83 0
40 84 1
40 85 -2147483648
40 86 -2147483648
40 87 -2147483648
40 88 -2147483648
40 89 -2147483648
41 0 0
41 1 1
41 2 1
41 3 1
41 4 1
41 5 0
41 6 -2147483648
41 7 -2147483648
41 8 -2147483648
41 9 -2147483648
41 10 -2147483648
41 11 -2147483648
41 12 1
41 13 -2147483648
41 14 -2147483648
41 15 -2147483648
41 16 -2147483648
41 17 -2147483648
41 18 -2147483648
41 19 -2147483648
41 20 -2147483648
41 21 -2147483648
41 22 -2147483648
41 23 -2147483648
41 24 -2147483648
41 25 0
41 26 1
41 27 3
41 28 0
41 29 0
41 30 0
41 31 0
41 32 0
41 33 2
41 34 2
41 35 2
41 36 -2147483648
41 37 -2147483648
41 38 -2147483648
41 39 -2147483648
41 40 -2147483648
41 42 -2147483648
41 43 2
41 44 1
41 45 -2147483648
41 46 -2147483648
41 47 2
41 48 0
41 49 0
41 50 0
41 51 0
41 52 0
41 53 -2147483648
41 54 1
41 55 0
41 56 0
41 57 0
41 58 0
41 59 0
41 60 -2147483648
41 61 2
41 62 3
41 63 3
41 64 -2147483648
41 65 3
41 66 0
41 67 0
41 68 -2147483648
41 69 0
41 70 -2147483648
41 71 0
41 72 0
41 73 0
41 74 0
41 75 0
41 76 0
41 77 -2147483648
41 78 0
41 79 0
41 80 0
41 81 0
41 82 0
41 83 0
41 84 0
41 85 0
41 86 -2147483648
41 87 -2147483648
41 88 -2147483648
41 89 0
42 0 0
42 1 0
42 2 0
42 3 0
42 4 0
42 5 0
42 6 -2147483648
42 7 -2147483648
42 8 -2147483648
42 9 -2147483648
42 10 -2147483648
42 11 -2147483648
42 12 -2147483648
42 13 0
42 14 0
42 15 0
42 16 0
42 17 0
42 18 -2147483648
42 19 -2147483648
42 20 -2147483648
42 21 -2147483648
42 22 -2147483648
42 23 -2147483648
42 24 -2147483648
42 25 -2147483648
42 26 -2147483648
42 27 -2147483648
42 28 -2147483648
42 29 0
42 30 0
42 31 0
42 32 0
42 33 0
42 34 0
42 35 0
42 36 -2147483648
42 37 -2147483648
42 38 -2147483648
42 39 -2147483648
42 40 -2147483648
42 41 -2147483648
42 43 -2147483648
42 44 -2147483648
42 45 -2147483648
42 46 -2147483648
42 47 -2147483648
42 48 0
42 49 0
42 50 -2147483648
42 51 0
42 52 -2147483648
42 53 0
42 54 0
42 55 0
42 56 0
42 57 0
42 58 0
42 59 0
42 60 2
42 61 0
42 62 0
42 63 0
42 64 -2147483648
42 65 0
42 66 0
42 67 -2147483648
42 68 -2147483648
42 69 -2147483648
42 70 -2147483648
42 71 0
42 72 0
42 73 0
42 74 0
42 75 0
42 76 0
42 77 0
42 78 0
42 79 0
42 80 0
42 81 0
42 82 0
42 83 0
42 84 -2147483648
42 85 0
42 86 0
42 87 0
42 88 0
42 89 0
43 0 0
43 1 0
43 2 0
43 3 0
43 4 0
43 5 0
43 6 -2147483648
43 7 -2147483648
43 8 -2147483648
43 9 2
43 10 -2147483648
43 11 -2147483648
43 12 -2147483648
43 13 0
43 14 0
43 15 0
43 16 0
43 17 0
43 18 -2147483648
43 19 -2147483648
43 20 2
43 21 -2147483648
43 22 -2147483648
43 23 2
43 24 -2147483648
43 25 -2147483648
43 26 -2147483648
43 27 -2147483648
43 28 -2147483648
43 29 -2147483648
43 30 0
43 31 0
43 32 0
43 33 0
43 34 0
43 35 0
43 36 -2147483648
43 37 -2147483648
43 38 -2147483648
43 39 -2147483648
43 40 -2147483648
43 41 2
43 42 -2147483648
43 44 -2147483648
43 45 -2147483648
43 46 -2147483648
43 47 -2147483648
43 48 0
43 49 0
43 50 -2147483648
43 51 0
43 52 -2147483648
43 53 0
43 54 0
43 55 0
43 56 0
43 57 0
43 58 0
43 59 0
43 60 -2147483648
43 61 -2147483648
43 62 2
43 63 2
43 64 -2147483648
43 65 3
43 66 2
43 67 -2147483648
43 68 -2147483648
43 69 -2147483648
43 70 -2147483648
43 71 -2147483648
43 72 0
43 73 0
43 74 0
43 75 0
43 76 0
43 77 0
43 78 0
43 79 0
43 80 0
43 81 0
43 82 0
43 83 0
43 84 -2147483648
43 85 0
43 86 0
43 87 0
43 88 0
43 89 0
44 0 0
44 1 0
44 2 0
44 3 0
44 4 0
44 5 0
44 6 -2147483648
44 7 -2147483648
44 8 -2147483648
44 9 1
44 10 -2147483648
44 11 -2147483648
44 12 -2147483648
44 13 0
44 14 0
44 15 0
44 16 0
44 17 0
44 18 -2147483648
44 19 -2147483648
44 20 1
44 21 -2147483648
44 22 -2147483648
44 23 1
44 24 -2147483648
44 25 -2147483648
44 26 -2147483648
44 27 -2147483648
44 28 -2147483648
44 29 -2147483648
44 30 0
44 31 0
44 32 0
44 33 0
44 34 0
44 35 0
44 36 -2147483648
44 37 -2147483648
44 38 -2147483648
44 39 -2147483648
44 40 -2147483648
44 41 1
44 42 -2147483648
44 43 -2147483648
44 45 -2147483648
44 46 -2147483648
44 47 -2147483648
44 48 0
44 49 0
44 50 -2147483648
44 51 0
44 52 -2147483648
44 53 0
44 54 0
44 55 0
44 56 0
44 57 0
44 58 0
44 59 0
44 60 -2147483648
44 61 3
44 62 1
44 63 1
44 64 -2147483648
44 65 -2147483648
44 66 -2147483648
44 67 -2147483648
44 68 -2147483648
44 69 -2147483648
44 70 -2147483648
44 71 -2147483648
44 72 0
44 73 0
44 74 0
44 75 0
44 76 0
44 77 0
44 78 0
44 79 0
44 80 0
44 81 0
44 82 0
44 83 0
44 84 -2147483648
44 85 0
44 86 0
44 87 0
44 88 0
44 89 0
45 0 0
45 1 0
45 2 0
45 3 0
45 4 0
45 5 0
45 6 -2147483648
45 7 -2147483648
45 8 -2147483648
45 9 -2147483648
45 10 -2147483648
45 11 -2147483648
45 12 -2147483648
45 13 2
45 14 1
45 15 1
45 16 1
45 17 1
45 18 -2147483648
45 19 2
45 20 1
45 21 -2147483648
45 22 2
45 23 1
45 24 -2147483648
45 25 -2147483648
45 26 -2147483648
45 27 -2147483648
45 28 -2147483648
45 29 0
45 30 0
45 31 0
45 32 0
45 33 0
45 34 0
45 35 0
45 36 -2147483648
45 37 -2147483648
45 38 -2147483648
45 39 -2147483648
45 40 -2147483648
45 41 -2147483648
45 42 -2147483648
45 43 -2147483648
45 44 -2147483648
45 46 -2147483648
45 47 -2147483648
45 48 0
45 49 0
45 50 -2147483648
45 51 0
45 52 -2147483648
45 53 0
45 54 0
45 55 0
45 56 0
45 57 0
45 58 0
45 59 0
45 60 -2147483648
45 61 2
45 62 1
45 63 1
45 64 -2147483648
45 65 1
45 66 0
45 67 -2147483648
45 68 -2147483648
45 69 -2147483648
45 70 -2147483648
45 71 0
45 72 0
45 73 0
45 74 0
45 75 0
45 76 0
45 77 0
45 78 0
45 79 0
45 80 0
45 81 0
45 82 0
45 83 0
45 84 1
45 85 0
45 86 -2147483648
45 87 -2147483648
45 88 -2147483648
45 89 0
46 0 0
46 1 0
46 2 0
46 3 0
46 4 0
46 5 0
46 6 -2147483648
46 7 -2147483648
46 8 -2147483648
46 9 -2147483648
46 10 -2147483648
46 11 -2147483648
46 12 -2147483648
46 13 0
46 14 0
46 15 0
46 16 0
46 17 0
46 18 -2147483648
46 19 -2147483648
46 20 -2147483648
46 21 -2147483648
46 22 -2147483648
46 23 -2147483648
46 24 -2147483648
46 25 -2147483648
46 26 -2147483648
46 27 -2147483648
46 28 -2147483648
46 29 -2147483648
46 30 0
46 31 0
46 32 0
46 33 0
46 34 0
46 35 0
46 36 -2147483648
46 37 -2147483648
46 38 -2147483648
46 39 -2147483648
46 40 -2147483648
46 41 -2147483648
46 42 -2147483648
46 43 -2147483648
46 44 -2147483648
46 45 -2147483648
46 47 -2147483648
46 48 0
46 49 0
46 50 -2147483648
46 51 0
46 52 -2147483648
46 53 0
46 54 0
46 55 0
46 56 0
46 57 0
46 58 0
46 59 0
46 60 -2147483648
46 61 -2147483648
46 62 -2147483648
46 63 -2147483648
46 64 -2147483648
46 65 -2147483648
46 66 2
46 67 -2147483648
46 68 -2147483648
46 69 -2147483648
46 70 -2147483648
46 71 -2147483648
46 72 0
46 73 0
46 74 0
46 75 0
46 76 0
46 77 0
46 78 0
46 79 0
46 80 0
46 81 0
46 82 0
46 83 0
46 84 -2147483648
46 85 0
46 86 0
46 87 0
46 88 0
46 89 0
47 0 0
47 1 0
47 2 0
47 3 0
47 4 0
47 5 0
47 6 -2147483648
47 7 -2147483648
47 8 -2147483648
47 9 2
47 10 -2147483648
47 11 -2147483648
47 12 -2147483648
47 13 0
47 14 0
47 15 0
47 16 0
47 17 0
47 18 -2147483648
47 19 -2147483648
47 20 2
47 21 -2147483648
47 22 -2147483648
47 23 2
47 24 -2147483648
47 25 -2147483648
47 26 -2147483648
47 27 -2147483648
47 28 -2147483648
47 29 -2147483648
47 30 0
47 31 0
47 32 0
47 33 0
47 34 0
47 35 0
47 36 -2147483648
47 37 -2147483648
47 38 -2147483648
47 39 -2147483648
47 40 -2147483648
47 41 2
47 42 -2147483648
47 43 -2147483648
47 44 -2147483648
47 45 -2147483648
47 46 -2147483648
47 48 0
47 49 0
47 50 -2147483648
47 51 0
47 52 -2147483648
47 53 0
47 54 0
47 55 0
47 56 0
47 57 0
47 58 0
47 59 0
47 60 -2147483648
47 61 -2147483648
47 62 2
47 63 2
47 64 -2147483648
47 65 3
47 66 -2147483648
47 67 -2147483648
47 68 -2147483648
47 69 -2147483648
47 70 -2147483648
47 71 -2147483648
47 72 0
47 73 0
47 74 0
47 75 0
47 76 0
47 77 0
47 78 0
47 79 0
47 80 0
47 81 0
47 82 0
47 83 0
47 84 -2147483648
47 85 0
47 86 0
47 87 0
47 88 0
47 89 0
48 0 -2147483648
48 1 3
48 2 1
48 3 -2147483648
48 4 -2147483648
48 5 -2147483648
48 6 0
48 7 0
48 8 0
48 9 0
48 10 0
48 11 0
48 12 -2147483648
48 13 -2147483648
48 14 -2147483648
48 15 -2147483648
48 16 -2147483648
48 17 -2147483648
48 18 0
48 19 0
48 20 0
48 21 0
48 22 0
48 23 0
48 24 0
48 25 0
48 26 0
48 27 0
48 28 0
48 29 1
48 30 -2147483648
48 31 -2147483648
48 32 -2147483648
48 33 -2147483648
48 34 -2147483648
48 35 3
48 36 0
48 37 0
48 38 0
48 39 0
48 40 0
48 41 0
48 42 0
48 43 0
48 44 0
48 45 0
48 46 0
48 47 0
48 49 -2147483648
48 50 -2147483648
48 51 -2147483648
48 52 -2147483648
48 53 -2147483648
48 54 0
48 55 0
48 56 0
48 57 0
48 58 0
48 59 0
48 60 0
48 61 0
48 62 0
48 63 0
48 64 0
48 65 0
48 66 0
48 67 0
48 68 0
48 69 0
48 70 0
48 71 0
48 72 1
48 73 -2147483648
48 74 -2147483648
48 75 -2147483648
48 76 -2147483648
48 77 -2147483648
48 78 -2147483648
48 79 -2147483648
48 80 -2147483648
48 81 -2147483648
48 82 3
48 83 -2147483648
48 84 0
48 85 0
48 86 0
48 87 0
48 88 0
48 89 -2147483648
49 0 -2147483648
49 1 -2147483648
49 2 -2147483648
49 3 -2147483648
49 4 -2147483648
49 5 -2147483648
49 6 0
49 7 0
49 8 0
49 9 0
49 10 0
49 11 0
49 12 -2147483648
49 13 -2147483648
49 14 -2147483648
49 15 -2147483648
49 16 -2147483648
49 17 -2147483648
49 18 0
49 19 0
49 20 0
49 21 0
49 22 0
49 23 0
49 24 0
49 25 -2147483648
49 26 0
49 27 0
49 28 -2147483648
49 29 -2147483648
49 30 -2147483648
49 31 -2147483648
49 32 -2147483648
49 33 -2147483648
49 34 -2147483648
49 35 -2147483648
49 36 0
49 37 -2147483648
49 38 0
49 39 0
49 40 -2147483648
49 41 0
49 42 0
49 43 0
49 44 0
49 45 0
49 46 0
49 47 0
49 48 -2147483648
49 50 -2147483648
49 51 -2147483648
49 52 -2147483648
49 53 -2147483648
49 54 0
49 55 0
49 56 0
49 57 0
49 58 -2147483648
49 59 -2147483648
49 60 0
49 61 0
49 62 0
49 63 0
49 64 0
49 65 0
49 66 0
49 67 0
49 68 0
49 69 0
49 70 0
49 71 0
49 72 0
49 73 -2147483648
49 74 4
49 75 -2147483648
49 76 4
49 77 -2147483648
49 78 1
49 79 -2147483648
49 80 -2147483648
49 81 -2147483648
49 82 -2147483648
49 83 -2147483648
49 84 0
49 85 -2147483648
49 86 -2147483648
49 87 -2147483648
49 88 -2147483648
49 89 -2147483648
50 0 -2147483648
50 1 -2147483648
50 2 -2147483648
50 3 -2147483648
50 4 -2147483648
50 5 -2147483648
50 6 0
50 7 0
50 8 -2147483648
50 9 0
50 10 0
50 11 -2147483648
50 12 -2147483648
50 13 -2147483648
50 14 -2147483648
50 15 -2147483648
50 16 -2147483648
50 17 -2147483648
50 18 0
50 19 -2147483648
50 20 0
50 21 0
50 22 -2147483648
50 23 0
50 24 0
50 25 1
50 26 -2147483648
50 27 0
50 28 -2147483648
50 29 -2147483648
50 30 -2147483648
50 31 -2147483648
50 32 -2147483648
50 33 -2147483648
50 34 -2147483648
50 35 -2147483648
50 36 0
50 37 1
50 38 -2147483648
50 39 0
50 40 -2147483648
50 41 0
50 42 -2147483648
50 43 -2147483648
50 44 -2147483648
50 45 -2147483648
50 46 -2147483648
50 47 -2147483648
50 48 -2147483648
50 49 -2147483648
50 51 -2147483648
50 52 -2147483648
50 53 -2147483648
50 54 0
50 55 0
50 56 0
50 57 0
50 58 0
50 59 0
50 60 0
50 61 0
50 62 0
50 63 0
50 64 -2147483648
50 65 0
50 66 0
50 67 -2147483648
50 68 -2147483648
50 69 -2147483648
50 70 -2147483648
50 71 -2147483648
50 72 -2147483648
50 73 -2147483648
50 74 -2147483648
50 75 -2147483648
50 76 -2147483648
50 77 -2147483648
50 78 -2147483648
50 79 -2147483648
50 80 -2147483648
50 81 -2147483648
50 82 -2147483648
50 83 -2147483648
50 84 -2147483648
50 85 0
50 86 0
50 87 0
50 88 0
50 89 -2147483648
51 0 -2147483648
51 1 -2147483648
51 2 -2147483648
51 3 -2147483648
51 4 -2147483648
51 5 -2147483648
51 6 0
51 7 0
51 8 0
51 9 0
51 10 0
51 11 0
51 12 -2147483648
51 13 -2147483648
51 14 -2147483648
51 15 -2147483648
51 16 -2147483648
51 17 -2147483648
51 18 0
51 19 0
51 20 0
51 21 0
51 22 0
51 23 0
51 24 0
51 25 -2147483648
51 26 0
51 27 0
51 28 -2147483648
51 29 -2147483648
51 30 -2147483648
51 31 -2147483648
51 32 -2147483648
51 33 -2147483648
51 34 -2147483648
51 35 -2147483648
51 36 0
51 37 -2147483648
51 38 0
51 39 0
51 40 -2147483648
51 41 0
51 42 0
51 43 0
51 44 0
51 45 0
51 46 0
51 47 0
51 48 -2147483648
51 49 -2147483648
51 50 -2147483648
51 52 -2147483648
51 53 -2147483648
51 54 0
51 55 0
51 56 0
51 57 0
51 58 0
51 59 -2147483648
51 60 0
51 61 0
51 62 0
51 63 0
51 64 0
51 65 0
51 66 0
51 67 0
51 68 0
51 69 0
51 70 0
51 71 0
51 72 -2147483648
51 73 -2147483648
51 74 -2147483648
51 75 -2147483648
51 76 -2147483648
51 77 -2147483648
51 78 -2147483648
51 79 -2147483648
51 80 -2147483648
51 81 -2147483648
51 82 -2147483648
51 83 -2147483648
51 84 0
51 85 -2147483648
51 86 -2147483648
51 87 -2147483648
51 88 -2147483648
51 89 -2147483648
52 0 -2147483648
52 1 -2147483648
52 2 -2147483648
52 3 -2147483648
52 4 -2147483648
52 5 -2147483648
52 6 0
52 7 0
52 8 -2147483648
52 9 0
52 10 0
52 11 -2147483648
52 12 -2147483648
52 13 -2147483648
52 14 -2147483648
52 15 -2147483648
52 16 -2147483648
52 17 -2147483648
52 18 0
52 19 -2147483648
52 20 0
52 21 0
52 22 -2147483648
52 23 0
52 24 0
52 25 -2147483648
52 26 -2147483648
52 27 0
52 28 -2147483648
52 29 -2147483648
52 30 -2147483648
52 31 -2147483648
52 32 -2147483648
52 33 -2147483648
52 34 -2147483648
52 35 -2147483648
52 36 0
52 37 -2147483648
52 38 -2147483648
52 39 0
52 40 -2147483648
52 41 0
52 42 -2147483648
52 43 -2147483648
52 44 -2147483648
52 45 -2147483648
52 46 -2147483648
52 47 -2147483648
52 48 -2147483648
52 49 -2147483648
52 50 -2147483648
52 51 -2147483648
52 53 -2147483648
52 54 0
52 55 0
52 56 0
52 57 0
52 58 -2147483648
52 59 -2147483648
52 60 0
52 61 0
52 62 0
52 63 0
52 64 -2147483648
52 65 0
52 66 0
52 67 0
52 68 0
52 69 -2147483648
52 70 -2147483648
52 71 0
52 72 0
52 73 -2147483648
52 74 4
52 75 -2147483648
52 76 4
52 77 -2147483648
52 78 1
52 79 -2147483648
52 80 -2147483648
52 81 -2147483648
52 82 -2147483648
52 83 -2147483648
52 84 -2147483648
52 85 1
52 86 -2147483648
52 87 -2147483648
52 88 -2147483648
52 89 3
53 0 -2147483648
53 1 -2147483648
53 2 -2147483648
53 3 -2147483648
53 4 -2147483648
53 5 -2147483648
53 6 0
53 7 0
53 8 0
53 9 0
53 10 -2147483648
53 11 -2147483648
53 12 -2147483648
53 13 -2147483648
53 14 -2147483648
53 15 -2147483648
53 16 -2147483648
53 17 -2147483648
53 18 0
53 19 0
53 20 0
53 21 0
53 22 0
53 23 -2147483648
53 24 0
53 25 -2147483648
53 26 0
53 27 0
53 28 -2147483648
53 29 -2147483648
53 30 -2147483648
53 31 -2147483648
53 32 -2147483648
53 33 -2147483648
53 34 -2147483648
53 35 -2147483648
53 36 -2147483648
53 37 -2147483648
53 38 -2147483648
53 39 -2147483648
53 40 -2147483648
53 41 -2147483648
53 42 0
53 43 0
53 44 0
53 45 0
53 46 0
53 47 0
53 48 -2147483648
53 49 -2147483648
53 50 -2147483648
53 51 -2147483648
53 52 -2147483648
53 54 -2147483648
53 55 -2147483648
53 56 -2147483648
53 57 -2147483648
53 58 -2147483648
53 59 -2147483648
53 60 0
53 61 0
53 62 0
53 63 0
53 64 0
53 65 0
53 66 0
53 67 0
53 68 0
53 69 0
53 70 0
53 71 0
53 72 0
53 73 -2147483648
53 74 -2147483648
53 75 -2147483648
53 76 -2147483648
53 77 -2147483648
53 78 1
53 79 -2147483648
53 80 -2147483648
53 81 -2147483648
53 82 -2147483648
53 83 -2147483648
53 84 0
53 85 -2147483648
53 86 -2147483648
53 87 -2147483648
53 88 -2147483648
53 89 -2147483648
54 0 0
54 1 1
54 2 1
54 3 2
54 4 1
54 5 0
54 6 0
54 7 0
54 8 0
54 9 0
54 10 -2147483648
54 11 -2147483648
54 12 0
54 13 0
54 14 -2147483648
54 15 -2147483648
54 16 -2147483648
54 17 -2147483648
54 18 0
54 19 0
54 20 0
54 21 0
54 22 0
54 23 -2147483648
54 24 0
54 25 0
54 26 0
54 27 0
54 28 0
54 29 0
54 30 0
54 31 -2147483648
54 32 0
54 33 2
54 34 1
54 35 1
54 36 -2147483648
54 37 1
54 38 1
54 39 1
54 40 1
54 41 1
54 42 0
54 43 0
54 44 0
54 45 0
54 46 0
54 47 0
54 48 0
54 49 0
54 50 0
54 51 0
54 52 0
54 53 -2147483648
54 55 -2147483648
54 56 -2147483648
54 57 -2147483648
54 58 -2147483648
54 59 -2147483648
54 60 0
54 61 0
54 62 0
54 63 0
54 64 0
54 65 0
54 66 0
54 67 0
54 68 0
54 69 0
54 70 0
54 71 0
54 72 0
54 73 0
54 74 0
54 75 0
54 76 0
54 77 -2147483648
54 78 0
54 79 0
54 80 0
54 81 -2147483648
54 82 0
54 83 0
54 84 0
54 85 0
54 86 -2147483648
54 87 -2147483648
54 88 -2147483648
54 89 0
55 0 1
55 1 0
55 2 0
55 3 -2147483648
55 4 0
55 5 0
55 6 0
55 7 0
55 8 0
55 9 0
55 10 0
55 11 0
55 12 0
55 13 0
55 14 0
55 15 -2147483648
55 16 -2147483648
55 17 1
55 18 0
55 19 0
55 20 0
55 21 0
55 22 0
55 23 0
55 24 0
55 25 0
55 26 0
55 27 0
55 28 0
55 29 0
55 30 0
55 31 1
55 32 0
55 33 -2147483648
55 34 0
55 35 0
55 36 1
55 37 0
55 38 0
55 39 0
55 40 0
55 41 0
55 42 0
55 43 0
55 44 0
55 45 0
55 46 0
55 47 0
55 48 0
55 49 0
55 50 0
55 51 0
55 52 0
55 53 -2147483648
55 54 -2147483648
55 56 -2147483648
55 57 -2147483648
55 58 -2147483648
55 59 -2147483648
55 60 0
55 61 0
55 62 0
55 63 0
55 64 0
55 65 0
55 66 0
55 67 0
55 68 0
55 69 0
55 70 0
55 71 0
55 72 0
55 73 0
55 74 0
55 75 0
55 76 0
55 77 -2147483648
55 78 0
55 79 0
55 80 0
55 81 -2147483648
55 82 0
55 83 0
55 84 0
55 85 0
55 86 0
55 87 0
55 88 -2147483648
55 89 0
56 0 -2147483648
56 1 0
56 2 0
56 3 -2147483648
56 4 0
56 5 2
56 6 0
56 7 0
56 8 0
56 9 0
56 10 0
56 11 0
56 12 0
56 13 0
56 14 0
56 15 -2147483648
56 16 -2147483648
56 17 -2147483648
56 18 0
56 19 0
56 20 0
56 21 0
56 22 0
56 23 0
56 24 0
56 25 0
56 26 0
56 27 0
56 28 0
56 29 0
56 30 0
56 31 1
56 32 -2147483648
56 33 -2147483648
56 34 0
56 35 0
56 36 1
56 37 0
56 38 0
56 39 0
56 40 0
56 41 0
56 42 0
56 43 0
56 44 0
56 45 0
56 46 0
56 47 0
56 48 0
56 49 0
56 50 0
56 51 0
56 52 0
56 53 -2147483648
56 54 -2147483648
56 55 -2147483648
56 57 -2147483648
56 58 -2147483648
56 59 -2147483648
56 60 0
56 61 0
56 62 0
56 63 0
56 64 0
56 65 0
56 66 0
56 67 0
56 68 0
56 69 0
56 70 0
56 71 0
56 72 0
56 73 0
56 74 0
56 75 0
56 76 0
56 77 -2147483648
56 78 0
56 79 0
56 80 0
56 81 -2147483648
56 82 0
56 83 0
56 84 0
56 85 0
56 86 0
56 87 0
56 88 -2147483648
56 89 0
57 0 -2147483648
57 1 0
57 2 0
57 3 -2147483648
57 4 0
57 5 -2147483648
57 6 0
57 7 0
57 8 0
57 9 0
57 10 0
57 11 0
57 12 0
57 13 0
57 14 0
57 15 -2147483648
57 16 -2147483648
57 17 -2147483648
57 18 0
57 19 0
57 20 0
57 21 0
57 22 0
57 23 0
57 24 0
57 25 0
57 26 0
57 27 0
57 28 0
57 29 0
57 30 0
57 31 1
57 32 -2147483648
57 33 -2147483648
57 34 0
57 35 0
57 36 1
57 37 0
57 38 0
57 39 0
57 40 0
57 41 0
57 42 0
57 43 0
57 44 0
57 45 0
57 46 0
57 47 0
57 48 0
57 49 0
57 50 0
57 51 0
57 52 0
57 53 -2147483648
57 54 -2147483648
57 55 -2147483648
57 56 -2147483648
57 58 -2147483648
57 59 -2147483648
57 60 0
57 61 0
57 62 0
57 63 0
57 64 0
57 65 0
57 66 0
57 67 0
57 68 0
57 69 0
57 70 0
57 71 0
57 72 0
57 73 0
57 74 0
57 75 0
57 76 0
57 77 -2147483648
57 78 0
57 79 0
57 80 0
57 81 -2147483648
57 82 0
57 83 0
57 84 0
57 85 0
57 86 0
57 87 0
57 88 -2147483648
57 89 0
58 0 -2147483648
58 1 0
58 2 0
58 3 -2147483648
58 4 0
58 5 3
58 6 0
58 7 0
58 8 0
58 9 0
58 10 0
58 11 0
58 12 0
58 13 -2147483648
58 14 -2147483648
58 15 -2147483648
58 16 -2147483648
58 17 -2147483648
58 18 0
58 19 0
58 20 0
58 21 0
58 22 0
58 23 0
58 24 0
58 25 0
58 26 0
58 27 0
58 28 0
58 29 0
58 30 -2147483648
58 31 1
58 32 -2147483648
58 33 -2147483648
58 34 0
58 35 0
58 36 1
58 37 0
58 38 0
58 39 0
58 40 0
58 41 0
58 42 0
58 43 0
58 44 0
58 45 0
58 46 0
58 47 0
58 48 0
58 49 -2147483648
58 50 0
58 51 0
58 52 -2147483648
58 53 -2147483648
58 54 -2147483648
58 55 -2147483648
58 56 -2147483648
58 57 -2147483648
58 59 -2147483648
58 60 0
58 61 0
58 62 0
58 63 0
58 64 0
58 65 0
58 66 0
58 67 0
58 68 0
58 69 0
58 70 0
58 71 0
58 72 0
58 73 0
58 74 -2147483648
58 75 0
58 76 -2147483648
58 77 -2147483648
58 78 0
58 79 0
58 80 0
58 81 3
58 82 0
58 83 0
58 84 0
58 85 0
58 86 0
58 87 0
58 88 -2147483648
58 89 0
59 0 3
59 1 0
59 2 0
59 3 -2147483648
59 4 -2147483648
59 5 -2147483648
59 6 0
59 7 0
59 8 0
59 9 0
59 10 0
59 11 0
59 12 0
59 13 -2147483648
59 14 -2147483648
59 15 -2147483648
59 16 -2147483648
59 17 3
59 18 0
59 19 0
59 20 0
59 21 0
59 22 0
59 23 0
59 24 0
59 25 0
59 26 0
59 27 0
59 28 0
59 29 0
59 30 2
59 31 -2147483648
59 32 -2147483648
59 33 -2147483648
59 34 -2147483648
59 35 0
59 36 -2147483648
59 37 0
59 38 0
59 39 0
59 40 0
59 41 0
59 42 0
59 43 0
59 44 0
59 45 0
59 46 0
59 47 0
59 48 0
59 49 -2147483648
59 50 0
59 51 -2147483648
59 52 -2147483648
59 53 -2147483648
59 54 -2147483648
59 55 -2147483648
59 56 -2147483648
59 57 -2147483648
59 58 -2147483648
59 60 0
59 61 0
59 62 0
59 63 0
59 64 0
59 65 0
59 66 0
59 67 0
59 68 0
59 69 0
59 70 0
59 71 0
59 72 0
59 73 -2147483648
59 74 -2147483648
59 75 -2147483648
59 76 -2147483648
59 77 -2147483648
59 78 0
59 79 1
59 80 1
59 81 -2147483648
59 82 2
59 83 1
59 84 0
59 85 0
59 86 0
59 87 0
59 88 -2147483648
59 89 -2147483648
60 0 0
60 1 0
60 2 0
60 3 0
60 4 0
60 5 0
60 6 1
60 7 -2147483648
60 8 -2147483648
60 9 -2147483648
60 10 -2147483648
60 11 -2147483648
60 12 -2147483648
60 13 0
60 14 0
60 15 0
60 16 0
60 17 0
60 18 -2147483648
60 19 -2147483648
60 20 0
60 21 2
60 22 -2147483648
60 23 0
60 24 1
60 25 -2147483648
60 26 -2147483648
60 27 -2147483648
60 28 -2147483648
60 29 -2147483648
60 30 0
60 31 0
60 32 0
60 33 0
60 34 0
60 35 0
60 36 1
60 37 -2147483648
60 38 -2147483648
60 39 -2147483648
60 40 -2147483648
60 41 -2147483648
60 42 2
60 43 -2147483648
60 44 -2147483648
60 45 -2147483648
60 46 -2147483648
60 47 -2147483648
60 48 0
60 49 0
60 50 0
60 51 0
60 52 0
60 53 0
60 54 0
60 55 0
60 56 0
60 57 0
60 58 0
60 59 0
60 61 -2147483648
60 62 -2147483648
60 63 -2147483648
60 64 -2147483648
60 65 -2147483648
60 66 -2147483648
60 67 -2147483648
60 68 -2147483648
60 69 -2147483648
60 70 -2147483648
60 71 -2147483648
60 72 0
60 73 0
60 74 0
60 75 0
60 76 0
60 77 0
60 78 0
60 79 0
60 80 0
60 81 0
60 82 0
60 83 0
60 84 0
60 85 0
60 86 0
60 87 0
60 88 0
60 89 0
61 0 0
61 1 0
61 2 0
61 3 0
61 4 0
61 5 0
61 6 -2147483648
61 7 -2147483648
61 8 -2147483648
61 9 2
61 10 -2147483648
61 11 -2147483648
61 12 0
61 13 0
61 14 0
61 15 0
61 16 0
61 17 0
61 18 -2147483648
61 19 -2147483648
61 20 2
61 21 -2147483648
61 22 -2147483648
61 23 2
61 24 -2147483648
61 25 -2147483648
61 26 -2147483648
61 27 -2147483648
61 28 -2147483648
61 29 -2147483648
61 30 0
61 31 0
61 32 0
61 33 0
61 34 0
61 35 0
61 36 -2147483648
61 37 -2147483648
61 38 -2147483648
61 39 -2147483648
61 40 -2147483648
61 41 2
61 42 0
61 43 -2147483648
61 44 3
61 45 2
61 46 -2147483648
61 47 -2147483648
61 48 0
61 49 0
61 50 0
61 51 0
61 52 0
61 53 0
61 54 0
61 55 0
61 56 0
61 57 0
61 58 0
61 59 0
61 60 -2147483648
61 62 -2147483648
61 63 -2147483648
61 64 -2147483648
61 65 -2147483648
61 66 -2147483648
61 67 -2147483648
61 68 -2147483648
61 69 -2147483648
61 70 -2147483648
61 71 -2147483648
61 72 0
61 73 0
61 74 0
61 75 0
61 76 0
61 77 0
61 78 0
61 79 0
61 80 0
61 81 0
61 82 0
61 83 0
61 84 0
61 85 0
61 86 0
61 87 0
61 88 0
61 89 0
62 0 0
62 1 0
62 2 0
62 3 0
62 4 0
62 5 0
62 6 -2147483648
62 7 -2147483648
62 8 -2147483648
62 9 3
62 10 -2147483648
62 11 -2147483648
62 12 0
62 13 0
62 14 0
62 15 0
62 16 0
62 17 0
62 18 -2147483648
62 19 -2147483648
62 20 3
62 21 -2147483648
62 22 -2147483648
62 23 3
62 24 -2147483648
62 25 -2147483648
62 26 -2147483648
62 27 -2147483648
62 28 -2147483648
62 29 -2147483648
62 30 0
62 31 0
62 32 0
62 33 0
62 34 0
62 35 0
62 36 -2147483648
62 37 -2147483648
62 38 -2147483648
62 39 -2147483648
62 40 -2147483648
62 41 3
62 42 0
62 43 2
62 44 1
62 45 1
62 46 -2147483648
62 47 2
62 48 0
62 49 0
62 50 0
62 51 0
62 52 0
62 53 0
62 54 0
62 55 0
62 56 0
62 57 0
62 58 0
62 59 0
62 60 -2147483648
62 61 -2147483648
62 63 -2147483648
62 64 -2147483648
62 65 -2147483648
62 66 -2147483648
62 67 0
62 68 0
62 69 0
62 70 0
62 71 -2147483648
62 72 0
62 73 0
62 74 0
62 75 0
62 76 0
62 77 0
62 78 0
62 79 0
62 80 0
62 81 0
62 82 0
62 83 0
62 84 0
62 85 0
62 86 0
62 87 0
62 88 0
62 89 0
63 0 0
63 1 0
63 2 0
63 3 0
63 4 0
63 5 0
63 6 -2147483648
63 7 -2147483648
63 8 -2147483648
63 9 3
63 10 -2147483648
63 11 -2147483648
63 12 0
63 13 0
63 14 0
63 15 0
63 16 0
63 17 0
63 18 -2147483648
63 19 -2147483648
63 20 3
63 21 -2147483648
63 22 -2147483648
63 23 3
63 24 -2147483648
63 25 -2147483648
63 26 -2147483648
63 27 -2147483648
63 28 -2147483648
63 29 -2147483648
63 30 0
63 31 0
63 32 0
63 33 0
63 34 0
63 35 0
63 36 -2147483648
63 37 -2147483648
63 38 -2147483648
63 39 -2147483648
63 40 -2147483648
63 41 3
63 42 0
63 43 2
63 44 1
63 45 1
63 46 -2147483648
63 47 2
63 48 0
63 49 0
63 50 0
63 51 0
63 52 0
63 53 0
63 54 0
63 55 0
63 56 0
63 57 0
63 58 0
63 59 0
63 60 -2147483648
63 61 -2147483648
63 62 -2147483648
63 64 -2147483648
63 65 -2147483648
63 66 -2147483648
63 67 0
63 68 0
63 69 0
63 70 0
63 71 4
63 72 0
63 73 0
63 74 0
63 75 0
63 76 0
63 77 0
63 78 0
63 79 0
63 80 0
63 81 0
63 82 0
63 83 0
63 84 0
63 85 0
63 86 0
63 87 0
63 88 0
63 89 0
64 0 0
64 1 0
64 2 0
64 3 0
64 4 0
64 5 0
64 6 0
64 7 1
64 8 3
64 9 1
64 10 -2147483648
64 11 -2147483648
64 12 -2147483648
64 13 -2147483648
64 14 -2147483648
64 15 -2147483648
64 16 -2147483648
64 17 -2147483648
64 18 0
64 19 2
64 20 -2147483648
64 21 -2147483648
64 22 3
64 23 -2147483648
64 24 -2147483648
64 25 -2147483648
64 26 -2147483648
64 27 -2147483648
64 28 -2147483648
64 29 -2147483648
64 30 0
64 31 0
64 32 0
64 33 0
64 34 0
64 35 0
64 36 -2147483648
64 37 -2147483648
64 38 -2147483648
64 39 -2147483648
64 40 -2147483648
64 41 -2147483648
64 42 -2147483648
64 43 -2147483648
64 44 -2147483648
64 45 -2147483648
64 46 -2147483648
64 47 -2147483648
64 48 0
64 49 0
64 50 -2147483648
64 51 0
64 52 -2147483648
64 53 0
64 54 0
64 55 0
64 56 0
64 57 0
64 58 0
64 59 0
64 60 -2147483648
64 61 -2147483648
64 62 -2147483648
64 63 -2147483648
64 65 -2147483648
64 66 -2147483648
64 67 -2147483648
64 68 -2147483648
64 69 -2147483648
64 70 -2147483648
64 71 -2147483648
64 72 0
64 73 0
64 74 0
64 75 0
64 76 0
64 77 0
64 78 0
64 79 0
64 80 0
64 81 0
64 82 0
64 83 0
64 84 1
64 85 0
64 86 -2147483648
64 87 -2147483648
64 88 -2147483648
64 89 0
65 0 0
65 1 0
65 2 0
65 3 0
65 4 0
65 5 0
65 6 -2147483648
65 7 -2147483648
65 8 -2147483648
65 9 3
65 10 -2147483648
65 11 -2147483648
65 12 0
65 13 0
65 14 0
65 15 0
65 16 0
65 17 0
65 18 -2147483648
65 19 -2147483648
65 20 3
65 21 -2147483648
65 22 -2147483648
65 23 3
65 24 -2147483648
65 25 -2147483648
65 26 -2147483648
65 27 -2147483648
65 28 -2147483648
65 29 -2147483648
65 30 0
65 31 0
65 32 0
65 33 0
65 34 0
65 35 0
65 36 -2147483648
65 37 -2147483648
65 38 -2147483648
65 39 -2147483648
65 40 -2147483648
65 41 3
65 42 0
65 43 3
65 44 -2147483648
65 45 1
65 46 -2147483648
65 47 3
65 48 0
65 49 0
65 50 0
65 51 0
65 52 0
65 53 0
65 54 0
65 55 0
65 56 0
65 57 0
65 58 0
65 59 0
65 60 -2147483648
65 61 -2147483648
65 62 -2147483648
65 63 -2147483648
65 64 -2147483648
65 66 -2147483648
65 67 -2147483648
65 68 0
65 69 -2147483648
65 70 0
65 71 -2147483648
65 72 0
65 73 0
65 74 0
65 75 0
65 76 0
65 77 0
65 78 0
65 79 0
65 80 0
65 81 0
65 82 0
65 83 0
65 84 0
65 85 0
65 86 0
65 87 0
65 88 0
65 89 0
66 0 0
66 1 0
66 2 0
66 3 0
66 4 0
66 5 0
66 6 0
66 7 -2147483648
66 8 -2147483648
66 9 0
66 10 -2147483648
66 11 -2147483648
66 12 -2147483648
66 13 0
66 14 0
66 15 0
66 16 0
66 17 0
66 18 0
66 19 -2147483648
66 20 0
66 21 -2147483648
66 22 -2147483648
66 23 0
66 24 0
66 25 -2147483648
66 26 -2147483648
66 27 -2147483648
66 28 -2147483648
66 29 -2147483648
66 30 0
66 31 0
66 32 0
66 33 0
66 34 0
66 35 0
66 36 0
66 37 -2147483648
66 38 -2147483648
66 39 -2147483648
66 40 -2147483648
66 41 0
66 42 0
66 43 2
66 44 -2147483648
66 45 0
66 46 2
66 47 -2147483648
66 48 0
66 49 0
66 50 0
66 51 0
66 52 0
66 53 0
66 54 0
66 55 0
66 56 0
66 57 0
66 58 0
66 59 0
66 60 -2147483648
66 61 -2147483648
66 62 -2147483648
66 63 -2147483648
66 64 -2147483648
66 65 -2147483648
66 67 -2147483648
66 68 -2147483648
66 69 -2147483648
66 70 -2147483648
66 71 -2147483648
66 72 0
66 73 0
66 74 0
66 75 0
66 76 0
66 77 0
66 78 0
66 79 0
66 80 0
66 81 0
66 82 0
66 83 0
66 84 0
66 85 0
66 86 0
66 87 0
66 88 0
66 89 0
67 0 0
67 1 0
67 2 0
67 3 0
67 4 0
67 5 0
67 6 -2147483648
67 7 -2147483648
67 8 -2147483648
67 9 0
67 10 -2147483648
67 11 -2147483648
67 12 -2147483648
67 13 0
67 14 0
67 15 0
67 16 0
67 17 0
67 18 -2147483648
67 19 -2147483648
67 20 0
67 21 -2147483648
67 22 -2147483648
67 23 0
67 24 -2147483648
67 25 -2147483648
67 26 -2147483648
67 27 -2147483648
67 28 -2147483648
67 29 -2147483648
67 30 0
67 31 0
67 32 0
67 33 0
67 34 0
67 35 0
67 36 -2147483648
67 37 -2147483648
67 38 -2147483648
67 39 -2147483648
67 40 -2147483648
67 41 0
67 42 -2147483648
67 43 -2147483648
67 44 -2147483648
67 45 -2147483648
67 46 -2147483648
67 47 -2147483648
67 48 0
67 49 0
67 50 -2147483648
67 51 0
67 52 0
67 53 0
67 54 0
67 55 0
67 56 0
67 57 0
67 58 0
67 59 0
67 60 -2147483648
67 61 -2147483648
67 62 0
67 63 0
67 64 -2147483648
67 65 -2147483648
67 66 -2147483648
67 68 -2147483648
67 69 -2147483648
67 70 -2147483648
67 71 -2147483648
67 72 0
67 73 0
67 74 0
67 75 0
67 76 0
67 77 0
67 78 0
67 79 0
67 80 0
67 81 0
67 82 0
67 83 0
67 84 0
67 85 0
67 86 0
67 87 0
67 88 0
67 89 0
68 0 0
68 1 0
68 2 0
68 3 0
68 4 0
68 5 0
68 6 -2147483648
68 7 -2147483648
68 8 -2147483648
68 9 -2147483648
68 10 -2147483648
68 11 -2147483648
68 12 -2147483648
68 13 0
68 14 0
68 15 0
68 16 0
68 17 0
68 18 -2147483648
68 19 -2147483648
68 20 0
68 21 -2147483648
68 22 -2147483648
68 23 0
68 24 -2147483648
68 25 -2147483648
68 26 -2147483648
68 27 -2147483648
68 28 -2147483648
68 29 -2147483648
68 30 0
68 31 0
68 32 0
68 33 0
68 34 0
68 35 0
68 36 -2147483648
68 37 -2147483648
68 38 -2147483648
68 39 -2147483648
68 40 -2147483648
68 41 -2147483648
68 42 -2147483648
68 43 -2147483648
68 44 -2147483648
68 45 -2147483648
68 46 -2147483648
68 47 -2147483648
68 48 0
68 49 0
68 50 -2147483648
68 51 0
68 52 0
68 53 0
68 54 0
68 55 0
68 56 0
68 57 0
68 58 0
68 59 0
68 60 -2147483648
68 61 -2147483648
68 62 0
68 63 0
68 64 -2147483648
68 65 0
68 66 -2147483648
68 67 -2147483648
68 69 -2147483648
68 70 -2147483648
68 71 -2147483648
68 72 0
68 73 0
68 74 0
68 75 0
68 76 0
68 77 0
68 78 0
68 79 0
68 80 0
68 81 0
68 82 0
68 83 0
68 84 0
68 85 0
68 86 0
68 87 0
68 88 0
68 89 0
69 0 0
69 1 0
69 2 0
69 3 0
69 4 0
69 5 0
69 6 -2147483648
69 7 -2147483648
69 8 -2147483648
69 9 0
69 10 -2147483648
69 11 -2147483648
69 12 -2147483648
69 13 0
69 14 0
69 15 0
69 16 0
69 17 0
69 18 -2147483648
69 19 -2147483648
69 20 0
69 21 -2147483648
69 22 -2147483648
69 23 0
69 24 -2147483648
69 25 -2147483648
69 26 -2147483648
69 27 -2147483648
69 28 -2147483648
69 29 -2147483648
69 30 0
69 31 0
69 32 0
69 33 0
69 34 0
69 35 0
69 36 -2147483648
69 37 -2147483648
69 38 -2147483648
69 39 -2147483648
69 40 -2147483648
69 41 0
69 42 -2147483648
69 43 -2147483648
69 44 -2147483648
69 45 -2147483648
69 46 -2147483648
69 47 -2147483648
69 48 0
69 49 0
69 50 -2147483648
69 51 0
69 52 -2147483648
69 53 0
69 54 0
69 55 0
69 56 0
69 57 0
69 58 0
69 59 0
69 60 -2147483648
69 61 -2147483648
69 62 0
69 63 0
69 64 -2147483648
69 65 -2147483648
69 66 -2147483648
69 67 -2147483648
69 68 -2147483648
69 70 -2147483648
69 71 -2147483648
69 72 0
69 73 0
69 74 0
69 75 0
69 76 0
69 77 0
69 78 0
69 79 0
69 80 0
69 81 0
69 82 0
69 83 0
69 84 -2147483648
69 85 0
69 86 0
69 87 0
69 88 0
69 89 0
70 0 0
70 1 0
70 2 0
70 3 0
70 4 0
70 5 0
70 6 -2147483648
70 7 -2147483648
70 8 -2147483648
70 9 -2147483648
70 10 -2147483648
70 11 -2147483648
70 12 -2147483648
70 13 0
70 14 0
70 15 0
70 16 0
70 17 0
70 18 -2147483648
70 19 -2147483648
70 20 0
70 21 -2147483648
70 22 -2147483648
70 23 0
70 24 -2147483648
70 25 -2147483648
70 26 -2147483648
70 27 -2147483648
70 28 -2147483648
70 29 -2147483648
70 30 0
70 31 0
70 32 0
70 33 0
70 34 0
70 35 0
70 36 -2147483648
70 37 -2147483648
70 38 -2147483648
70 39 -2147483648
70 40 -2147483648
70 41 -2147483648
70 42 -2147483648
70 43 -2147483648
70 44 -2147483648
70 45 -2147483648
70 46 -2147483648
70 47 -2147483648
70 48 0
70 49 0
70 50 -2147483648
70 51 0
70 52 -2147483648
70 53 0
70 54 0
70 55 0
70 56 0
70 57 0
70 58 0
70 59 0
70 60 -2147483648
70 61 -2147483648
70 62 0
70 63 0
70 64 -2147483648
70 65 0
70 66 -2147483648
70 67 -2147483648
70 68 -2147483648
70 69 -2147483648
70 71 -2147483648
70 72 0
70 73 0
70 74 0
70 75 0
70 76 0
70 77 0
70 78 0
70 79 0
70 80 0
70 81 0
70 82 0
70 83 0
70 84 -2147483648
70 85 0
70 86 0
70 87 0
70 88 0
70 89 0
71 0 0
71 1 0
71 2 0
71 3 0
71 4 0
71 5 0
71 6 0
71 7 0
71 8 0
71 9 0
71 10 0
71 11 0
71 12 -2147483648
71 13 0
71 14 0
71 15 0
71 16 0
71 17 0
71 18 0
71 19 0
71 20 0
71 21 0
71 22 -2147483648
71 23 0
71 24 1
71 25 -2147483648
71 26 -2147483648
71 27 -2147483648
71 28 -2147483648
71 29 -2147483648
71 30 0
71 31 0
71 32 0
71 33 0
71 34 0
71 35 0
71 36 0
71 37 0
71 38 0
71 39 0
71 40 0
71 41 0
71 42 0
71 43 -2147483648
71 44 -2147483648
71 45 0
71 46 -2147483648
71 47 -2147483648
71 48 0
71 49 0
71 50 -2147483648
71 51 0
71 52 0
71 53 0
71 54 0
71 55 0
71 56 0
71 57 0
71 58 0
71 59 0
71 60 -2147483648
71 61 -2147483648
71 62 -2147483648
71 63 4
71 64 -2147483648
71 65 -2147483648
71 66 -2147483648
71 67 -2147483648
71 68 -2147483648
71 69 -2147483648
71 70 -2147483648
71 72 0
71 73 0
71 74 0
71 75 0
71 76 0
71 77 0
71 78 0
71 79 0
71 80 0
71 81 0
71 82 0
71 83 0
71 84 0
71 85 0
71 86 0
71 87 0
71 88 0
71 89 0
72 0 -2147483648
72 1 2
72 2 5
72 3 0
72 4 0
72 5 0
72 6 0
72 7 0
72 8 0
72 9 0
72 10 0
72 11 0
72 12 -2147483648
72 13 0
72 14 0
72 15 0
72 16 0
72 17 0
72 18 0
72 19 0
72 20 0
72 21 0
72 22 0
72 23 0
72 24 0
72 25 1
72 26 0
72 27 0
72 28 0
72 29 2
72 30 0
72 31 0
72 32 0
72 33 0
72 34 0
72 35 2
72 36 0
72 37 1
72 38 0
72 39 0
72 40 0
72 41 0
72 42 0
72 43 0
72 44 0
72 45 0
72 46 0
72 47 0
72 48 1
72 49 0
72 50 -2147483648
72 51 -2147483648
72 52 0
72 53 0
72 54 0
72 55 0
72 56 0
72 57 0
72 58 0
72 59 0
72 60 0
72 61 0
72 62 0
72 63 0
72 64 0
72 65 0
72 66 0
72 67 0
72 68 0
72 69 0
72 70 0
72 71 0
72 73 -2147483648
72 74 -2147483648
72 75 -2147483648
72 76 -2147483648
72 77 -2147483648
72 78 0
72 79 0
72 80 -2147483648
72 81 0
72 82 2
72 83 -2147483648
72 84 -2147483648
72 85 1
72 86 1
72 87 1
72 88 1
72 89 -2147483648
73 0 -2147483648
73 1 -2147483648
73 2 -2147483648
73 3 -2147483648
73 4 7
73 5 -2147483648
73 6 0
73 7 0
73 8 0
73 9 0
73 10 0
73 11 0
73 12 -2147483648
73 13 -2147483648
73 14 -2147483648
73 15 -2147483648
73 16 -2147483648
73 17 -2147483648
73 18 0
73 19 0
73 20 0
73 21 0
73 22 0
73 23 0
73 24 0
73 25 0
73 26 0
73 27 0
73 28 0
73 29 0
73 30 -2147483648
73 31 -2147483648
73 32 -2147483648
73 33 -2147483648
73 34 4
73 35 -2147483648
73 36 0
73 37 0
73 38 0
73 39 0
73 40 0
73 41 0
73 42 0
73 43 0
73 44 0
73 45 0
73 46 0
73 47 0
73 48 -2147483648
73 49 -2147483648
73 50 -2147483648
73 51 -2147483648
73 52 -2147483648
73 53 -2147483648
73 54 0
73 55 0
73 56 0
73 57 0
73 58 0
73 59 -2147483648
73 60 0
73 61 0
73 62 0
73 63 0
73 64 0
73 65 0
73 66 0
73 67 0
73 68 0
73 69 0
73 70 0
73 71 0
73 72 -2147483648
73 74 -2147483648
73 75 -2147483648
73 76 -2147483648
73 77 -2147483648
73 78 -2147483648
73 79 -2147483648
73 80 -2147483648
73 81 -2147483648
73 82 -2147483648
73 83 -2147483648
73 84 0
73 85 0
73 86 0
73 87 0
73 88 -2147483648
73 89 3
74 0 -2147483648
74 1 -2147483648
74 2 -2147483648
74 3 -2147483648
74 4 -2147483648
74 5 -2147483648
74 6 0
74 7 0
74 8 0
74 9 0
74 10 0
74 11 0
74 12 -2147483648
74 13 4
74 14 4
74 15 -2147483648
74 16 -2147483648
74 17 -2147483648
74 18 0
74 19 0
74 20 0
74 21 0
74 22 0
74 23 0
74 24 0
74 25 0
74 26 0
74 27 0
74 28 0
74 29 0
74 30 -2147483648
74 31 -2147483648
74 32 -2147483648
74 33 -2147483648
74 34 -2147483648
74 35 -2147483648
74 36 0
74 37 0
74 38 0
74 39 0
74 40 0
74 41 0
74 42 0
74 43 0
74 44 0
74 45 0
74 46 0
74 47 0
74 48 -2147483648
74 49 4
74 50 -2147483648
74 51 -2147483648
74 52 4
74 53 -2147483648
74 54 0
74 55 0
74 56 0
74 57 0
74 58 -2147483648
74 59 -2147483648
74 60 0
74 61 0
74 62 0
74 63 0
74 64 0
74 65 0
74 66 0
74 67 0
74 68 0
74 69 0
74 70 0
74 71 0
74 72 -2147483648
74 73 -2147483648
74 75 -2147483648
74 76 -2147483648
74 77 -2147483648
74 78 1
74 79 -2147483648
74 80 -2147483648
74 81 -2147483648
74 82 -2147483648
74 83 -2147483648
74 84 0
74 85 0
74 86 0
74 87 0
74 88 -2147483648
74 89 2
75 0 -2147483648
75 1 -2147483648
75 2 -2147483648
75 3 -2147483648
75 4 -2147483648
75 5 -2147483648
75 6 0
75 7 0
75 8 0
75 9 0
75 10 0
75 11 0
75 12 -2147483648
75 13 -2147483648
75 14 -2147483648
75 15 -2147483648
75 16 -2147483648
75 17 -2147483648
75 18 0
75 19 0
75 20 0
75 21 0
75 22 0
75 23 0
75 24 0
75 25 0
75 26 0
75 27 0
75 28 0
75 29 0
75 30 -2147483648
75 31 -2147483648
75 32 -2147483648
75 33 -2147483648
75 34 4
75 35 -2147483648
75 36 0
75 37 0
75 38 0
75 39 0
75 40 0
75 41 0
75 42 0
75 43 0
75 44 0
75 45 0
75 46 0
75 47 0
75 48 -2147483648
75 49 -2147483648
75 50 -2147483648
75 51 -2147483648
75 52 -2147483648
75 53 -2147483648
75 54 0
75 55 0
75 56 0
75 57 0
75 58 0
75 59 -2147483648
75 60 0
75 61 0
75 62 0
75 63 0
75 64 0
75 65 0
75 66 0
75 67 0
75 68 0
75 69 0
75 70 0
75 71 0
75 72 -2147483648
75 73 -2147483648
75 74 -2147483648
75 76 -2147483648
75 77 -2147483648
75 78 -2147483648
75 79 -2147483648
75 80 -2147483648
75 81 -2147483648
75 82 -2147483648
75 83 -2147483648
75 84 0
75 85 0
75 86 0
75 87 0
75 88 -2147483648
75 89 3
76 0 -2147483648
76 1 -2147483648
76 2 -2147483648
76 3 -2147483648
76 4 -2147483648
76 5 -2147483648
76 6 0
76 7 0
76 8 0
76 9 0
76 10 0
76 11 0
76 12 -2147483648
76 13 4
76 14 4
76 15 -2147483648
76 16 -2147483648
76 17 -2147483648
76 18 0
76 19 0
76 20 0
76 21 0
76 22 0
76 23 0
76 24 0
76 25 0
76 26 0
76 27 0
76 28 0
76 29 0
76 30 -2147483648
76 31 -2147483648
76 32 -2147483648
76 33 -2147483648
76 34 -2147483648
76 35 -2147483648
76 36 0
76 37 0
76 38 0
76 39 0
76 40 0
76 41 0
76 42 0
76 43 0
76 44 0
76 45 0
76 46 0
76 47 0
76 48 -2147483648
76 49 4
76 50 -2147483648
76 51 -2147483648
76 52 4
76 53 -2147483648
76 54 0
76 55 0
76 56 0
76 57 0
76 58 -2147483648
76 59 -2147483648
76 60 0
76 61 0
76 62 0
76 63 0
76 64 0
76 65 0
76 66 0
76 67 0
76 68 0
76 69 0
76 70 0
76 71 0
76 72 -2147483648
76 73 -2147483648
76 74 -2147483648
76 75 -2147483648
76 77 -2147483648
76 78 1
76 79 -2147483648
76 80 -2147483648
76 81 -2147483648
76 82 -2147483648
76 83 -2147483648
76 84 0
76 85 0
76 86 0
76 87 0
76 88 -2147483648
76 89 2
77 0 -2147483648
77 1 -2147483648
77 2 -2147483648
77 3 -2147483648
77 4 -2147483648
77 5 -2147483648
77 6 0
77 7 0
77 8 0
77 9 0
77 10 -2147483648
77 11 -2147483648
77 12 -2147483648
77 13 -2147483648
77 14 -2147483648
77 15 -2147483648
77 16 -2147483648
77 17 -2147483648
77 18 0
77 19 0
77 20 0
77 21 0
77 22 0
77 23 -2147483648
77 24 0
77 25 0
77 26 0
77 27 0
77 28 0
77 29 0
77 30 -2147483648
77 31 -2147483648
77 32 -2147483648
77 33 -2147483648
77 34 -2147483648
77 35 -2147483648
77 36 -2147483648
77 37 -2147483648
77 38 -2147483648
77 39 -2147483648
77 40 -2147483648
77 41 -2147483648
77 42 0
77 43 0
77 44 0
77 45 0
77 46 0
77 47 0
77 48 -2147483648
77 49 -2147483648
77 50 -2147483648
77 51 -2147483648
77 52 -2147483648
77 53 -2147483648
77 54 -2147483648
77 55 -2147483648
77 56 -2147483648
77 57 -2147483648
77 58 -2147483648
77 59 -2147483648
77 60 0
77 61 0
77 62 0
77 63 0
77 64 0
77 65 0
77 66 0
77 67 0
77 68 0
77 69 0
77 70 0
77 71 0
77 72 -2147483648
77 73 -2147483648
77 74 -2147483648
77 75 -2147483648
77 76 -2147483648
77 78 -2147483648
77 79 -2147483648
77 80 -2147483648
77 81 -2147483648
77 82 -2147483648
77 83 -2147483648
77 84 0
77 85 0
77 86 -2147483648
77 87 -2147483648
77 88 -2147483648
77 89 -2147483648
78 0 1
78 1 -2147483648
78 2 0
78 3 -2147483648
78 4 -2147483648
78 5 -2147483648
78 6 0
78 7 0
78 8 0
78 9 0
78 10 0
78 11 0
78 12 -2147483648
78 13 1
78 14 1
78 15 1
78 16 1
78 17 1
78 18 0
78 19 0
78 20 0
78 21 0
78 22 0
78 23 0
78 24 0
78 25 0
78 26 0
78 27 0
78 28 0
78 29 0
78 30 1
78 31 -2147483648
78 32 -2147483648
78 33 -2147483648
78 34 -2147483648
78 35 -2147483648
78 36 0
78 37 0
78 38 0
78 39 0
78 40 0
78 41 0
78 42 0
78 43 0
78 44 0
78 45 0
78 46 0
78 47 0
78 48 -2147483648
78 49 1
78 50 -2147483648
78 51 -2147483648
78 52 1
78 53 1
78 54 0
78 55 0
78 56 0
78 57 0
78 58 0
78 59 0
78 60 0
78 61 0
78 62 0
78 63 0
78 64 0
78 65 0
78 66 0
78 67 0
78 68 0
78 69 0
78 70 0
78 71 0
78 72 0
78 73 -2147483648
78 74 1
78 75 -2147483648
78 76 1
78 77 -2147483648
78 79 -2147483648
78 80 -2147483648
78 81 -2147483648
78 82 -2147483648
78 83 -2147483648
78 84 0
78 85 0
78 86 0
78 87 0
78 88 0
78 89 0
79 0 -2147483648
79 1 -2147483648
79 2 0
79 3 -2147483648
79 4 -2147483648
79 5 3
79 6 0
79 7 0
79 8 0
79 9 0
79 10 0
79 11 0
79 12 -2147483648
79 13 -2147483648
79 14 -2147483648
79 15 -2147483648
79 16 -2147483648
79 17 -2147483648
79 18 0
79 19 0
79 20 0
79 21 0
79 22 0
79 23 0
79 24 0
79 25 0
79 26 0
79 27 0
79 28 0
79 29 0
79 30 -2147483648
79 31 -2147483648
79 32 3
79 33 -2147483648
79 34 -2147483648
79 35 -2147483648
79 36 0
79 37 0
79 38 0
79 39 0
79 40 0
79 41 0
79 42 0
79 43 0
79 44 0
79 45 0
79 46 0
79 47 0
79 48 -2147483648
79 49 -2147483648
79 50 -2147483648
79 51 -2147483648
79 52 -2147483648
79 53 -2147483648
79 54 0
79 55 0
79 56 0
79 57 0
79 58 0
79 59 1
79 60 0
79 61 0
79 62 0
79 63 0
79 64 0
79 65 0
79 66 0
79 67 0
79 68 0
79 69 0
79 70 0
79 71 0
79 72 0
79 73 -2147483648
79 74 -2147483648
79 75 -2147483648
79 76 -2147483648
79 77 -2147483648
79 78 -2147483648
79 80 -2147483648
79 81 -2147483648
79 82 -2147483648
79 83 -2147483648
79 84 0
79 85 0
79 86 0
79 87 0
79 88 0
79 89 -2147483648
80 0 -2147483648
80 1 -2147483648
80 2 -2147483648
80 3 -2147483648
80 4 -2147483648
80 5 -2147483648
80 6 0
80 7 0
80 8 0
80 9 0
80 10 0
80 11 0
80 12 -2147483648
80 13 -2147483648
80 14 -2147483648
80 15 -2147483648
80 16 -2147483648
80 17 -2147483648
80 18 0
80 19 0
80 20 0
80 21 0
80 22 0
80 23 0
80 24 0
80 25 0
80 26 0
80 27 0
80 28 0
80 29 0
80 30 -2147483648
80 31 -2147483648
80 32 -2147483648
80 33 -2147483648
80 34 -2147483648
80 35 -2147483648
80 36 0
80 37 0
80 38 0
80 39 0
80 40 0
80 41 0
80 42 0
80 43 0
80 44 0
80 45 0
80 46 0
80 47 0
80 48 -2147483648
80 49 -2147483648
80 50 -2147483648
80 51 -2147483648
80 52 -2147483648
80 53 -2147483648
80 54 0
80 55 0
80 56 0
80 57 0
80 58 0
80 59 1
80 60 0
80 61 0
80 62 0
80 63 0
80 64 0
80 65 0
80 66 0
80 67 0
80 68 0
80 69 0
80 70 0
80 71 0
80 72 -2147483648
80 73 -2147483648
80 74 -2147483648
80 75 -2147483648
80 76 -2147483648
80 77 -2147483648
80 78 -2147483648
80 79 -2147483648
80 81 -2147483648
80 82 -2147483648
80 83 -2147483648
80 84 0
80 85 0
80 86 0
80 87 0
80 88 0
80 89 -2147483648
81 0 -2147483648
81 1 -2147483648
81 2 0
81 3 -2147483648
81 4 -2147483648
81 5 -2147483648
81 6 0
81 7 0
81 8 0
81 9 0
81 10 0
81 11 0
81 12 -2147483648
81 13 -2147483648
81 14 -2147483648
81 15 -2147483648
81 16 -2147483648
81 17 -2147483648
81 18 0
81 19 0
81 20 0
81 21 0
81 22 0
81 23 0
81 24 0
81 25 0
81 26 0
81 27 0
81 28 0
81 29 0
81 30 -2147483648
81 31 5
81 32 -2147483648
81 33 -2147483648
81 34 -2147483648
81 35 -2147483648
81 36 1
81 37 0
81 38 0
81 39 0
81 40 0
81 41 0
81 42 0
81 43 0
81 44 0
81 45 0
81 46 0
81 47 0
81 48 -2147483648
81 49 -2147483648
81 50 -2147483648
81 51 -2147483648
81 52 -2147483648
81 53 -2147483648
81 54 -2147483648
81 55 -2147483648
81 56 -2147483648
81 57 -2147483648
81 58 3
81 59 -2147483648
81 60 0
81 61 0
81 62 0
81 63 0
81 64 0
81 65 0
81 66 0
81 67 0
81 68 0
81 69 0
81 70 0
81 71 0
81 72 0
81 73 -2147483648
81 74 -2147483648
81 75 -2147483648
81 76 -2147483648
81 77 -2147483648
81 78 -2147483648
81 79 -2147483648
81 80 -2147483648
81 82 -2147483648
81 83 -2147483648
81 84 0
81 85 0
81 86 0
81 87 0
81 88 -2147483648
81 89 -2147483648
82 0 -2147483648
82 1 -2147483648
82 2 -2147483648
82 3 -2147483648
82 4 -2147483648
82 5 -2147483648
82 6 0
82 7 0
82 8 0
82 9 0
82 10 0
82 11 0
82 12 -2147483648
82 13 -2147483648
82 14 -2147483648
82 15 -2147483648
82 16 -2147483648
82 17 -2147483648
82 18 0
82 19 0
82 20 0
82 21 0
82 22 0
82 23 0
82 24 0
82 25 -2147483648
82 26 0
82 27 0
82 28 -2147483648
82 29 -2147483648
82 30 -2147483648
82 31 -2147483648
82 32 -2147483648
82 33 -2147483648
82 34 -2147483648
82 35 -2147483648
82 36 0
82 37 -2147483648
82 38 0
82 39 0
82 40 -2147483648
82 41 0
82 42 0
82 43 0
82 44 0
82 45 0
82 46 0
82 47 0
82 48 3
82 49 -2147483648
82 50 -2147483648
82 51 -2147483648
82 52 -2147483648
82 53 -2147483648
82 54 0
82 55 0
82 56 0
82 57 0
82 58 0
82 59 2
82 60 0
82 61 0
82 62 0
82 63 0
82 64 0
82 65 0
82 66 0
82 67 0
82 68 0
82 69 0
82 70 0
82 71 0
82 72 2
82 73 -2147483648
82 74 -2147483648
82 75 -2147483648
82 76 -2147483648
82 77 -2147483648
82 78 -2147483648
82 79 -2147483648
82 80 -2147483648
82 81 -2147483648
82 83 -2147483648
82 84 -2147483648
82 85 -2147483648
82 86 -2147483648
82 87 -2147483648
82 88 -2147483648
82 89 -2147483648
83 0 -2147483648
83 1 -2147483648
83 2 -2147483648
83 3 -2147483648
83 4 -2147483648
83 5 -2147483648
83 6 0
83 7 0
83 8 0
83 9 0
83 10 0
83 11 0
83 12 -2147483648
83 13 -2147483648
83 14 -2147483648
83 15 -2147483648
83 16 -2147483648
83 17 -2147483648
83 18 0
83 19 0
83 20 0
83 21 0
83 22 0
83 23 0
83 24 0
83 25 0
83 26 0
83 27 0
83 28 0
83 29 -2147483648
83 30 -2147483648
83 31 -2147483648
83 32 -2147483648
83 33 -2147483648
83 34 -2147483648
83 35 -2147483648
83 36 0
83 37 0
83 38 0
83 39 0
83 40 0
83 41 0
83 42 0
83 43 0
83 44 0
83 45 0
83 46 0
83 47 0
83 48 -2147483648
83 49 -2147483648
83 50 -2147483648
83 51 -2147483648
83 52 -2147483648
83 53 -2147483648
83 54 0
83 55 0
83 56 0
83 57 0
83 58 0
83 59 1
83 60 0
83 61 0
83 62 0
83 63 0
83 64 0
83 65 0
83 66 0
83 67 0
83 68 0
83 69 0
83 70 0
83 71 0
83 72 -2147483648
83 73 -2147483648
83 74 -2147483648
83 75 -2147483648
83 76 -2147483648
83 77 -2147483648
83 78 -2147483648
83 79 -2147483648
83 80 -2147483648
83 81 -2147483648
83 82 -2147483648
83 84 0
83 85 0
83 86 0
83 87 0
83 88 0
83 89 -2147483648
84 0 0
84 1 -2147483648
84 2 -2147483648
84 3 0
84 4 0
84 5 0
84 6 0
84 7 0
84 8 1
84 9 0
84 10 0
84 11 1
84 12 0
84 13 0
84 14 0
84 15 0
84 16 0
84 17 0
84 18 0
84 19 1
84 20 0
84 21 0
84 22 1
84 23 0
84 24 0
84 25 -2147483648
84 26 1
84 27 0
84 28 1
84 29 -2147483648
84 30 0
84 31 0
84 32 0
84 33 0
84 34 0
84 35 -2147483648
84 36 0
84 37 -2147483648
84 38 1
84 39 0
84 40 1
84 41 0
84 42 -2147483648
84 43 -2147483648
84 44 -2147483648
84 45 1
84 46 -2147483648
84 47 -2147483648
84 48 0
84 49 0
84 50 -2147483648
84 51 0
84 52 -2147483648
84 53 0
84 54 0
84 55 0
84 56 0
84 57 0
84 58 0
84 59 0
84 60 0
84 61 0
84 62 0
84 63 0
84 64 1
84 65 0
84 66 0
84 67 0
84 68 0
84 69 -2147483648
84 70 -2147483648
84 71 0
84 72 -2147483648
84 73 0
84 74 0
84 75 0
84 76 0
84 77 0
84 78 0
84 79 0
84 80 0
84 81 0
84 82 -2147483648
84 83 0
84 85 -2147483648
84 86 -2147483648
84 87 -2147483648
84 88 -2147483648
84 89 -2147483648
85 0 0
85 1 -2147483648
85 2 -2147483648
85 3 0
85 4 -2147483648
85 5 0
85 6 0
85 7 0
85 8 0
85 9 0
85 10 0
85 11 0
85 12 0
85 13 1
85 14 -2147483648
85 15 0
85 16 0
85 17 0
85 18 0
85 19 0
85 20 0
85 21 0
85 22 0
85 23 0
85 24 0
85 25 -2147483648
85 26 0
85 27 0
85 28 -2147483648
85 29 -2147483648
85 30 0
85 31 0
85 32 0
85 33 0
85 34 -2147483648
85 35 -2147483648
85 36 0
85 37 -2147483648
85 38 0
85 39 0
85 40 -2147483648
85 41 0
85 42 0
85 43 0
85 44 0
85 45 0
85 46 0
85 47 0
85 48 0
85 49 -2147483648
85 50 0
85 51 -2147483648
85 52 1
85 53 -2147483648
85 54 0
85 55 0
85 56 0
85 57 0
85 58 0
85 59 0
85 60 0
85 61 0
85 62 0
85 63 0
85 64 0
85 65 0
85 66 0
85 67 0
85 68 0
85 69 0
85 70 0
85 71 0
85 72 1
85 73 0
85 74 0
85 75 0
85 76 0
85 77 0
85 78 0
85 79 0
85 80 0
85 81 0
85 82 -2147483648
85 83 0
85 84 -2147483648
85 86 -2147483648
85 87 -2147483648
85 88 -2147483648
85 89 -2147483648
86 0 0
86 1 -2147483648
86 2 -2147483648
86 3 -2147483648
86 4 -2147483648
86 5 0
86 6 0
86 7 -2147483648
86 8 -2147483648
86 9 -2147483648
86 10 -2147483648
86 11 -2147483648
86 12 0
86 13 -2147483648
86 14 -2147483648
86 15 -2147483648
86 16 -2147483648
86 17 -2147483648
86 18 0
86 19 0
86 20 0
86 21 0
86 22 0
86 23 1
86 24 0
86 25 2
86 26 -2147483648
86 27 -2147483648
86 28 1
86 29 2
86 30 0
86 31 0
86 32 0
86 33 -2147483648
86 34 -2147483648
86 35 -2147483648
86 36 -2147483648
86 37 -2147483648
86 38 -2147483648
86 39 -2147483648
86 40 -2147483648
86 41 -2147483648
86 42 0
86 43 0
86 44 0
86 45 -2147483648
86 46 0
86 47 0
86 48 0
86 49 -2147483648
86 50 0
86 51 -2147483648
86 52 -2147483648
86 53 -2147483648
86 54 -2147483648
86 55 0
86 56 0
86 57 0
86 58 0
86 59 0
86 60 0
86 61 0
86 62 0
86 63 0
86 64 -2147483648
86 65 0
86 66 0
86 67 0
86 68 0
86 69 0
86 70 0
86 71 0
86 72 1
86 73 0
86 74 0
86 75 0
86 76 0
86 77 -2147483648
86 78 0
86 79 0
86 80 0
86 81 0
86 82 -2147483648
86 83 0
86 84 -2147483648
86 85 -2147483648
86 87 -2147483648
86 88 -2147483648
86 89 -2147483648
87 0 0
87 1 -2147483648
87 2 -2147483648
87 3 -2147483648
87 4 -2147483648
87 5 0
87 6 0
87 7 -2147483648
87 8 -2147483648
87 9 -2147483648
87 10 -2147483648
87 11 -2147483648
87 12 0
87 13 -2147483648
87 14 -2147483648
87 15 -2147483648
87 16 -2147483648
87 17 -2147483648
87 18 0
87 19 0
87 20 1
87 21 1
87 22 0
87 23 -2147483648
87 24 -2147483648
87 25 2
87 26 -2147483648
87 27 -2147483648
87 28 1
87 29 2
87 30 0
87 31 0
87 32 0
87 33 -2147483648
87 34 -2147483648
87 35 -2147483648
87 36 -2147483648
87 37 -2147483648
87 38 -2147483648
87 39 -2147483648
87 40 -2147483648
87 41 -2147483648
87 42 0
87 43 0
87 44 0
87 45 -2147483648
87 46 0
87 47 0
87 48 0
87 49 -2147483648
87 50 0
87 51 -2147483648
87 52 -2147483648
87 53 -2147483648
87 54 -2147483648
87 55 0
87 56 0
87 57 0
87 58 0
87 59 0
87 60 0
87 61 0
87 62 0
87 63 0
87 64 -2147483648
87 65 0
87 66 0
87 67 0
87 68 0
87 69 0
87 70 0
87 71 0
87 72 1
87 73 0
87 74 0
87 75 0
87 76 0
87 77 -2147483648
87 78 0
87 79 0
87 80 0
87 81 0
87 82 -2147483648
87 83 0
87 84 -2147483648
87 85 -2147483648
87 86 -2147483648
87 88 -2147483648
87 89 -2147483648
88 0 0
88 1 -2147483648
88 2 -2147483648
88 3 -2147483648
88 4 -2147483648
88 5 0
88 6 0
88 7 -2147483648
88 8 -2147483648
88 9 -2147483648
88 10 -2147483648
88 11 -2147483648
88 12 0
88 13 -2147483648
88 14 -2147483648
88 15 -2147483648
88 16 -2147483648
88 17 -2147483648
88 18 0
88 19 0
88 20 0
88 21 0
88 22 0
88 23 1
88 24 0
88 25 -2147483648
88 26 -2147483648
88 27 -2147483648
88 28 -2147483648
88 29 -2147483648
88 30 0
88 31 -2147483648
88 32 0
88 33 -2147483648
88 34 -2147483648
88 35 -2147483648
88 36 -2147483648
88 37 -2147483648
88 38 -2147483648
88 39 -2147483648
88 40 -2147483648
88 41 -2147483648
88 42 0
88 43 0
88 44 0
88 45 -2147483648
88 46 0
88 47 0
88 48 0
88 49 -2147483648
88 50 0
88 51 -2147483648
88 52 -2147483648
88 53 -2147483648
88 54 -2147483648
88 55 -2147483648
88 56 -2147483648
88 57 -2147483648
88 58 -2147483648
88 59 -2147483648
88 60 0
88 61 0
88 62 0
88 63 0
88 64 -2147483648
88 65 0
88 66 0
88 67 0
88 68 0
88 69 0
88 70 0
88 71 0
88 72 1
88 73 -2147483648
88 74 -2147483648
88 75 -2147483648
88 76 -2147483648
88 77 -2147483648
88 78 0
88 79 0
88 80 0
88 81 -2147483648
88 82 -2147483648
88 83 0
88 84 -2147483648
88 85 -2147483648
88 86 -2147483648
88 87 -2147483648
88 89 -2147483648
89 0 0
89 1 -2147483648
89 2 -2147483648
89 3 -2147483648
89 4 -2147483648
89 5 -2147483648
89 6 0
89 7 0
89 8 0
89 9 0
89 10 0
89 11 0
89 12 -2147483648
89 13 3
89 14 -2147483648
89 15 -2147483648
89 16 0
89 17 0
89 18 0
89 19 0
89 20 0
89 21 0
89 22 0
89 23 0
89 24 0
89 25 -2147483648
89 26 0
89 27 0
89 28 -2147483648
89 29 -2147483648
89 30 0
89 31 -2147483648
89 32 -2147483648
89 33 -2147483648
89 34 -2147483648
89 35 -2147483648
89 36 0
89 37 -2147483648
89 38 0
89 39 0
89 40 -2147483648
89 41 0
89 42 0
89 43 0
89 44 0
89 45 0
89 46 0
89 47 0
89 48 -2147483648
89 49 -2147483648
89 50 -2147483648
89 51 -2147483648
89 52 3
89 53 -2147483648
89 54 0
89 55 0
89 56 0
89 57 0
89 58 0
89 59 -2147483648
89 60 0
89 61 0
89 62 0
89 63 0
89 64 0
89 65 0
89 66 0
89 67 0
89 68 0
89 69 0
89 70 0
89 71 0
89 72 -2147483648
89 73 3
89 74 2
89 75 3
89 76 2
89 77 -2147483648
89 78 0
89 79 -2147483648
89 80 -2147483648
89 81 -2147483648
89 82 -2147483648
89 83 -2147483648
89 84 -2147483648
89 85 -2147483648
89 86 -2147483648
89 87 -2147483648
89 88 -2147483648
