10 11 8 7 14 33 32 31 38 43 45 46 
9 10 11 8 7 14 33 32 31 38 43 45 46 
21 19 18 16 31 38 
23 24 25 41 40 39 38 37 36 35 
1 23 24 25 41 40 39 38 37 36 35 
4 17 20 3 2 1 23 24 
13 14 33 32 37 36 35 34 
10 11 8 13 14 15 16 18 19 21 22 
10 11 8 13 14 15 16 18 19 21 
2 3 20 19 21 
9 10 11 12 13 14 15 16 31 38 37 36 42 
12 11 8 7 14 33 32 31 38 39 40 41 25 
19 27 40 41 25 26 
10 11 12 13 14 15 16 18 19 21 24 25 41 
23 22 21 20 17 15 14 13 34 42 44 45 
27 28 29 38 37 32 33 34 42 44 
3 20 17 15 14 33 34 13 8 11 10 9 
9 10 11 12 13 14 33 32 37 38 31 
15 14 33 32 37 38 
18 30 31 32 37 38 
11 12 13 14 15 16 18 19 21 26 27 
2 3 4 17 15 14 13 34 42 44 46 
13 8 7 6 15 16 18 19 27 26 
3 2 22 21 19 27 26 24 
24 25 41 40 27 28 29 38 43 36 
13 14 33 32 37 38 43 36 
4 17 15 14 33 32 
11 12 13 14 33 34 35 36 43 45 
20 19 18 30 29 38 37 36 43 
11 12 13 14 33 32 37 38 29 30 
10 11 12 13 14 33 32 37 38 29 
24 25 41 40 39 38 29 
20 19 27 28 29 30 
26 24 21 20 17 15 14 13 34 35 
24 21 20 17 15 14 13 34 35 
29 30 31 32 33 14 13 34 35 
20 19 18 30 29 39 38 37 36 43 
6 5 4 3 20 21 24 26 25 41 
10 11 8 7 6 15 14 33 34 13 
2 22 21 20 17 15 14 13 8 7 
5 6 15 16 18 19 21 24 25 41 
8 13 14 15 16 18 19 21 26 27 
6 7 14 15 16 31 38 29 28 
18 30 29 28 27 26 25 41 
5 4 17 15 14 13 8 7 6 
3 4 17 15 14 13 34 42 44 
39 29 30 31 32 33 34 42 
38 31 32 33 34 42 
4 17 15 14 13 8 7 6 5 
4 17 15 14 13 8 7 6 
16 31 38 39 40 27 26 25 41 
8 7 6 15 14 33 34 13 12 
7 14 15 16 31 38 37 36 42 
5 4 17 18 30 29 39 38 37 
34 35 36 43 38 37 
7 14 15 16 31 38 37 36 35 
3 4 17 15 14 13 34 42 44 
32 33 34 42 
30 29 38 37 36 42 44 45 
39 29 28 27 19 21 24 25 41 
7 14 15 17 20 19 27 40 39 
15 16 18 30 29 38 43 36 
33 32 31 30 29 38 43 
22 21 19 18 30 29 
6 15 16 31 38 43 36 37 
14 33 32 31 38 43 36 
24 25 41 40 27 28 29 39 
13 14 15 17 20 19 27 28 
21 19 27 
13 8 7 6 15 17 18 16 
24 21 19 18 16 31 
17 18 16 31 38 37 36 35 
14 33 32 37 36 43 45 46 
34 33 32 37 36 43 45 46 
3 2 22 21 24 25 41 40 
3 2 22 21 24 25 41 
7 6 15 16 31 38 37 32 
18 30 31 38 43 36 37 32 
17 18 16 31 38 37 36 35 
7 14 33 32 37 36 35 34 
8 7 14 33 34 13 12 11 
30 29 38 43 36 42 34 35 
16 15 17 20 19 27 26 25 
39 29 38 37 36 42 44 43 
23 24 26 27 28 29 38 31 
18 19 21 26 27 40 39 
17 18 19 21 26 25 24 
7 6 15 17 18 
1 2 3 20 21 26 24 
2 3 20 21 26 24 
16 15 14 33 32 31 30 
7 14 33 32 31 30 18 
16 15 14 13 34 33 32 
13 34 33 32 37 38 29 
20 21 26 24 25 41 
27 26 24 25 41 
36 42 34 33 32 37 
29 38 37 36 42 34 33 
37 32 33 34 35 36 43 
14 15 16 31 38 37 32 
30 18 19 21 26 27 40 
10 11 12 13 14 33 34 35 36 43 45 46 
11 12 13 14 33 34 35 36 43 45 
13 8 7 6 15 16 18 19 27 26 
12 11 8 7 6 15 16 18 19 27 26 25 
10 11 12 13 14 33 34 35 36 43 45 46 
11 12 13 14 33 34 35 36 43 45 
3 4 17 15 14 13 34 42 44 
2 3 4 17 15 14 13 34 42 44 46 
10 11 12 13 14 15 16 18 19 21 
11 12 13 14 15 16 18 19 21 26 27 
13 8 7 6 15 16 18 19 27 26 
12 11 8 7 6 15 16 18 19 27 26 25 
11 12 13 14 33 32 37 38 29 30 
10 11 12 13 14 33 32 37 38 29 
3 4 17 15 14 13 34 42 44 
2 3 4 17 15 14 13 34 42 44 46 
24 26 27 40 39 38 37 36 
23 24 26 27 40 39 38 37 36 35 
10 11 12 13 14 15 16 18 19 21 
11 12 13 14 15 16 18 19 21 26 27 
10 9 8 7 6 15 17 20 19 27 40 41 
8 7 6 15 17 20 19 27 
11 12 13 14 33 32 37 38 29 30 
10 11 12 13 14 33 32 37 38 29 
23 22 21 20 17 15 14 13 34 42 44 45 
3 4 17 15 14 13 34 42 44 
24 26 27 40 39 38 37 36 
23 24 26 27 40 39 38 37 36 35 
15 17 20 19 27 40 39 38 
7 14 15 17 20 19 27 40 39 
10 9 8 7 6 15 17 20 19 27 40 41 
8 7 6 15 17 20 19 27 
27 28 29 38 37 36 43 45 44 
20 19 27 28 29 38 37 36 43 
23 22 21 20 17 15 14 13 34 42 44 45 
3 4 17 15 14 13 34 42 44 
6 5 4 3 2 1 23 24 25 41 
3 2 1 23 24 25 41 40 
15 17 20 19 27 40 39 38 
7 14 15 17 20 19 27 40 39 
18 19 21 26 27 40 39 
30 18 19 21 26 27 40 
27 28 29 38 37 36 43 45 44 
20 19 27 28 29 38 37 36 43 
9 10 11 12 13 14 33 32 37 36 42 
13 14 33 32 37 36 
6 5 4 3 2 1 23 24 25 41 
3 2 1 23 24 25 41 40 
15 16 31 38 37 36 
7 14 15 16 31 38 37 36 42 
6 15 16 31 38 37 
7 6 15 16 31 38 37 32 
6 15 16 31 38 37 
7 6 15 16 31 38 37 32 
7 14 33 32 31 16 18 
13 8 7 14 33 32 31 16 
7 14 33 32 31 16 18 
13 8 7 14 33 32 31 16 
5 4 17 15 14 7 6 
4 17 15 14 7 6 5 
5 4 17 15 14 7 6 
4 17 15 14 7 6 5 
18 19 21 26 27 40 39 
30 18 19 21 26 27 40 
17 18 16 31 38 37 36 35 
5 4 17 18 16 31 38 37 
9 10 11 12 13 14 33 32 37 36 42 
13 14 33 32 37 36 
13 14 33 32 37 36 35 34 
7 14 33 32 37 36 35 
15 16 31 38 37 36 
7 14 15 16 31 38 37 36 42 
8 7 14 33 34 13 12 
10 11 8 7 14 33 34 13 
17 18 16 31 38 37 36 35 
5 4 17 18 16 31 38 37 
8 7 14 33 34 13 12 11 
3 20 17 15 14 33 34 13 12 11 10 9 
13 14 33 32 37 36 35 34 
7 14 33 32 37 36 35 
5 6 15 17 20 21 26 25 41 
16 15 17 20 21 26 25 
36 43 38 31 32 37 
39 29 38 31 32 37 36 43 
8 7 14 33 34 13 12 
10 11 8 7 14 33 34 13 
29 30 31 32 33 
39 29 30 31 32 33 34 42 
8 7 14 33 34 13 12 11 
3 20 17 15 14 33 34 13 12 11 10 9 
6 7 14 33 32 31 38 29 28 
13 34 33 32 31 38 29 
5 6 15 17 20 21 26 25 41 
16 15 17 20 21 26 25 
24 26 27 40 39 
1 23 24 26 27 40 39 38 43 36 35 
6 7 14 33 32 31 38 29 28 
13 34 33 32 31 38 29 
13 34 33 32 31 30 29 28 
9 10 11 12 13 34 33 32 31 
24 26 27 40 39 
1 23 24 26 27 40 39 38 43 36 35 
24 26 27 28 29 
23 24 26 27 28 29 38 31 
13 34 33 32 31 30 29 28 
9 10 11 12 13 34 33 32 31 
37 36 42 44 45 43 
30 29 38 37 36 42 44 45 
36 43 38 31 32 37 
39 29 38 31 32 37 36 43 
24 21 19 18 16 31 
20 21 19 18 16 31 30 
33 34 35 36 43 
9 10 11 12 13 14 33 34 35 36 43 45 46 
14 33 32 37 36 
7 14 33 32 37 36 35 34 
17 18 16 31 32 37 36 35 
4 3 20 17 18 16 31 32 
10 11 12 13 14 33 34 35 36 43 45 46 
11 12 13 14 33 34 35 36 43 45 
13 8 7 6 15 16 18 19 27 26 
12 11 8 7 6 15 16 18 19 27 26 25 
3 4 17 15 14 13 34 42 44 
2 3 4 17 15 14 13 34 42 44 46 
10 11 12 13 14 33 34 35 36 43 45 46 
11 12 13 14 33 34 35 36 43 45 
10 11 12 13 14 15 16 18 19 21 
11 12 13 14 15 16 18 19 21 26 27 
11 12 13 14 33 32 37 38 29 30 
10 11 12 13 14 33 32 37 38 29 
13 8 7 6 15 16 18 19 27 26 
12 11 8 7 6 15 16 18 19 27 26 25 
24 26 27 40 39 38 37 36 
23 24 26 27 40 39 38 37 36 35 
3 4 17 15 14 13 34 42 44 
2 3 4 17 15 14 13 34 42 44 46 
10 9 8 7 6 15 17 20 19 27 40 41 
8 7 6 15 17 20 19 27 
23 22 21 20 17 15 14 13 34 42 44 45 
3 4 17 15 14 13 34 42 44 
10 11 12 13 14 15 16 18 19 21 
11 12 13 14 15 16 18 19 21 26 27 
15 17 20 19 27 40 39 38 
7 14 15 17 20 19 27 40 39 
11 12 13 14 33 32 37 38 29 30 
10 11 12 13 14 33 32 37 38 29 
27 28 29 38 37 36 43 45 44 
20 19 27 28 29 38 37 36 43 
24 26 27 40 39 38 37 36 
23 24 26 27 40 39 38 37 36 35 
6 5 4 3 2 1 23 24 25 41 
3 2 1 23 24 25 41 40 
10 9 8 7 6 15 17 20 19 27 40 41 
8 7 6 15 17 20 19 27 
18 19 21 26 27 40 39 
30 18 19 21 26 27 40 
23 22 21 20 17 15 14 13 34 42 44 45 
3 4 17 15 14 13 34 42 44 
9 10 11 12 13 14 33 32 37 36 42 
13 14 33 32 37 36 
15 17 20 19 27 40 39 38 
7 14 15 17 20 19 27 40 39 
15 16 31 38 37 36 
7 14 15 16 31 38 37 36 42 
27 28 29 38 37 36 43 45 44 
20 19 27 28 29 38 37 36 43 
6 15 16 31 38 37 
7 6 15 16 31 38 37 32 
7 14 33 32 31 16 18 
13 8 7 14 33 32 31 16 
6 5 4 3 2 1 23 24 25 41 
3 2 1 23 24 25 41 40 
5 4 17 15 14 7 6 
4 17 15 14 7 6 5 
6 15 16 31 38 37 
7 6 15 16 31 38 37 32 
17 18 16 31 38 37 36 35 
5 4 17 18 16 31 38 37 
7 14 33 32 31 16 18 
13 8 7 14 33 32 31 16 
13 14 33 32 37 36 35 34 
7 14 33 32 37 36 35 
5 4 17 15 14 7 6 
4 17 15 14 7 6 5 
8 7 14 33 34 13 12 
10 11 8 7 14 33 34 13 
18 19 21 26 27 40 39 
30 18 19 21 26 27 40 
8 7 14 33 34 13 12 11 
3 20 17 15 14 33 34 13 12 11 10 9 
5 6 15 17 20 21 26 25 41 
16 15 17 20 21 26 25 
9 10 11 12 13 14 33 32 37 36 42 
13 14 33 32 37 36 
36 43 38 31 32 37 
39 29 38 31 32 37 36 43 
15 16 31 38 37 36 
7 14 15 16 31 38 37 36 42 
29 30 31 32 33 
39 29 30 31 32 33 34 42 
17 18 16 31 38 37 36 35 
5 4 17 18 16 31 38 37 
6 7 14 33 32 31 38 29 28 
13 34 33 32 31 38 29 
13 14 33 32 37 36 35 34 
7 14 33 32 37 36 35 
24 26 27 40 39 
1 23 24 26 27 40 39 38 43 36 35 
13 34 33 32 31 30 29 28 
9 10 11 12 13 34 33 32 31 
8 7 14 33 34 13 12 
10 11 8 7 14 33 34 13 
24 26 27 28 29 
23 24 26 27 28 29 38 31 
8 7 14 33 34 13 12 11 
3 20 17 15 14 33 34 13 12 11 10 9 
37 36 42 44 45 43 
30 29 38 37 36 42 44 45 
5 6 15 17 20 21 26 25 41 
16 15 17 20 21 26 25 
24 21 19 18 16 31 
20 21 19 18 16 31 30 
33 34 35 36 43 
9 10 11 12 13 14 33 34 35 36 43 45 46 
6 7 14 33 32 31 38 29 28 
13 34 33 32 31 38 29 
14 33 32 37 36 
7 14 33 32 37 36 35 34 
17 18 16 31 32 37 36 35 
4 3 20 17 18 16 31 32 
24 26 27 40 39 
1 23 24 26 27 40 39 38 43 36 35 
21 26 27 28 29 38 
24 26 27 28 29 38 37 36 35 
13 34 33 32 31 30 29 28 
9 10 11 12 13 34 33 32 31 
17 20 21 24 
18 17 20 21 24 25 41 
16 18 19 27 40 41 
19 27 40 41 25 26 
36 43 38 31 32 37 
39 29 38 31 32 37 36 43 
2 3 20 21 
1 2 3 20 21 24 
16 31 32 37 38 29 30 
18 30 31 32 37 38 
29 30 31 32 33 
39 29 30 31 32 33 34 42 
20 21 26 25 41 
21 26 25 41 40 27 
32 37 38 43 44 42 
30 29 38 43 44 42 34 35 
24 26 27 28 29 
23 24 26 27 28 29 38 31 
10 11 12 13 14 15 16 18 19 21 22 
7 14 15 16 18 
18 16 31 32 
26 21 19 18 16 31 32 33 34 35 
2 1 23 24 
3 2 1 23 24 25 41 
37 36 42 44 45 43 
30 29 38 37 36 42 44 45 
4 17 15 14 7 6 
2 22 21 20 17 15 14 7 
38 43 44 42 
29 39 38 43 44 42 34 35 
4 17 20 19 27 26 24 
27 26 24 25 41 
16 15 14 33 32 
14 33 32 31 38 43 45 46 
34 33 32 37 
14 33 32 
3 20 21 24 
39 29 28 27 19 21 24 25 41 
34 42 44 46 
24 21 19 18 16 31 
20 21 19 18 16 31 30 
33 34 35 36 43 
9 10 11 12 13 14 33 34 35 36 43 45 46 
14 33 32 37 36 
7 14 33 32 37 36 35 34 
17 18 16 31 32 37 36 35 
4 3 20 17 18 16 31 32 
21 26 27 28 29 38 
24 26 27 28 29 38 37 36 35 
17 20 21 24 
18 17 20 21 24 25 41 
16 18 19 27 40 41 
19 27 40 41 25 26 
2 3 20 21 
1 2 3 20 21 24 
16 31 32 37 38 29 30 
18 30 31 32 37 38 
20 21 26 25 41 
21 26 25 41 40 27 
32 37 38 43 44 42 
30 29 38 43 44 42 34 35 
10 11 12 13 14 15 16 18 19 21 22 
7 14 15 16 18 
18 16 31 32 
26 21 19 18 16 31 32 33 34 35 
2 1 23 24 
3 2 1 23 24 25 41 
4 17 15 14 7 6 
2 22 21 20 17 15 14 7 
38 43 44 42 
29 39 38 43 44 42 34 35 
4 17 20 19 27 26 24 
27 26 24 25 41 
16 15 14 33 32 
14 33 32 31 38 43 45 46 
34 33 32 37 
14 33 32 
3 20 21 24 
39 29 28 27 19 21 24 25 41 
34 42 44 46 
