3 1 2 4 14 
7 6 11 13 10 12 
2 1 3 9 10 13 
6 7 8 9 
5 4 2 1 3 9 10 
2 4 5 10 
5 4 2 1 6 11 
5 10 12 
4 2 1 6 7 8 
7 6 1 3 9 
5 4 2 1 6 7 
13 11 12 14 
9 8 7 4 5 10 
2 3 1 6 
4 7 6 1 3 9 
7 6 1 2 3 9 
7 4 14 
4 7 6 11 
7 4 5 10 12 11 
6 7 8 9 10 13 
4 2 1 3 9 10 5 
12 14 4 5 10 13 
1 6 7 4 14 
1 3 2 4 7 
2 4 5 10 9 
5 4 7 6 11 13 
3 9 10 12 14 
12 11 13 
3 1 6 7 8 
5 10 13 11 
7 4 2 3 9 10 
6 11 13 
10 13 
4 7 6 11 
5 4 7 6 1 3 9 
2 1 3 9 10 
6 11 12 10 13 
4 7 8 9 10 12 
3 1 6 11 13 
5 4 14 12 11 13 10 
8 9 10 5 4 14 
9 10 5 4 14 12 
6 7 4 5 10 13 
5 4 2 3 9 10 12 
10 9 3 1 6 11 13 
3 2 4 7 
13 10 5 4 14 
4 7 8 9 
4 14 12 11 6 7 
3 1 6 
