0 1 0
0 2 -2147483648
0 3 0
0 4 -2147483648
0 5 -2147483648
0 6 -2147483648
0 7 0
0 8 -2147483648
0 9 -2147483648
0 10 -2147483648
0 11 0
0 12 -2147483648
0 13 -2147483648
0 14 -2147483648
0 15 -2147483648
0 16 1
0 17 -2147483648
0 18 -2147483648
0 19 0
0 20 -2147483648
0 21 -2147483648
0 22 -2147483648
0 23 -2147483648
0 24 -2147483648
0 25 -2147483648
0 26 -2147483648
0 27 0
0 28 -2147483648
0 29 0
0 30 -2147483648
0 31 0
0 32 0
0 33 -2147483648
0 34 -2147483648
0 35 -2147483648
0 36 0
0 37 -2147483648
0 38 -2147483648
0 39 1
0 40 1
0 41 1
0 42 -2147483648
0 43 -2147483648
0 44 -2147483648
0 45 -2147483648
0 46 1
0 47 -2147483648
0 48 1
0 49 -2147483648
1 0 0
1 2 -2147483648
1 3 -2147483648
1 4 0
1 5 0
1 6 1
1 7 1
1 8 -2147483648
1 9 -2147483648
1 10 -2147483648
1 11 -2147483648
1 12 -2147483648
1 13 0
1 14 -2147483648
1 15 -2147483648
1 16 -2147483648
1 17 2
1 18 -2147483648
1 19 -2147483648
1 20 -2147483648
1 21 -2147483648
1 22 -2147483648
1 23 0
1 24 -2147483648
1 25 3
1 26 1
1 27 1
1 28 -2147483648
1 29 -2147483648
1 30 -2147483648
1 31 2
1 32 -2147483648
1 33 2
1 34 -2147483648
1 35 0
1 36 -2147483648
1 37 -2147483648
1 38 2
1 39 2
1 40 -2147483648
1 41 -2147483648
1 42 -2147483648
1 43 1
1 44 -2147483648
1 45 0
1 46 -2147483648
1 47 -2147483648
1 48 -2147483648
1 49 0
2 0 -2147483648
2 1 -2147483648
2 3 0
2 4 4
2 5 -2147483648
2 6 -2147483648
2 7 -2147483648
2 8 -2147483648
2 9 2
2 10 -2147483648
2 11 0
2 12 -2147483648
2 13 -2147483648
2 14 2
2 15 -2147483648
2 16 0
2 17 0
2 18 -2147483648
2 19 2
2 20 -2147483648
2 21 1
2 22 -2147483648
2 23 -2147483648
2 24 -2147483648
2 25 0
2 26 -2147483648
2 27 0
2 28 -2147483648
2 29 1
2 30 -2147483648
2 31 0
2 32 1
2 33 0
2 34 2
2 35 4
2 36 1
2 37 -2147483648
2 38 -2147483648
2 39 0
2 40 -2147483648
2 41 -2147483648
2 42 1
2 43 -2147483648
2 44 -2147483648
2 45 -2147483648
2 46 -2147483648
2 47 0
2 48 0
2 49 -2147483648
3 0 0
3 1 -2147483648
3 2 0
3 4 0
3 5 0
3 6 -2147483648
3 7 0
3 8 2
3 9 -2147483648
3 10 1
3 11 0
3 12 -2147483648
3 13 0
3 14 -2147483648
3 15 -2147483648
3 16 -2147483648
3 17 -2147483648
3 18 -2147483648
3 19 3
3 20 0
3 21 0
3 22 -2147483648
3 23 0
3 24 0
3 25 -2147483648
3 26 0
3 27 0
3 28 2
3 29 0
3 30 -2147483648
3 31 -2147483648
3 32 0
3 33 -2147483648
3 34 -2147483648
3 35 0
3 36 -2147483648
3 37 2
3 38 -2147483648
3 39 0
3 40 1
3 41 0
3 42 -2147483648
3 43 0
3 44 -2147483648
3 45 0
3 46 0
3 47 2
3 48 1
3 49 0
4 0 -2147483648
4 1 0
4 2 4
4 3 0
4 5 -2147483648
4 6 -2147483648
4 7 -2147483648
4 8 -2147483648
4 9 2
4 10 -2147483648
4 11 0
4 12 -2147483648
4 13 -2147483648
4 14 -2147483648
4 15 -2147483648
4 16 -2147483648
4 17 -2147483648
4 18 -2147483648
4 19 1
4 20 5
4 21 -2147483648
4 22 -2147483648
4 23 -2147483648
4 24 -2147483648
4 25 -2147483648
4 26 2
4 27 0
4 28 -2147483648
4 29 -2147483648
4 30 -2147483648
4 31 0
4 32 0
4 33 -2147483648
4 34 -2147483648
4 35 4
4 36 0
4 37 -2147483648
4 38 -2147483648
4 39 -2147483648
4 40 -2147483648
4 41 -2147483648
4 42 -2147483648
4 43 -2147483648
4 44 -2147483648
4 45 -2147483648
4 46 -2147483648
4 47 -2147483648
4 48 -2147483648
4 49 -2147483648
5 0 -2147483648
5 1 0
5 2 -2147483648
5 3 0
5 4 -2147483648
5 6 -2147483648
5 7 1
5 8 -2147483648
5 9 0
5 10 -2147483648
5 11 0
5 12 2
5 13 -2147483648
5 14 -2147483648
5 15 -2147483648
5 16 -2147483648
5 17 -2147483648
5 18 2
5 19 0
5 20 -2147483648
5 21 2
5 22 -2147483648
5 23 -2147483648
5 24 3
5 25 -2147483648
5 26 0
5 27 0
5 28 0
5 29 1
5 30 -2147483648
5 31 0
5 32 0
5 33 -2147483648
5 34 -2147483648
5 35 -2147483648
5 36 0
5 37 -2147483648
5 38 0
5 39 -2147483648
5 40 -2147483648
5 41 -2147483648
5 42 2
5 43 -2147483648
5 44 0
5 45 -2147483648
5 46 -2147483648
5 47 -2147483648
5 48 -2147483648
5 49 0
6 0 -2147483648
6 1 1
6 2 -2147483648
6 3 -2147483648
6 4 -2147483648
6 5 -2147483648
6 7 -2147483648
6 8 -2147483648
6 9 -2147483648
6 10 -2147483648
6 11 0
6 12 -2147483648
6 13 -2147483648
6 14 -2147483648
6 15 -2147483648
6 16 -2147483648
6 17 -2147483648
6 18 -2147483648
6 19 -2147483648
6 20 -2147483648
6 21 -2147483648
6 22 -2147483648
6 23 -2147483648
6 24 -2147483648
6 25 -2147483648
6 26 0
6 27 0
6 28 -2147483648
6 29 -2147483648
6 30 -2147483648
6 31 1
6 32 0
6 33 -2147483648
6 34 -2147483648
6 35 -2147483648
6 36 1
6 37 -2147483648
6 38 2
6 39 -2147483648
6 40 -2147483648
6 41 -2147483648
6 42 -2147483648
6 43 -2147483648
6 44 2
6 45 -2147483648
6 46 -2147483648
6 47 -2147483648
6 48 -2147483648
6 49 1
7 0 0
7 1 1
7 2 -2147483648
7 3 0
7 4 -2147483648
7 5 1
7 6 -2147483648
7 8 0
7 9 0
7 10 -2147483648
7 11 0
7 12 1
7 13 0
7 14 0
7 15 0
7 16 0
7 17 0
7 18 2
7 19 -2147483648
7 20 -2147483648
7 21 -2147483648
7 22 0
7 23 0
7 24 -2147483648
7 25 -2147483648
7 26 1
7 27 0
7 28 0
7 29 -2147483648
7 30 0
7 31 0
7 32 -2147483648
7 33 0
7 34 -2147483648
7 35 0
7 36 -2147483648
7 37 1
7 38 0
7 39 -2147483648
7 40 -2147483648
7 41 -2147483648
7 42 -2147483648
7 43 -2147483648
7 44 -2147483648
7 45 0
7 46 -2147483648
7 47 0
7 48 0
7 49 0
8 0 -2147483648
8 1 -2147483648
8 2 -2147483648
8 3 2
8 4 -2147483648
8 5 -2147483648
8 6 -2147483648
8 7 0
8 9 -2147483648
8 10 4
8 11 0
8 12 -2147483648
8 13 -2147483648
8 14 -2147483648
8 15 -2147483648
8 16 -2147483648
8 17 -2147483648
8 18 -2147483648
8 19 2
8 20 -2147483648
8 21 -2147483648
8 22 -2147483648
8 23 -2147483648
8 24 -2147483648
8 25 -2147483648
8 26 0
8 27 0
8 28 3
8 29 0
8 30 -2147483648
8 31 -2147483648
8 32 0
8 33 -2147483648
8 34 -2147483648
8 35 -2147483648
8 36 -2147483648
8 37 -2147483648
8 38 -2147483648
8 39 -2147483648
8 40 -2147483648
8 41 -2147483648
8 42 -2147483648
8 43 -2147483648
8 44 -2147483648
8 45 -2147483648
8 46 -2147483648
8 47 -2147483648
8 48 -2147483648
8 49 1
9 0 -2147483648
9 1 -2147483648
9 2 2
9 3 -2147483648
9 4 2
9 5 0
9 6 -2147483648
9 7 0
9 8 -2147483648
9 10 -2147483648
9 11 0
9 12 -2147483648
9 13 -2147483648
9 14 4
9 15 -2147483648
9 16 -2147483648
9 17 -2147483648
9 18 -2147483648
9 19 -2147483648
9 20 2
9 21 0
9 22 -2147483648
9 23 -2147483648
9 24 0
9 25 -2147483648
9 26 1
9 27 0
9 28 -2147483648
9 29 0
9 30 -2147483648
9 31 -2147483648
9 32 0
9 33 -2147483648
9 34 4
9 35 2
9 36 -2147483648
9 37 -2147483648
9 38 -2147483648
9 39 0
9 40 0
9 41 0
9 42 -2147483648
9 43 1
9 44 -2147483648
9 45 -2147483648
9 46 0
9 47 -2147483648
9 48 -2147483648
9 49 -2147483648
10 0 -2147483648
10 1 -2147483648
10 2 -2147483648
10 3 1
10 4 -2147483648
10 5 -2147483648
10 6 -2147483648
10 7 -2147483648
10 8 4
10 9 -2147483648
10 11 0
10 12 -2147483648
10 13 -2147483648
10 14 -2147483648
10 15 -2147483648
10 16 -2147483648
10 17 -2147483648
10 18 -2147483648
10 19 1
10 20 -2147483648
10 21 -2147483648
10 22 -2147483648
10 23 -2147483648
10 24 -2147483648
10 25 -2147483648
10 26 0
10 27 0
10 28 2
10 29 -2147483648
10 30 -2147483648
10 31 -2147483648
10 32 0
10 33 -2147483648
10 34 -2147483648
10 35 -2147483648
10 36 -2147483648
10 37 -2147483648
10 38 -2147483648
10 39 -2147483648
10 40 -2147483648
10 41 -2147483648
10 42 -2147483648
10 43 -2147483648
10 44 -2147483648
10 45 -2147483648
10 46 -2147483648
10 47 -2147483648
10 48 -2147483648
10 49 1
11 0 0
11 1 -2147483648
11 2 0
11 3 0
11 4 0
11 5 0
11 6 0
11 7 0
11 8 0
11 9 0
11 10 0
11 12 0
11 13 0
11 14 0
11 15 0
11 16 0
11 17 0
11 18 -2147483648
11 19 0
11 20 0
11 21 1
11 22 0
11 23 0
11 24 0
11 25 -2147483648
11 26 1
11 27 -2147483648
11 28 0
11 29 1
11 30 0
11 31 -2147483648
11 32 0
11 33 0
11 34 0
11 35 0
11 36 -2147483648
11 37 0
11 38 -2147483648
11 39 -2147483648
11 40 0
11 41 0
11 42 0
11 43 0
11 44 -2147483648
11 45 0
11 46 -2147483648
11 47 0
11 48 -2147483648
11 49 0
12 0 -2147483648
12 1 -2147483648
12 2 -2147483648
12 3 -2147483648
12 4 -2147483648
12 5 2
12 6 -2147483648
12 7 1
12 8 -2147483648
12 9 -2147483648
12 10 -2147483648
12 11 0
12 13 0
12 14 -2147483648
12 15 -2147483648
12 16 -2147483648
12 17 -2147483648
12 18 3
12 19 -2147483648
12 20 -2147483648
12 21 2
12 22 -2147483648
12 23 -2147483648
12 24 2
12 25 -2147483648
12 26 -2147483648
12 27 0
12 28 -2147483648
12 29 1
12 30 -2147483648
12 31 0
12 32 0
12 33 -2147483648
12 34 -2147483648
12 35 -2147483648
12 36 0
12 37 -2147483648
12 38 0
12 39 -2147483648
12 40 -2147483648
12 41 -2147483648
12 42 3
12 43 -2147483648
12 44 -2147483648
12 45 -2147483648
12 46 -2147483648
12 47 -2147483648
12 48 -2147483648
12 49 0
13 0 -2147483648
13 1 0
13 2 -2147483648
13 3 0
13 4 -2147483648
13 5 -2147483648
13 6 -2147483648
13 7 0
13 8 -2147483648
13 9 -2147483648
13 10 -2147483648
13 11 0
13 12 0
13 14 -2147483648
13 15 -2147483648
13 16 0
13 17 0
13 18 0
13 19 0
13 20 -2147483648
13 21 0
13 22 1
13 23 -2147483648
13 24 -2147483648
13 25 0
13 26 -2147483648
13 27 0
13 28 2
13 29 0
13 30 -2147483648
13 31 0
13 32 0
13 33 0
13 34 -2147483648
13 35 -2147483648
13 36 0
13 37 0
13 38 2
13 39 0
13 40 0
13 41 0
13 42 0
13 43 -2147483648
13 44 2
13 45 -2147483648
13 46 0
13 47 0
13 48 0
13 49 2
14 0 -2147483648
14 1 -2147483648
14 2 2
14 3 -2147483648
14 4 -2147483648
14 5 -2147483648
14 6 -2147483648
14 7 0
14 8 -2147483648
14 9 4
14 10 -2147483648
14 11 0
14 12 -2147483648
14 13 -2147483648
14 15 -2147483648
14 16 -2147483648
14 17 -2147483648
14 18 -2147483648
14 19 -2147483648
14 20 -2147483648
14 21 -2147483648
14 22 -2147483648
14 23 -2147483648
14 24 -2147483648
14 25 -2147483648
14 26 1
14 27 0
14 28 -2147483648
14 29 0
14 30 -2147483648
14 31 -2147483648
14 32 0
14 33 -2147483648
14 34 5
14 35 2
14 36 -2147483648
14 37 -2147483648
14 38 -2147483648
14 39 -2147483648
14 40 -2147483648
14 41 -2147483648
14 42 -2147483648
14 43 -2147483648
14 44 -2147483648
14 45 -2147483648
14 46 -2147483648
14 47 -2147483648
14 48 -2147483648
14 49 -2147483648
15 0 -2147483648
15 1 -2147483648
15 2 -2147483648
15 3 -2147483648
15 4 -2147483648
15 5 -2147483648
15 6 -2147483648
15 7 0
15 8 -2147483648
15 9 -2147483648
15 10 -2147483648
15 11 0
15 12 -2147483648
15 13 -2147483648
15 14 -2147483648
15 16 -2147483648
15 17 -2147483648
15 18 -2147483648
15 19 -2147483648
15 20 -2147483648
15 21 0
15 22 -2147483648
15 23 -2147483648
15 24 -2147483648
15 25 -2147483648
15 26 1
15 27 0
15 28 -2147483648
15 29 0
15 30 -2147483648
15 31 -2147483648
15 32 0
15 33 -2147483648
15 34 -2147483648
15 35 -2147483648
15 36 -2147483648
15 37 -2147483648
15 38 -2147483648
15 39 0
15 40 0
15 41 0
15 42 -2147483648
15 43 2
15 44 -2147483648
15 45 -2147483648
15 46 0
15 47 -2147483648
15 48 -2147483648
15 49 -2147483648
16 0 1
16 1 -2147483648
16 2 0
16 3 -2147483648
16 4 -2147483648
16 5 -2147483648
16 6 -2147483648
16 7 0
16 8 -2147483648
16 9 -2147483648
16 10 -2147483648
16 11 0
16 12 -2147483648
16 13 0
16 14 -2147483648
16 15 -2147483648
16 17 -2147483648
16 18 -2147483648
16 19 -2147483648
16 20 -2147483648
16 21 -2147483648
16 22 2
16 23 -2147483648
16 24 -2147483648
16 25 -2147483648
16 26 0
16 27 0
16 28 -2147483648
16 29 0
16 30 -2147483648
16 31 0
16 32 0
16 33 -2147483648
16 34 -2147483648
16 35 0
16 36 0
16 37 -2147483648
16 38 0
16 39 1
16 40 1
16 41 1
16 42 -2147483648
16 43 -2147483648
16 44 0
16 45 -2147483648
16 46 1
16 47 -2147483648
16 48 1
16 49 0
17 0 -2147483648
17 1 2
17 2 0
17 3 -2147483648
17 4 -2147483648
17 5 -2147483648
17 6 -2147483648
17 7 0
17 8 -2147483648
17 9 -2147483648
17 10 -2147483648
17 11 0
17 12 -2147483648
17 13 0
17 14 -2147483648
17 15 -2147483648
17 16 -2147483648
17 18 -2147483648
17 19 -2147483648
17 20 -2147483648
17 21 -2147483648
17 22 -2147483648
17 23 1
17 24 -2147483648
17 25 3
17 26 0
17 27 0
17 28 -2147483648
17 29 0
17 30 -2147483648
17 31 1
17 32 0
17 33 3
17 34 -2147483648
17 35 0
17 36 1
17 37 -2147483648
17 38 1
17 39 -2147483648
17 40 -2147483648
17 41 -2147483648
17 42 -2147483648
17 43 -2147483648
17 44 1
17 45 1
17 46 -2147483648
17 47 -2147483648
17 48 -2147483648
17 49 0
18 0 -2147483648
18 1 -2147483648
18 2 -2147483648
18 3 -2147483648
18 4 -2147483648
18 5 2
18 6 -2147483648
18 7 2
18 8 -2147483648
18 9 -2147483648
18 10 -2147483648
18 11 -2147483648
18 12 3
18 13 0
18 14 -2147483648
18 15 -2147483648
18 16 -2147483648
18 17 -2147483648
18 19 -2147483648
18 20 -2147483648
18 21 -2147483648
18 22 -2147483648
18 23 -2147483648
18 24 -2147483648
18 25 -2147483648
18 26 -2147483648
18 27 1
18 28 -2147483648
18 29 -2147483648
18 30 -2147483648
18 31 0
18 32 -2147483648
18 33 -2147483648
18 34 -2147483648
18 35 0
18 36 -2147483648
18 37 -2147483648
18 38 0
18 39 -2147483648
18 40 -2147483648
18 41 -2147483648
18 42 -2147483648
18 43 -2147483648
18 44 -2147483648
18 45 -2147483648
18 46 -2147483648
18 47 -2147483648
18 48 -2147483648
18 49 0
19 0 0
19 1 -2147483648
19 2 2
19 3 3
19 4 1
19 5 0
19 6 -2147483648
19 7 -2147483648
19 8 2
19 9 -2147483648
19 10 1
19 11 0
19 12 -2147483648
19 13 0
19 14 -2147483648
19 15 -2147483648
19 16 -2147483648
19 17 -2147483648
19 18 -2147483648
19 20 -2147483648
19 21 1
19 22 -2147483648
19 23 0
19 24 -2147483648
19 25 -2147483648
19 26 -2147483648
19 27 0
19 28 2
19 29 1
19 30 -2147483648
19 31 -2147483648
19 32 1
19 33 -2147483648
19 34 -2147483648
19 35 1
19 36 -2147483648
19 37 -2147483648
19 38 -2147483648
19 39 0
19 40 -2147483648
19 41 -2147483648
19 42 -2147483648
19 43 -2147483648
19 44 -2147483648
19 45 0
19 46 -2147483648
19 47 2
19 48 1
19 49 0
20 0 -2147483648
20 1 -2147483648
20 2 -2147483648
20 3 0
20 4 5
20 5 -2147483648
20 6 -2147483648
20 7 -2147483648
20 8 -2147483648
20 9 2
20 10 -2147483648
20 11 0
20 12 -2147483648
20 13 -2147483648
20 14 -2147483648
20 15 -2147483648
20 16 -2147483648
20 17 -2147483648
20 18 -2147483648
20 19 -2147483648
20 21 -2147483648
20 22 -2147483648
20 23 -2147483648
20 24 -2147483648
20 25 -2147483648
20 26 -2147483648
20 27 0
20 28 -2147483648
20 29 -2147483648
20 30 -2147483648
20 31 0
20 32 -2147483648
20 33 -2147483648
20 34 -2147483648
20 35 4
20 36 -2147483648
20 37 -2147483648
20 38 -2147483648
20 39 -2147483648
20 40 -2147483648
20 41 -2147483648
20 42 -2147483648
20 43 -2147483648
20 44 -2147483648
20 45 -2147483648
20 46 -2147483648
20 47 -2147483648
20 48 -2147483648
20 49 -2147483648
21 0 -2147483648
21 1 -2147483648
21 2 1
21 3 0
21 4 -2147483648
21 5 2
21 6 -2147483648
21 7 -2147483648
21 8 -2147483648
21 9 0
21 10 -2147483648
21 11 1
21 12 2
21 13 0
21 14 -2147483648
21 15 0
21 16 -2147483648
21 17 -2147483648
21 18 -2147483648
21 19 1
21 20 -2147483648
21 22 -2147483648
21 23 -2147483648
21 24 -2147483648
21 25 -2147483648
21 26 -2147483648
21 27 -2147483648
21 28 0
21 29 2
21 30 -2147483648
21 31 0
21 32 1
21 33 -2147483648
21 34 -2147483648
21 35 0
21 36 -2147483648
21 37 -2147483648
21 38 0
21 39 -2147483648
21 40 -2147483648
21 41 -2147483648
21 42 3
21 43 -2147483648
21 44 -2147483648
21 45 -2147483648
21 46 -2147483648
21 47 -2147483648
21 48 -2147483648
21 49 0
22 0 -2147483648
22 1 -2147483648
22 2 -2147483648
22 3 -2147483648
22 4 -2147483648
22 5 -2147483648
22 6 -2147483648
22 7 0
22 8 -2147483648
22 9 -2147483648
22 10 -2147483648
22 11 0
22 12 -2147483648
22 13 1
22 14 -2147483648
22 15 -2147483648
22 16 2
22 17 -2147483648
22 18 -2147483648
22 19 -2147483648
22 20 -2147483648
22 21 -2147483648
22 23 -2147483648
22 24 -2147483648
22 25 -2147483648
22 26 0
22 27 0
22 28 -2147483648
22 29 0
22 30 -2147483648
22 31 -2147483648
22 32 0
22 33 -2147483648
22 34 -2147483648
22 35 -2147483648
22 36 -2147483648
22 37 -2147483648
22 38 -2147483648
22 39 1
22 40 1
22 41 1
22 42 -2147483648
22 43 -2147483648
22 44 -2147483648
22 45 -2147483648
22 46 1
22 47 -2147483648
22 48 2
22 49 1
23 0 -2147483648
23 1 0
23 2 -2147483648
23 3 0
23 4 -2147483648
23 5 -2147483648
23 6 -2147483648
23 7 0
23 8 -2147483648
23 9 -2147483648
23 10 -2147483648
23 11 0
23 12 -2147483648
23 13 -2147483648
23 14 -2147483648
23 15 -2147483648
23 16 -2147483648
23 17 1
23 18 -2147483648
23 19 0
23 20 -2147483648
23 21 -2147483648
23 22 -2147483648
23 24 -2147483648
23 25 1
23 26 -2147483648
23 27 0
23 28 -2147483648
23 29 0
23 30 -2147483648
23 31 0
23 32 0
23 33 1
23 34 -2147483648
23 35 -2147483648
23 36 0
23 37 1
23 38 -2147483648
23 39 -2147483648
23 40 -2147483648
23 41 -2147483648
23 42 -2147483648
23 43 -2147483648
23 44 -2147483648
23 45 3
23 46 -2147483648
23 47 1
23 48 -2147483648
23 49 -2147483648
24 0 -2147483648
24 1 -2147483648
24 2 -2147483648
24 3 0
24 4 -2147483648
24 5 3
24 6 -2147483648
24 7 -2147483648
24 8 -2147483648
24 9 0
24 10 -2147483648
24 11 0
24 12 2
24 13 -2147483648
24 14 -2147483648
24 15 -2147483648
24 16 -2147483648
24 17 -2147483648
24 18 -2147483648
24 19 -2147483648
24 20 -2147483648
24 21 -2147483648
24 22 -2147483648
24 23 -2147483648
24 25 -2147483648
24 26 -2147483648
24 27 0
24 28 0
24 29 -2147483648
24 30 -2147483648
24 31 0
24 32 -2147483648
24 33 -2147483648
24 34 -2147483648
24 35 -2147483648
24 36 -2147483648
24 37 -2147483648
24 38 0
24 39 -2147483648
24 40 -2147483648
24 41 -2147483648
24 42 -2147483648
24 43 -2147483648
24 44 1
24 45 -2147483648
24 46 -2147483648
24 47 -2147483648
24 48 -2147483648
24 49 0
25 0 -2147483648
25 1 3
25 2 0
25 3 -2147483648
25 4 -2147483648
25 5 -2147483648
25 6 -2147483648
25 7 -2147483648
25 8 -2147483648
25 9 -2147483648
25 10 -2147483648
25 11 -2147483648
25 12 -2147483648
25 13 0
25 14 -2147483648
25 15 -2147483648
25 16 -2147483648
25 17 3
25 18 -2147483648
25 19 -2147483648
25 20 -2147483648
25 21 -2147483648
25 22 -2147483648
25 23 1
25 24 -2147483648
25 26 0
25 27 1
25 28 -2147483648
25 29 -2147483648
25 30 -2147483648
25 31 2
25 32 0
25 33 3
25 34 -2147483648
25 35 0
25 36 -2147483648
25 37 -2147483648
25 38 2
25 39 -2147483648
25 40 -2147483648
25 41 -2147483648
25 42 -2147483648
25 43 -2147483648
25 44 2
25 45 1
25 46 -2147483648
25 47 -2147483648
25 48 -2147483648
25 49 0
26 0 -2147483648
26 1 1
26 2 -2147483648
26 3 0
26 4 2
26 5 0
26 6 0
26 7 1
26 8 0
26 9 1
26 10 0
26 11 1
26 12 -2147483648
26 13 -2147483648
26 14 1
26 15 1
26 16 0
26 17 0
26 18 -2147483648
26 19 -2147483648
26 20 -2147483648
26 21 -2147483648
26 22 0
26 23 -2147483648
26 24 -2147483648
26 25 0
26 27 -2147483648
26 28 -2147483648
26 29 -2147483648
26 30 2
26 31 0
26 32 -2147483648
26 33 0
26 34 1
26 35 2
26 36 -2147483648
26 37 2
26 38 -2147483648
26 39 -2147483648
26 40 -2147483648
26 41 -2147483648
26 42 -2147483648
26 43 3
26 44 -2147483648
26 45 -2147483648
26 46 -2147483648
26 47 0
26 48 -2147483648
26 49 -2147483648
27 0 0
27 1 1
27 2 0
27 3 0
27 4 0
27 5 0
27 6 0
27 7 0
27 8 0
27 9 0
27 10 0
27 11 -2147483648
27 12 0
27 13 0
27 14 0
27 15 0
27 16 0
27 17 0
27 18 1
27 19 0
27 20 0
27 21 -2147483648
27 22 0
27 23 0
27 24 0
27 25 1
27 26 -2147483648
27 28 0
27 29 0
27 30 0
27 31 1
27 32 0
27 33 0
27 34 0
27 35 0
27 36 -2147483648
27 37 0
27 38 1
27 39 2
27 40 0
27 41 0
27 42 0
27 43 0
27 44 1
27 45 0
27 46 0
27 47 0
27 48 -2147483648
27 49 0
28 0 -2147483648
28 1 -2147483648
28 2 -2147483648
28 3 2
28 4 -2147483648
28 5 0
28 6 -2147483648
28 7 0
28 8 3
28 9 -2147483648
28 10 2
28 11 0
28 12 -2147483648
28 13 2
28 14 -2147483648
28 15 -2147483648
28 16 -2147483648
28 17 -2147483648
28 18 -2147483648
28 19 2
28 20 -2147483648
28 21 0
28 22 -2147483648
28 23 -2147483648
28 24 0
28 25 -2147483648
28 26 -2147483648
28 27 0
28 29 0
28 30 -2147483648
28 31 -2147483648
28 32 0
28 33 -2147483648
28 34 -2147483648
28 35 -2147483648
28 36 -2147483648
28 37 1
28 38 -2147483648
28 39 0
28 40 0
28 41 0
28 42 -2147483648
28 43 -2147483648
28 44 -2147483648
28 45 -2147483648
28 46 0
28 47 1
28 48 1
28 49 2
29 0 0
29 1 -2147483648
29 2 1
29 3 0
29 4 -2147483648
29 5 1
29 6 -2147483648
29 7 -2147483648
29 8 0
29 9 0
29 10 -2147483648
29 11 1
29 12 1
29 13 0
29 14 0
29 15 0
29 16 0
29 17 0
29 18 -2147483648
29 19 1
29 20 -2147483648
29 21 2
29 22 0
29 23 0
29 24 -2147483648
29 25 -2147483648
29 26 -2147483648
29 27 0
29 28 0
29 30 0
29 31 0
29 32 1
29 33 0
29 34 -2147483648
29 35 0
29 36 1
29 37 -2147483648
29 38 0
29 39 -2147483648
29 40 -2147483648
29 41 -2147483648
29 42 2
29 43 -2147483648
29 44 -2147483648
29 45 0
29 46 -2147483648
29 47 0
29 48 0
29 49 0
30 0 -2147483648
30 1 -2147483648
30 2 -2147483648
30 3 -2147483648
30 4 -2147483648
30 5 -2147483648
30 6 -2147483648
30 7 0
30 8 -2147483648
30 9 -2147483648
30 10 -2147483648
30 11 0
30 12 -2147483648
30 13 -2147483648
30 14 -2147483648
30 15 -2147483648
30 16 -2147483648
30 17 -2147483648
30 18 -2147483648
30 19 -2147483648
30 20 -2147483648
30 21 -2147483648
30 22 -2147483648
30 23 -2147483648
30 24 -2147483648
30 25 -2147483648
30 26 2
30 27 0
30 28 -2147483648
30 29 0
30 31 0
30 32 0
30 33 -2147483648
30 34 -2147483648
30 35 -2147483648
30 36 0
30 37 -2147483648
30 38 -2147483648
30 39 -2147483648
30 40 -2147483648
30 41 -2147483648
30 42 -2147483648
30 43 4
30 44 -2147483648
30 45 -2147483648
30 46 -2147483648
30 47 -2147483648
30 48 -2147483648
30 49 -2147483648
31 0 0
31 1 2
31 2 0
31 3 -2147483648
31 4 0
31 5 0
31 6 1
31 7 0
31 8 -2147483648
31 9 -2147483648
31 10 -2147483648
31 11 -2147483648
31 12 0
31 13 0
31 14 -2147483648
31 15 -2147483648
31 16 0
31 17 1
31 18 0
31 19 -2147483648
31 20 0
31 21 0
31 22 -2147483648
31 23 0
31 24 0
31 25 2
31 26 0
31 27 1
31 28 -2147483648
31 29 0
31 30 0
31 32 0
31 33 1
31 34 -2147483648
31 35 0
31 36 -2147483648
31 37 0
31 38 2
31 39 1
31 40 0
31 41 0
31 42 -2147483648
31 43 0
31 44 2
31 45 0
31 46 0
31 47 0
31 48 -2147483648
31 49 0
32 0 0
32 1 -2147483648
32 2 1
32 3 0
32 4 0
32 5 0
32 6 0
32 7 -2147483648
32 8 0
32 9 0
32 10 0
32 11 0
32 12 0
32 13 0
32 14 0
32 15 0
32 16 0
32 17 0
32 18 -2147483648
32 19 1
32 20 -2147483648
32 21 1
32 22 0
32 23 0
32 24 -2147483648
32 25 0
32 26 -2147483648
32 27 0
32 28 0
32 29 1
32 30 0
32 31 0
32 33 0
32 34 0
32 35 0
32 36 1
32 37 -2147483648
32 38 0
32 39 0
32 40 -2147483648
32 41 -2147483648
32 42 1
32 43 -2147483648
32 44 -2147483648
32 45 0
32 46 -2147483648
32 47 0
32 48 0
32 49 0
33 0 -2147483648
33 1 2
33 2 0
33 3 -2147483648
33 4 -2147483648
33 5 -2147483648
33 6 -2147483648
33 7 0
33 8 -2147483648
33 9 -2147483648
33 10 -2147483648
33 11 0
33 12 -2147483648
33 13 0
33 14 -2147483648
33 15 -2147483648
33 16 -2147483648
33 17 3
33 18 -2147483648
33 19 -2147483648
33 20 -2147483648
33 21 -2147483648
33 22 -2147483648
33 23 1
33 24 -2147483648
33 25 3
33 26 0
33 27 0
33 28 -2147483648
33 29 0
33 30 -2147483648
33 31 1
33 32 0
33 34 -2147483648
33 35 0
33 36 1
33 37 -2147483648
33 38 1
33 39 -2147483648
33 40 -2147483648
33 41 -2147483648
33 42 -2147483648
33 43 -2147483648
33 44 1
33 45 1
33 46 -2147483648
33 47 -2147483648
33 48 -2147483648
33 49 0
34 0 -2147483648
34 1 -2147483648
34 2 2
34 3 -2147483648
34 4 -2147483648
34 5 -2147483648
34 6 -2147483648
34 7 -2147483648
34 8 -2147483648
34 9 4
34 10 -2147483648
34 11 0
34 12 -2147483648
34 13 -2147483648
34 14 5
34 15 -2147483648
34 16 -2147483648
34 17 -2147483648
34 18 -2147483648
34 19 -2147483648
34 20 -2147483648
34 21 -2147483648
34 22 -2147483648
34 23 -2147483648
34 24 -2147483648
34 25 -2147483648
34 26 1
34 27 0
34 28 -2147483648
34 29 -2147483648
34 30 -2147483648
34 31 -2147483648
34 32 0
34 33 -2147483648
34 35 2
34 36 -2147483648
34 37 -2147483648
34 38 -2147483648
34 39 -2147483648
34 40 -2147483648
34 41 -2147483648
34 42 -2147483648
34 43 -2147483648
34 44 -2147483648
34 45 -2147483648
34 46 -2147483648
34 47 -2147483648
34 48 -2147483648
34 49 -2147483648
35 0 -2147483648
35 1 0
35 2 4
35 3 0
35 4 4
35 5 -2147483648
35 6 -2147483648
35 7 0
35 8 -2147483648
35 9 2
35 10 -2147483648
35 11 0
35 12 -2147483648
35 13 -2147483648
35 14 2
35 15 -2147483648
35 16 0
35 17 0
35 18 0
35 19 1
35 20 4
35 21 0
35 22 -2147483648
35 23 -2147483648
35 24 -2147483648
35 25 0
35 26 2
35 27 0
35 28 -2147483648
35 29 0
35 30 -2147483648
35 31 0
35 32 0
35 33 0
35 34 2
35 36 0
35 37 1
35 38 -2147483648
35 39 0
35 40 1
35 41 1
35 42 0
35 43 -2147483648
35 44 -2147483648
35 45 -2147483648
35 46 0
35 47 0
35 48 0
35 49 -2147483648
36 0 0
36 1 -2147483648
36 2 1
36 3 -2147483648
36 4 0
36 5 0
36 6 1
36 7 -2147483648
36 8 -2147483648
36 9 -2147483648
36 10 -2147483648
36 11 -2147483648
36 12 0
36 13 0
36 14 -2147483648
36 15 -2147483648
36 16 0
36 17 1
36 18 -2147483648
36 19 -2147483648
36 20 -2147483648
36 21 -2147483648
36 22 -2147483648
36 23 0
36 24 -2147483648
36 25 -2147483648
36 26 -2147483648
36 27 -2147483648
36 28 -2147483648
36 29 1
36 30 0
36 31 -2147483648
36 32 1
36 33 1
36 34 -2147483648
36 35 0
36 37 -2147483648
36 38 -2147483648
36 39 -2147483648
36 40 -2147483648
36 41 -2147483648
36 42 -2147483648
36 43 -2147483648
36 44 -2147483648
36 45 0
36 46 -2147483648
36 47 0
36 48 -2147483648
36 49 0
37 0 -2147483648
37 1 -2147483648
37 2 -2147483648
37 3 2
37 4 -2147483648
37 5 -2147483648
37 6 -2147483648
37 7 1
37 8 -2147483648
37 9 -2147483648
37 10 -2147483648
37 11 0
37 12 -2147483648
37 13 0
37 14 -2147483648
37 15 -2147483648
37 16 -2147483648
37 17 -2147483648
37 18 -2147483648
37 19 -2147483648
37 20 -2147483648
37 21 -2147483648
37 22 -2147483648
37 23 1
37 24 -2147483648
37 25 -2147483648
37 26 2
37 27 0
37 28 1
37 29 -2147483648
37 30 -2147483648
37 31 0
37 32 -2147483648
37 33 -2147483648
37 34 -2147483648
37 35 1
37 36 -2147483648
37 38 0
37 39 -2147483648
37 40 -2147483648
37 41 -2147483648
37 42 -2147483648
37 43 -2147483648
37 44 -2147483648
37 45 1
37 46 -2147483648
37 47 3
37 48 -2147483648
37 49 0
38 0 -2147483648
38 1 2
38 2 -2147483648
38 3 -2147483648
38 4 -2147483648
38 5 0
38 6 2
38 7 0
38 8 -2147483648
38 9 -2147483648
38 10 -2147483648
38 11 -2147483648
38 12 0
38 13 2
38 14 -2147483648
38 15 -2147483648
38 16 0
38 17 1
38 18 0
38 19 -2147483648
38 20 -2147483648
38 21 0
38 22 -2147483648
38 23 -2147483648
38 24 0
38 25 2
38 26 -2147483648
38 27 1
38 28 -2147483648
38 29 0
38 30 -2147483648
38 31 2
38 32 0
38 33 1
38 34 -2147483648
38 35 -2147483648
38 36 -2147483648
38 37 0
38 39 1
38 40 0
38 41 0
38 42 -2147483648
38 43 -2147483648
38 44 4
38 45 -2147483648
38 46 0
38 47 0
38 48 -2147483648
38 49 2
39 0 1
39 1 2
39 2 0
39 3 0
39 4 -2147483648
39 5 -2147483648
39 6 -2147483648
39 7 -2147483648
39 8 -2147483648
39 9 0
39 10 -2147483648
39 11 -2147483648
39 12 -2147483648
39 13 0
39 14 -2147483648
39 15 0
39 16 1
39 17 -2147483648
39 18 -2147483648
39 19 0
39 20 -2147483648
39 21 -2147483648
39 22 1
39 23 -2147483648
39 24 -2147483648
39 25 -2147483648
39 26 -2147483648
39 27 2
39 28 0
39 29 -2147483648
39 30 -2147483648
39 31 1
39 32 0
39 33 -2147483648
39 34 -2147483648
39 35 0
39 36 -2147483648
39 37 -2147483648
39 38 1
39 40 2
39 41 3
39 42 -2147483648
39 43 -2147483648
39 44 1
39 45 -2147483648
39 46 3
39 47 -2147483648
39 48 -2147483648
39 49 0
40 0 1
40 1 -2147483648
40 2 -2147483648
40 3 1
40 4 -2147483648
40 5 -2147483648
40 6 -2147483648
40 7 -2147483648
40 8 -2147483648
40 9 0
40 10 -2147483648
40 11 0
40 12 -2147483648
40 13 0
40 14 -2147483648
40 15 0
40 16 1
40 17 -2147483648
40 18 -2147483648
40 19 -2147483648
40 20 -2147483648
40 21 -2147483648
40 22 1
40 23 -2147483648
40 24 -2147483648
40 25 -2147483648
40 26 -2147483648
40 27 0
40 28 0
40 29 -2147483648
40 30 -2147483648
40 31 0
40 32 -2147483648
40 33 -2147483648
40 34 -2147483648
40 35 1
40 36 -2147483648
40 37 -2147483648
40 38 0
40 39 2
40 41 4
40 42 -2147483648
40 43 -2147483648
40 44 -2147483648
40 45 -2147483648
40 46 3
40 47 -2147483648
40 48 1
40 49 0
41 0 1
41 1 -2147483648
41 2 -2147483648
41 3 0
41 4 -2147483648
41 5 -2147483648
41 6 -2147483648
41 7 -2147483648
41 8 -2147483648
41 9 0
41 10 -2147483648
41 11 0
41 12 -2147483648
41 13 0
41 14 -2147483648
41 15 0
41 16 1
41 17 -2147483648
41 18 -2147483648
41 19 -2147483648
41 20 -2147483648
41 21 -2147483648
41 22 1
41 23 -2147483648
41 24 -2147483648
41 25 -2147483648
41 26 -2147483648
41 27 0
41 28 0
41 29 -2147483648
41 30 -2147483648
41 31 0
41 32 -2147483648
41 33 -2147483648
41 34 -2147483648
41 35 1
41 36 -2147483648
41 37 -2147483648
41 38 0
41 39 3
41 40 4
41 42 -2147483648
41 43 -2147483648
41 44 -2147483648
41 45 -2147483648
41 46 3
41 47 -2147483648
41 48 2
41 49 0
42 0 -2147483648
42 1 -2147483648
42 2 1
42 3 -2147483648
42 4 -2147483648
42 5 2
42 6 -2147483648
42 7 -2147483648
42 8 -2147483648
42 9 -2147483648
42 10 -2147483648
42 11 0
42 12 3
42 13 0
42 14 -2147483648
42 15 -2147483648
42 16 -2147483648
42 17 -2147483648
42 18 -2147483648
42 19 -2147483648
42 20 -2147483648
42 21 3
42 22 -2147483648
42 23 -2147483648
42 24 -2147483648
42 25 -2147483648
42 26 -2147483648
42 27 0
42 28 -2147483648
42 29 2
42 30 -2147483648
42 31 -2147483648
42 32 1
42 33 -2147483648
42 34 -2147483648
42 35 0
42 36 -2147483648
42 37 -2147483648
42 38 -2147483648
42 39 -2147483648
42 40 -2147483648
42 41 -2147483648
42 43 -2147483648
42 44 -2147483648
42 45 -2147483648
42 46 -2147483648
42 47 -2147483648
42 48 -2147483648
42 49 0
43 0 -2147483648
43 1 1
43 2 -2147483648
43 3 0
43 4 -2147483648
43 5 -2147483648
43 6 -2147483648
43 7 -2147483648
43 8 -2147483648
43 9 1
43 10 -2147483648
43 11 0
43 12 -2147483648
43 13 -2147483648
43 14 -2147483648
43 15 2
43 16 -2147483648
43 17 -2147483648
43 18 -2147483648
43 19 -2147483648
43 20 -2147483648
43 21 -2147483648
43 22 -2147483648
43 23 -2147483648
43 24 -2147483648
43 25 -2147483648
43 26 3
43 27 0
43 28 -2147483648
43 29 -2147483648
43 30 4
43 31 0
43 32 -2147483648
43 33 -2147483648
43 34 -2147483648
43 35 -2147483648
43 36 -2147483648
43 37 -2147483648
43 38 -2147483648
43 39 -2147483648
43 40 -2147483648
43 41 -2147483648
43 42 -2147483648
43 44 -2147483648
43 45 -2147483648
43 46 -2147483648
43 47 -2147483648
43 48 -2147483648
43 49 -2147483648
44 0 -2147483648
44 1 -2147483648
44 2 -2147483648
44 3 -2147483648
44 4 -2147483648
44 5 0
44 6 2
44 7 -2147483648
44 8 -2147483648
44 9 -2147483648
44 10 -2147483648
44 11 -2147483648
44 12 -2147483648
44 13 2
44 14 -2147483648
44 15 -2147483648
44 16 0
44 17 1
44 18 -2147483648
44 19 -2147483648
44 20 -2147483648
44 21 -2147483648
44 22 -2147483648
44 23 -2147483648
44 24 1
44 25 2
44 26 -2147483648
44 27 1
44 28 -2147483648
44 29 -2147483648
44 30 -2147483648
44 31 2
44 32 -2147483648
44 33 1
44 34 -2147483648
44 35 -2147483648
44 36 -2147483648
44 37 -2147483648
44 38 4
44 39 1
44 40 -2147483648
44 41 -2147483648
44 42 -2147483648
44 43 -2147483648
44 45 -2147483648
44 46 -2147483648
44 47 0
44 48 -2147483648
44 49 2
45 0 -2147483648
45 1 0
45 2 -2147483648
45 3 0
45 4 -2147483648
45 5 -2147483648
45 6 -2147483648
45 7 0
45 8 -2147483648
45 9 -2147483648
45 10 -2147483648
45 11 0
45 12 -2147483648
45 13 -2147483648
45 14 -2147483648
45 15 -2147483648
45 16 -2147483648
45 17 1
45 18 -2147483648
45 19 0
45 20 -2147483648
45 21 -2147483648
45 22 -2147483648
45 23 3
45 24 -2147483648
45 25 1
45 26 -2147483648
45 27 0
45 28 -2147483648
45 29 0
45 30 -2147483648
45 31 0
45 32 0
45 33 1
45 34 -2147483648
45 35 -2147483648
45 36 0
45 37 1
45 38 -2147483648
45 39 -2147483648
45 40 -2147483648
45 41 -2147483648
45 42 -2147483648
45 43 -2147483648
45 44 -2147483648
45 46 -2147483648
45 47 1
45 48 -2147483648
45 49 -2147483648
46 0 1
46 1 -2147483648
46 2 -2147483648
46 3 0
46 4 -2147483648
46 5 -2147483648
46 6 -2147483648
46 7 -2147483648
46 8 -2147483648
46 9 0
46 10 -2147483648
46 11 -2147483648
46 12 -2147483648
46 13 0
46 14 -2147483648
46 15 0
46 16 1
46 17 -2147483648
46 18 -2147483648
46 19 -2147483648
46 20 -2147483648
46 21 -2147483648
46 22 1
46 23 -2147483648
46 24 -2147483648
46 25 -2147483648
46 26 -2147483648
46 27 0
46 28 0
46 29 -2147483648
46 30 -2147483648
46 31 0
46 32 -2147483648
46 33 -2147483648
46 34 -2147483648
46 35 0
46 36 -2147483648
46 37 -2147483648
46 38 0
46 39 3
46 40 3
46 41 3
46 42 -2147483648
46 43 -2147483648
46 44 -2147483648
46 45 -2147483648
46 47 -2147483648
46 48 1
46 49 0
47 0 -2147483648
47 1 -2147483648
47 2 0
47 3 2
47 4 -2147483648
47 5 -2147483648
47 6 -2147483648
47 7 0
47 8 -2147483648
47 9 -2147483648
47 10 -2147483648
47 11 0
47 12 -2147483648
47 13 0
47 14 -2147483648
47 15 -2147483648
47 16 -2147483648
47 17 -2147483648
47 18 -2147483648
47 19 2
47 20 -2147483648
47 21 -2147483648
47 22 -2147483648
47 23 1
47 24 -2147483648
47 25 -2147483648
47 26 0
47 27 0
47 28 1
47 29 0
47 30 -2147483648
47 31 0
47 32 0
47 33 -2147483648
47 34 -2147483648
47 35 0
47 36 0
47 37 3
47 38 0
47 39 -2147483648
47 40 -2147483648
47 41 -2147483648
47 42 -2147483648
47 43 -2147483648
47 44 0
47 45 1
47 46 -2147483648
47 48 -2147483648
47 49 0
48 0 1
48 1 -2147483648
48 2 0
48 3 1
48 4 -2147483648
48 5 -2147483648
48 6 -2147483648
48 7 0
48 8 -2147483648
48 9 -2147483648
48 10 -2147483648
48 11 -2147483648
48 12 -2147483648
48 13 0
48 14 -2147483648
48 15 -2147483648
48 16 1
48 17 -2147483648
48 18 -2147483648
48 19 1
48 20 -2147483648
48 21 -2147483648
48 22 2
48 23 -2147483648
48 24 -2147483648
48 25 -2147483648
48 26 -2147483648
48 27 -2147483648
48 28 1
48 29 0
48 30 -2147483648
48 31 -2147483648
48 32 0
48 33 -2147483648
48 34 -2147483648
48 35 0
48 36 -2147483648
48 37 -2147483648
48 38 -2147483648
48 39 -2147483648
48 40 1
48 41 2
48 42 -2147483648
48 43 -2147483648
48 44 -2147483648
48 45 -2147483648
48 46 1
48 47 -2147483648
48 49 0
49 0 -2147483648
49 1 0
49 2 -2147483648
49 3 0
49 4 -2147483648
49 5 0
49 6 1
49 7 0
49 8 1
49 9 -2147483648
49 10 1
49 11 0
49 12 0
49 13 2
49 14 -2147483648
49 15 -2147483648
49 16 0
49 17 0
49 18 0
49 19 0
49 20 -2147483648
49 21 0
49 22 1
49 23 -2147483648
49 24 0
49 25 0
49 26 -2147483648
49 27 0
49 28 2
49 29 0
49 30 -2147483648
49 31 0
49 32 0
49 33 0
49 34 -2147483648
49 35 -2147483648
49 36 0
49 37 0
49 38 2
49 39 0
49 40 0
49 41 0
49 42 0
49 43 -2147483648
49 44 2
49 45 -2147483648
49 46 0
49 47 0
49 48 0
