0 1 -2147483648
0 2 -2147483648
0 3 -2147483648
0 4 -2147483648
0 5 -2147483648
0 6 0
0 7 0
0 8 2
0 9 3
0 10 0
0 11 0
0 12 0
0 13 -2147483648
0 14 0
0 15 0
0 16 -2147483648
0 17 0
0 18 0
0 19 0
0 20 0
0 21 0
0 22 1
0 23 -2147483648
0 24 0
0 25 -2147483648
0 26 0
0 27 1
0 28 1
0 29 0
0 30 0
0 31 0
0 32 0
0 33 0
0 34 0
0 35 1
0 36 0
0 37 0
0 38 -2147483648
0 39 -2147483648
1 0 -2147483648
1 2 -2147483648
1 3 -2147483648
1 4 -2147483648
1 5 -2147483648
1 6 0
1 7 0
1 8 3
1 9 -2147483648
1 10 0
1 11 0
1 12 -2147483648
1 13 -2147483648
1 14 0
1 15 0
1 16 -2147483648
1 17 0
1 18 0
1 19 0
1 20 0
1 21 0
1 22 1
1 23 -2147483648
1 24 -2147483648
1 25 -2147483648
1 26 0
1 27 1
1 28 1
1 29 0
1 30 0
1 31 0
1 32 0
1 33 0
1 34 0
1 35 1
1 36 0
1 37 0
1 38 -2147483648
1 39 -2147483648
2 0 -2147483648
2 1 -2147483648
2 3 -2147483648
2 4 0
2 5 -2147483648
2 6 0
2 7 0
2 8 0
2 9 -2147483648
2 10 0
2 11 0
2 12 0
2 13 2
2 14 0
2 15 0
2 16 0
2 17 0
2 18 -2147483648
2 19 -2147483648
2 20 0
2 21 0
2 22 0
2 23 0
2 24 0
2 25 -2147483648
2 26 0
2 27 0
2 28 0
2 29 0
2 30 0
2 31 0
2 32 -2147483648
2 33 -2147483648
2 34 0
2 35 0
2 36 0
2 37 0
2 38 2
2 39 0
3 0 -2147483648
3 1 -2147483648
3 2 -2147483648
3 4 -2147483648
3 5 -2147483648
3 6 0
3 7 0
3 8 -2147483648
3 9 -2147483648
3 10 0
3 11 0
3 12 0
3 13 -2147483648
3 14 0
3 15 0
3 16 -2147483648
3 17 0
3 18 0
3 19 0
3 20 0
3 21 0
3 22 -2147483648
3 23 -2147483648
3 24 0
3 25 -2147483648
3 26 0
3 27 -2147483648
3 28 -2147483648
3 29 0
3 30 0
3 31 0
3 32 0
3 33 0
3 34 0
3 35 -2147483648
3 36 0
3 37 0
3 38 -2147483648
3 39 2
4 0 -2147483648
4 1 -2147483648
4 2 0
4 3 -2147483648
4 5 -2147483648
4 6 0
4 7 0
4 8 -2147483648
4 9 -2147483648
4 10 0
4 11 0
4 12 1
4 13 -2147483648
4 14 0
4 15 0
4 16 0
4 17 0
4 18 0
4 19 0
4 20 0
4 21 0
4 22 0
4 23 0
4 24 1
4 25 -2147483648
4 26 0
4 27 0
4 28 0
4 29 0
4 30 0
4 31 0
4 32 0
4 33 0
4 34 0
4 35 0
4 36 0
4 37 0
4 38 -2147483648
4 39 -2147483648
5 0 -2147483648
5 1 -2147483648
5 2 -2147483648
5 3 -2147483648
5 4 -2147483648
5 6 0
5 7 0
5 8 -2147483648
5 9 -2147483648
5 10 0
5 11 0
5 12 1
5 13 -2147483648
5 14 0
5 15 0
5 16 0
5 17 0
5 18 0
5 19 0
5 20 0
5 21 0
5 22 0
5 23 0
5 24 1
5 25 -2147483648
5 26 0
5 27 0
5 28 0
5 29 0
5 30 0
5 31 0
5 32 0
5 33 0
5 34 0
5 35 0
5 36 0
5 37 0
5 38 -2147483648
5 39 -2147483648
6 0 0
6 1 0
6 2 0
6 3 0
6 4 0
6 5 0
6 7 -2147483648
6 8 0
6 9 0
6 10 1
6 11 0
6 12 0
6 13 0
6 14 -2147483648
6 15 2
6 16 1
6 17 0
6 18 0
6 19 1
6 20 1
6 21 -2147483648
6 22 0
6 23 -2147483648
6 24 1
6 25 0
6 26 1
6 27 -2147483648
6 28 0
6 29 -2147483648
6 30 -2147483648
6 31 1
6 32 0
6 33 1
6 34 -2147483648
6 35 -2147483648
6 36 1
6 37 -2147483648
6 38 0
6 39 0
7 0 0
7 1 0
7 2 0
7 3 0
7 4 0
7 5 0
7 6 -2147483648
7 8 0
7 9 0
7 10 -2147483648
7 11 2
7 12 0
7 13 0
7 14 3
7 15 -2147483648
7 16 1
7 17 0
7 18 1
7 19 -2147483648
7 20 -2147483648
7 21 3
7 22 0
7 23 2
7 24 -2147483648
7 25 1
7 26 1
7 27 -2147483648
7 28 0
7 29 -2147483648
7 30 1
7 31 -2147483648
7 32 1
7 33 -2147483648
7 34 2
7 35 -2147483648
7 36 -2147483648
7 37 3
7 38 0
7 39 0
8 0 2
8 1 3
8 2 0
8 3 -2147483648
8 4 -2147483648
8 5 -2147483648
8 6 0
8 7 0
8 9 -2147483648
8 10 0
8 11 0
8 12 -2147483648
8 13 -2147483648
8 14 0
8 15 0
8 16 -2147483648
8 17 0
8 18 0
8 19 0
8 20 0
8 21 0
8 22 1
8 23 -2147483648
8 24 -2147483648
8 25 -2147483648
8 26 0
8 27 1
8 28 1
8 29 0
8 30 0
8 31 0
8 32 0
8 33 0
8 34 0
8 35 1
8 36 0
8 37 0
8 38 -2147483648
8 39 -2147483648
9 0 3
9 1 -2147483648
9 2 -2147483648
9 3 -2147483648
9 4 -2147483648
9 5 -2147483648
9 6 0
9 7 0
9 8 -2147483648
9 10 0
9 11 0
9 12 -2147483648
9 13 -2147483648
9 14 0
9 15 0
9 16 -2147483648
9 17 0
9 18 0
9 19 0
9 20 0
9 21 0
9 22 1
9 23 -2147483648
9 24 -2147483648
9 25 -2147483648
9 26 0
9 27 1
9 28 1
9 29 0
9 30 0
9 31 0
9 32 0
9 33 0
9 34 0
9 35 1
9 36 0
9 37 0
9 38 -2147483648
9 39 -2147483648
10 0 0
10 1 0
10 2 0
10 3 0
10 4 0
10 5 0
10 6 1
10 7 -2147483648
10 8 0
10 9 0
10 11 -2147483648
10 12 0
10 13 0
10 14 -2147483648
10 15 1
10 16 0
10 17 0
10 18 0
10 19 2
10 20 1
10 21 -2147483648
10 22 0
10 23 -2147483648
10 24 1
10 25 0
10 26 0
10 27 1
10 28 0
10 29 -2147483648
10 30 -2147483648
10 31 1
10 32 0
10 33 2
10 34 -2147483648
10 35 0
10 36 1
10 37 -2147483648
10 38 0
10 39 0
11 0 0
11 1 0
11 2 0
11 3 0
11 4 0
11 5 0
11 6 0
11 7 2
11 8 0
11 9 0
11 10 -2147483648
11 12 0
11 13 0
11 14 1
11 15 0
11 16 0
11 17 0
11 18 1
11 19 -2147483648
11 20 0
11 21 2
11 22 0
11 23 0
11 24 0
11 25 1
11 26 0
11 27 -2147483648
11 28 0
11 29 -2147483648
11 30 0
11 31 -2147483648
11 32 1
11 33 -2147483648
11 34 0
11 35 0
11 36 0
11 37 2
11 38 0
11 39 0
12 0 0
12 1 -2147483648
12 2 0
12 3 0
12 4 1
12 5 1
12 6 0
12 7 0
12 8 -2147483648
12 9 -2147483648
12 10 0
12 11 0
12 13 -2147483648
12 14 0
12 15 0
12 16 0
12 17 -2147483648
12 18 0
12 19 0
12 20 0
12 21 0
12 22 0
12 23 0
12 24 -2147483648
12 25 -2147483648
12 26 0
12 27 0
12 28 0
12 29 -2147483648
12 30 -2147483648
12 31 -2147483648
12 32 0
12 33 0
12 34 0
12 35 0
12 36 0
12 37 0
12 38 -2147483648
12 39 -2147483648
13 0 -2147483648
13 1 -2147483648
13 2 2
13 3 -2147483648
13 4 -2147483648
13 5 -2147483648
13 6 0
13 7 0
13 8 -2147483648
13 9 -2147483648
13 10 0
13 11 0
13 12 -2147483648
13 14 0
13 15 0
13 16 -2147483648
13 17 1
13 18 -2147483648
13 19 -2147483648
13 20 0
13 21 0
13 22 0
13 23 0
13 24 -2147483648
13 25 -2147483648
13 26 0
13 27 0
13 28 -2147483648
13 29 0
13 30 0
13 31 0
13 32 -2147483648
13 33 -2147483648
13 34 0
13 35 0
13 36 0
13 37 0
13 38 3
13 39 -2147483648
14 0 0
14 1 0
14 2 0
14 3 0
14 4 0
14 5 0
14 6 -2147483648
14 7 3
14 8 0
14 9 0
14 10 -2147483648
14 11 1
14 12 0
14 13 0
14 15 -2147483648
14 16 1
14 17 0
14 18 0
14 19 -2147483648
14 20 -2147483648
14 21 2
14 22 0
14 23 2
14 24 -2147483648
14 25 0
14 26 1
14 27 -2147483648
14 28 0
14 29 -2147483648
14 30 1
14 31 -2147483648
14 32 0
14 33 -2147483648
14 34 2
14 35 -2147483648
14 36 -2147483648
14 37 2
14 38 0
14 39 0
15 0 0
15 1 0
15 2 0
15 3 0
15 4 0
15 5 0
15 6 2
15 7 -2147483648
15 8 0
15 9 0
15 10 1
15 11 0
15 12 0
15 13 0
15 14 -2147483648
15 16 1
15 17 0
15 18 0
15 19 1
15 20 1
15 21 -2147483648
15 22 0
15 23 -2147483648
15 24 1
15 25 0
15 26 1
15 27 -2147483648
15 28 0
15 29 -2147483648
15 30 -2147483648
15 31 2
15 32 0
15 33 1
15 34 -2147483648
15 35 -2147483648
15 36 1
15 37 -2147483648
15 38 0
15 39 0
16 0 -2147483648
16 1 -2147483648
16 2 0
16 3 -2147483648
16 4 0
16 5 0
16 6 1
16 7 1
16 8 -2147483648
16 9 -2147483648
16 10 0
16 11 0
16 12 0
16 13 -2147483648
16 14 1
16 15 1
16 17 -2147483648
16 18 0
16 19 0
16 20 0
16 21 0
16 22 -2147483648
16 23 2
16 24 0
16 25 0
16 26 1
16 27 -2147483648
16 28 -2147483648
16 29 0
16 30 0
16 31 0
16 32 0
16 33 0
16 34 1
16 35 -2147483648
16 36 0
16 37 0
16 38 0
16 39 -2147483648
17 0 0
17 1 0
17 2 0
17 3 0
17 4 0
17 5 0
17 6 0
17 7 0
17 8 0
17 9 0
17 10 0
17 11 0
17 12 -2147483648
17 13 1
17 14 0
17 15 0
17 16 -2147483648
17 18 0
17 19 0
17 20 0
17 21 0
17 22 0
17 23 0
17 24 1
17 25 0
17 26 0
17 27 0
17 28 -2147483648
17 29 2
17 30 1
17 31 1
17 32 0
17 33 0
17 34 0
17 35 0
17 36 0
17 37 0
17 38 0
17 39 0
18 0 0
18 1 0
18 2 -2147483648
18 3 0
18 4 0
18 5 0
18 6 0
18 7 1
18 8 0
18 9 0
18 10 0
18 11 1
18 12 0
18 13 -2147483648
18 14 0
18 15 0
18 16 0
18 17 0
18 19 -2147483648
18 20 0
18 21 1
18 22 0
18 23 0
18 24 0
18 25 2
18 26 0
18 27 0
18 28 0
18 29 0
18 30 0
18 31 -2147483648
18 32 2
18 33 -2147483648
18 34 0
18 35 0
18 36 0
18 37 1
18 38 -2147483648
18 39 0
19 0 0
19 1 0
19 2 -2147483648
19 3 0
19 4 0
19 5 0
19 6 1
19 7 -2147483648
19 8 0
19 9 0
19 10 2
19 11 -2147483648
19 12 0
19 13 -2147483648
19 14 -2147483648
19 15 1
19 16 0
19 17 0
19 18 -2147483648
19 20 1
19 21 -2147483648
19 22 0
19 23 -2147483648
19 24 1
19 25 -2147483648
19 26 0
19 27 1
19 28 0
19 29 -2147483648
19 30 -2147483648
19 31 2
19 32 -2147483648
19 33 4
19 34 -2147483648
19 35 0
19 36 1
19 37 -2147483648
19 38 -2147483648
19 39 0
20 0 0
20 1 0
20 2 0
20 3 0
20 4 0
20 5 0
20 6 1
20 7 -2147483648
20 8 0
20 9 0
20 10 1
20 11 0
20 12 0
20 13 0
20 14 -2147483648
20 15 1
20 16 0
20 17 0
20 18 0
20 19 1
20 21 -2147483648
20 22 0
20 23 -2147483648
20 24 1
20 25 0
20 26 0
20 27 0
20 28 0
20 29 -2147483648
20 30 -2147483648
20 31 1
20 32 0
20 33 1
20 34 -2147483648
20 35 0
20 36 1
20 37 -2147483648
20 38 0
20 39 0
21 0 0
21 1 0
21 2 0
21 3 0
21 4 0
21 5 0
21 6 -2147483648
21 7 3
21 8 0
21 9 0
21 10 -2147483648
21 11 2
21 12 0
21 13 0
21 14 2
21 15 -2147483648
21 16 0
21 17 0
21 18 1
21 19 -2147483648
21 20 -2147483648
21 22 0
21 23 1
21 24 -2147483648
21 25 1
21 26 0
21 27 -2147483648
21 28 0
21 29 -2147483648
21 30 1
21 31 -2147483648
21 32 1
21 33 -2147483648
21 34 1
21 35 0
21 36 -2147483648
21 37 3
21 38 0
21 39 0
22 0 1
22 1 1
22 2 0
22 3 -2147483648
22 4 0
22 5 0
22 6 0
22 7 0
22 8 1
22 9 1
22 10 0
22 11 0
22 12 0
22 13 0
22 14 0
22 15 0
22 16 -2147483648
22 17 0
22 18 0
22 19 0
22 20 0
22 21 0
22 23 -2147483648
22 24 0
22 25 0
22 26 0
22 27 2
22 28 1
22 29 0
22 30 0
22 31 0
22 32 0
22 33 0
22 34 0
22 35 2
22 36 0
22 37 0
22 38 0
22 39 -2147483648
23 0 -2147483648
23 1 -2147483648
23 2 0
23 3 -2147483648
23 4 0
23 5 0
23 6 -2147483648
23 7 2
23 8 -2147483648
23 9 -2147483648
23 10 -2147483648
23 11 0
23 12 0
23 13 0
23 14 2
23 15 -2147483648
23 16 2
23 17 0
23 18 0
23 19 -2147483648
23 20 -2147483648
23 21 1
23 22 -2147483648
23 24 -2147483648
23 25 0
23 26 1
23 27 -2147483648
23 28 -2147483648
23 29 1
23 30 1
23 31 -2147483648
23 32 0
23 33 -2147483648
23 34 2
23 35 -2147483648
23 36 -2147483648
23 37 1
23 38 0
23 39 -2147483648
24 0 0
24 1 -2147483648
24 2 0
24 3 0
24 4 1
24 5 1
24 6 1
24 7 -2147483648
24 8 -2147483648
24 9 -2147483648
24 10 1
24 11 0
24 12 -2147483648
24 13 -2147483648
24 14 -2147483648
24 15 1
24 16 0
24 17 1
24 18 0
24 19 1
24 20 1
24 21 -2147483648
24 22 0
24 23 -2147483648
24 25 -2147483648
24 26 0
24 27 0
24 28 0
24 29 -2147483648
24 30 -2147483648
24 31 2
24 32 0
24 33 1
24 34 -2147483648
24 35 0
24 36 1
24 37 -2147483648
24 38 -2147483648
24 39 -2147483648
25 0 -2147483648
25 1 -2147483648
25 2 -2147483648
25 3 -2147483648
25 4 -2147483648
25 5 -2147483648
25 6 0
25 7 1
25 8 -2147483648
25 9 -2147483648
25 10 0
25 11 1
25 12 -2147483648
25 13 -2147483648
25 14 0
25 15 0
25 16 0
25 17 0
25 18 2
25 19 -2147483648
25 20 0
25 21 1
25 22 0
25 23 0
25 24 -2147483648
25 26 0
25 27 0
25 28 0
25 29 0
25 30 0
25 31 -2147483648
25 32 2
25 33 -2147483648
25 34 0
25 35 0
25 36 0
25 37 1
25 38 -2147483648
25 39 -2147483648
26 0 0
26 1 0
26 2 0
26 3 0
26 4 0
26 5 0
26 6 1
26 7 1
26 8 0
26 9 0
26 10 0
26 11 0
26 12 0
26 13 0
26 14 1
26 15 1
26 16 1
26 17 0
26 18 0
26 19 0
26 20 0
26 21 0
26 22 0
26 23 1
26 24 0
26 25 0
26 27 -2147483648
26 28 0
26 29 0
26 30 0
26 31 0
26 32 0
26 33 0
26 34 1
26 35 -2147483648
26 36 0
26 37 0
26 38 0
26 39 0
27 0 1
27 1 1
27 2 0
27 3 -2147483648
27 4 0
27 5 0
27 6 -2147483648
27 7 -2147483648
27 8 1
27 9 1
27 10 1
27 11 -2147483648
27 12 0
27 13 0
27 14 -2147483648
27 15 -2147483648
27 16 -2147483648
27 17 0
27 18 0
27 19 1
27 20 0
27 21 -2147483648
27 22 2
27 23 -2147483648
27 24 0
27 25 0
27 26 -2147483648
27 28 1
27 29 -2147483648
27 30 0
27 31 0
27 32 0
27 33 1
27 34 -2147483648
27 35 3
27 36 0
27 37 -2147483648
27 38 0
27 39 -2147483648
28 0 1
28 1 1
28 2 0
28 3 -2147483648
28 4 0
28 5 0
28 6 0
28 7 0
28 8 1
28 9 1
28 10 0
28 11 0
28 12 0
28 13 -2147483648
28 14 0
28 15 0
28 16 -2147483648
28 17 -2147483648
28 18 0
28 19 0
28 20 0
28 21 0
28 22 1
28 23 -2147483648
28 24 0
28 25 0
28 26 0
28 27 1
28 29 -2147483648
28 30 0
28 31 0
28 32 0
28 33 0
28 34 0
28 35 1
28 36 0
28 37 0
28 38 0
28 39 -2147483648
29 0 0
29 1 0
29 2 0
29 3 0
29 4 0
29 5 0
29 6 -2147483648
29 7 -2147483648
29 8 0
29 9 0
29 10 -2147483648
29 11 -2147483648
29 12 -2147483648
29 13 0
29 14 -2147483648
29 15 -2147483648
29 16 0
29 17 2
29 18 0
29 19 -2147483648
29 20 -2147483648
29 21 -2147483648
29 22 0
29 23 1
29 24 -2147483648
29 25 0
29 26 0
29 27 -2147483648
29 28 -2147483648
29 30 2
29 31 -2147483648
29 32 0
29 33 -2147483648
29 34 1
29 35 0
29 36 -2147483648
29 37 -2147483648
29 38 0
29 39 0
30 0 0
30 1 0
30 2 0
30 3 0
30 4 0
30 5 0
30 6 -2147483648
30 7 1
30 8 0
30 9 0
30 10 -2147483648
30 11 0
30 12 -2147483648
30 13 0
30 14 1
30 15 -2147483648
30 16 0
30 17 1
30 18 0
30 19 -2147483648
30 20 -2147483648
30 21 1
30 22 0
30 23 1
30 24 -2147483648
30 25 0
30 26 0
30 27 0
30 28 0
30 29 2
30 31 -2147483648
30 32 0
30 33 -2147483648
30 34 1
30 35 0
30 36 -2147483648
30 37 1
30 38 0
30 39 0
31 0 0
31 1 0
31 2 0
31 3 0
31 4 0
31 5 0
31 6 1
31 7 -2147483648
31 8 0
31 9 0
31 10 1
31 11 -2147483648
31 12 -2147483648
31 13 0
31 14 -2147483648
31 15 2
31 16 0
31 17 1
31 18 -2147483648
31 19 2
31 20 1
31 21 -2147483648
31 22 0
31 23 -2147483648
31 24 2
31 25 -2147483648
31 26 0
31 27 0
31 28 0
31 29 -2147483648
31 30 -2147483648
31 32 -2147483648
31 33 2
31 34 -2147483648
31 35 0
31 36 1
31 37 -2147483648
31 38 0
31 39 0
32 0 0
32 1 0
32 2 -2147483648
32 3 0
32 4 0
32 5 0
32 6 0
32 7 1
32 8 0
32 9 0
32 10 0
32 11 1
32 12 0
32 13 -2147483648
32 14 0
32 15 0
32 16 0
32 17 0
32 18 2
32 19 -2147483648
32 20 0
32 21 1
32 22 0
32 23 0
32 24 0
32 25 2
32 26 0
32 27 0
32 28 0
32 29 0
32 30 0
32 31 -2147483648
32 33 -2147483648
32 34 0
32 35 0
32 36 0
32 37 1
32 38 -2147483648
32 39 0
33 0 0
33 1 0
33 2 -2147483648
33 3 0
33 4 0
33 5 0
33 6 1
33 7 -2147483648
33 8 0
33 9 0
33 10 2
33 11 -2147483648
33 12 0
33 13 -2147483648
33 14 -2147483648
33 15 1
33 16 0
33 17 0
33 18 -2147483648
33 19 4
33 20 1
33 21 -2147483648
33 22 0
33 23 -2147483648
33 24 1
33 25 -2147483648
33 26 0
33 27 1
33 28 0
33 29 -2147483648
33 30 -2147483648
33 31 2
33 32 -2147483648
33 34 -2147483648
33 35 0
33 36 1
33 37 -2147483648
33 38 -2147483648
33 39 0
34 0 0
34 1 0
34 2 0
34 3 0
34 4 0
34 5 0
34 6 -2147483648
34 7 2
34 8 0
34 9 0
34 10 -2147483648
34 11 0
34 12 0
34 13 0
34 14 2
34 15 -2147483648
34 16 1
34 17 0
34 18 0
34 19 -2147483648
34 20 -2147483648
34 21 1
34 22 0
34 23 2
34 24 -2147483648
34 25 0
34 26 1
34 27 -2147483648
34 28 0
34 29 1
34 30 1
34 31 -2147483648
34 32 0
34 33 -2147483648
34 35 -2147483648
34 36 -2147483648
34 37 1
34 38 0
34 39 0
35 0 1
35 1 1
35 2 0
35 3 -2147483648
35 4 0
35 5 0
35 6 -2147483648
35 7 -2147483648
35 8 1
35 9 1
35 10 0
35 11 0
35 12 0
35 13 0
35 14 -2147483648
35 15 -2147483648
35 16 -2147483648
35 17 0
35 18 0
35 19 0
35 20 0
35 21 0
35 22 2
35 23 -2147483648
35 24 0
35 25 0
35 26 -2147483648
35 27 3
35 28 1
35 29 0
35 30 0
35 31 0
35 32 0
35 33 0
35 34 -2147483648
35 36 0
35 37 0
35 38 0
35 39 -2147483648
36 0 0
36 1 0
36 2 0
36 3 0
36 4 0
36 5 0
36 6 1
36 7 -2147483648
36 8 0
36 9 0
36 10 1
36 11 0
36 12 0
36 13 0
36 14 -2147483648
36 15 1
36 16 0
36 17 0
36 18 0
36 19 1
36 20 1
36 21 -2147483648
36 22 0
36 23 -2147483648
36 24 1
36 25 0
36 26 0
36 27 0
36 28 0
36 29 -2147483648
36 30 -2147483648
36 31 1
36 32 0
36 33 1
36 34 -2147483648
36 35 0
36 37 -2147483648
36 38 0
36 39 0
37 0 0
37 1 0
37 2 0
37 3 0
37 4 0
37 5 0
37 6 -2147483648
37 7 3
37 8 0
37 9 0
37 10 -2147483648
37 11 2
37 12 0
37 13 0
37 14 2
37 15 -2147483648
37 16 0
37 17 0
37 18 1
37 19 -2147483648
37 20 -2147483648
37 21 3
37 22 0
37 23 1
37 24 -2147483648
37 25 1
37 26 0
37 27 -2147483648
37 28 0
37 29 -2147483648
37 30 1
37 31 -2147483648
37 32 1
37 33 -2147483648
37 34 1
37 35 0
37 36 -2147483648
37 38 0
37 39 0
38 0 -2147483648
38 1 -2147483648
38 2 2
38 3 -2147483648
38 4 -2147483648
38 5 -2147483648
38 6 0
38 7 0
38 8 -2147483648
38 9 -2147483648
38 10 0
38 11 0
38 12 -2147483648
38 13 3
38 14 0
38 15 0
38 16 0
38 17 0
38 18 -2147483648
38 19 -2147483648
38 20 0
38 21 0
38 22 0
38 23 0
38 24 -2147483648
38 25 -2147483648
38 26 0
38 27 0
38 28 0
38 29 0
38 30 0
38 31 0
38 32 -2147483648
38 33 -2147483648
38 34 0
38 35 0
38 36 0
38 37 0
38 39 -2147483648
39 0 -2147483648
39 1 -2147483648
39 2 0
39 3 2
39 4 -2147483648
39 5 -2147483648
39 6 0
39 7 0
39 8 -2147483648
39 9 -2147483648
39 10 0
39 11 0
39 12 -2147483648
39 13 -2147483648
39 14 0
39 15 0
39 16 -2147483648
39 17 0
39 18 0
39 19 0
39 20 0
39 21 0
39 22 -2147483648
39 23 -2147483648
39 24 -2147483648
39 25 -2147483648
39 26 0
39 27 -2147483648
39 28 -2147483648
39 29 0
39 30 0
39 31 0
39 32 0
39 33 0
39 34 0
39 35 -2147483648
39 36 0
39 37 0
39 38 -2147483648
