0 1 7
0 2 -2147483648
0 3 -2147483648
0 4 5
0 5 -2147483648
0 6 -2147483648
0 7 -2147483648
0 8 -2147483648
0 9 -2147483648
0 10 -2147483648
0 11 -2147483648
0 12 -2147483648
0 13 -2147483648
0 14 -2147483648
0 15 -2147483648
0 16 5
0 17 -2147483648
0 18 6
0 19 -2147483648
0 20 -2147483648
0 21 -2147483648
0 22 -2147483648
0 23 -2147483648
0 24 -2147483648
0 25 -2147483648
0 26 1
0 27 -2147483648
0 28 -2147483648
0 29 -2147483648
0 30 -2147483648
0 31 -2147483648
0 32 -2147483648
0 33 -2147483648
0 34 -2147483648
0 35 -2147483648
0 36 -2147483648
0 37 -2147483648
0 38 -2147483648
0 39 -2147483648
0 40 -2147483648
0 41 -2147483648
0 42 2
0 43 2
0 44 -2147483648
0 45 -2147483648
0 46 -2147483648
0 47 -2147483648
0 48 0
0 49 -2147483648
1 0 7
1 2 -2147483648
1 3 -2147483648
1 4 5
1 5 -2147483648
1 6 -2147483648
1 7 -2147483648
1 8 -2147483648
1 9 -2147483648
1 10 -2147483648
1 11 -2147483648
1 12 -2147483648
1 13 -2147483648
1 14 -2147483648
1 15 -2147483648
1 16 5
1 17 -2147483648
1 18 6
1 19 -2147483648
1 20 -2147483648
1 21 -2147483648
1 22 -2147483648
1 23 -2147483648
1 24 -2147483648
1 25 -2147483648
1 26 1
1 27 -2147483648
1 28 -2147483648
1 29 -2147483648
1 30 -2147483648
1 31 -2147483648
1 32 -2147483648
1 33 -2147483648
1 34 -2147483648
1 35 -2147483648
1 36 -2147483648
1 37 -2147483648
1 38 -2147483648
1 39 -2147483648
1 40 -2147483648
1 41 -2147483648
1 42 2
1 43 2
1 44 -2147483648
1 45 -2147483648
1 46 -2147483648
1 47 -2147483648
1 48 0
1 49 -2147483648
2 0 -2147483648
2 1 -2147483648
2 3 2
2 4 -2147483648
2 5 -2147483648
2 6 1
2 7 3
2 8 -2147483648
2 9 -2147483648
2 10 -2147483648
2 11 2
2 12 -2147483648
2 13 -2147483648
2 14 -2147483648
2 15 -2147483648
2 16 -2147483648
2 17 -2147483648
2 18 -2147483648
2 19 -2147483648
2 20 -2147483648
2 21 2
2 22 2
2 23 -2147483648
2 24 -2147483648
2 25 -2147483648
2 26 -2147483648
2 27 -2147483648
2 28 -2147483648
2 29 1
2 30 -2147483648
2 31 -2147483648
2 32 -2147483648
2 33 -2147483648
2 34 -2147483648
2 35 -2147483648
2 36 -2147483648
2 37 -2147483648
2 38 -2147483648
2 39 -2147483648
2 40 1
2 41 2
2 42 3
2 43 2
2 44 -2147483648
2 45 -2147483648
2 46 -2147483648
2 47 -2147483648
2 48 -2147483648
2 49 -2147483648
3 0 -2147483648
3 1 -2147483648
3 2 2
3 4 -2147483648
3 5 -2147483648
3 6 -2147483648
3 7 -2147483648
3 8 0
3 9 -2147483648
3 10 -2147483648
3 11 5
3 12 -2147483648
3 13 -2147483648
3 14 -2147483648
3 15 -2147483648
3 16 -2147483648
3 17 -2147483648
3 18 1
3 19 -2147483648
3 20 -2147483648
3 21 6
3 22 5
3 23 -2147483648
3 24 -2147483648
3 25 1
3 26 -2147483648
3 27 -2147483648
3 28 -2147483648
3 29 -2147483648
3 30 -2147483648
3 31 0
3 32 -2147483648
3 33 -2147483648
3 34 -2147483648
3 35 0
3 36 -2147483648
3 37 -2147483648
3 38 -2147483648
3 39 -2147483648
3 40 2
3 41 3
3 42 -2147483648
3 43 -2147483648
3 44 -2147483648
3 45 -2147483648
3 46 -2147483648
3 47 -2147483648
3 48 -2147483648
3 49 -2147483648
4 0 5
4 1 5
4 2 -2147483648
4 3 -2147483648
4 5 -2147483648
4 6 -2147483648
4 7 -2147483648
4 8 -2147483648
4 9 -2147483648
4 10 -2147483648
4 11 -2147483648
4 12 -2147483648
4 13 2
4 14 -2147483648
4 15 -2147483648
4 16 6
4 17 -2147483648
4 18 5
4 19 -2147483648
4 20 -2147483648
4 21 -2147483648
4 22 -2147483648
4 23 -2147483648
4 24 -2147483648
4 25 -2147483648
4 26 1
4 27 -2147483648
4 28 -2147483648
4 29 -2147483648
4 30 3
4 31 -2147483648
4 32 -2147483648
4 33 -2147483648
4 34 -2147483648
4 35 -2147483648
4 36 -2147483648
4 37 -2147483648
4 38 -2147483648
4 39 -2147483648
4 40 -2147483648
4 41 -2147483648
4 42 1
4 43 1
4 44 -2147483648
4 45 -2147483648
4 46 2
4 47 1
4 48 1
4 49 -2147483648
5 0 -2147483648
5 1 -2147483648
5 2 -2147483648
5 3 -2147483648
5 4 -2147483648
5 6 -2147483648
5 7 -2147483648
5 8 -2147483648
5 9 -2147483648
5 10 -2147483648
5 11 -2147483648
5 12 -2147483648
5 13 1
5 14 -2147483648
5 15 -2147483648
5 16 -2147483648
5 17 -2147483648
5 18 -2147483648
5 19 -2147483648
5 20 -2147483648
5 21 -2147483648
5 22 -2147483648
5 23 -2147483648
5 24 -2147483648
5 25 -2147483648
5 26 -2147483648
5 27 -2147483648
5 28 -2147483648
5 29 -2147483648
5 30 0
5 31 -2147483648
5 32 -2147483648
5 33 4
5 34 -2147483648
5 35 -2147483648
5 36 -2147483648
5 37 -2147483648
5 38 1
5 39 -2147483648
5 40 -2147483648
5 41 -2147483648
5 42 -2147483648
5 43 -2147483648
5 44 -2147483648
5 45 -2147483648
5 46 -2147483648
5 47 -2147483648
5 48 -2147483648
5 49 -2147483648
6 0 -2147483648
6 1 -2147483648
6 2 1
6 3 -2147483648
6 4 -2147483648
6 5 -2147483648
6 7 2
6 8 0
6 9 -2147483648
6 10 -2147483648
6 11 -2147483648
6 12 -2147483648
6 13 -2147483648
6 14 -2147483648
6 15 -2147483648
6 16 -2147483648
6 17 -2147483648
6 18 -2147483648
6 19 -2147483648
6 20 -2147483648
6 21 -2147483648
6 22 -2147483648
6 23 -2147483648
6 24 -2147483648
6 25 -2147483648
6 26 -2147483648
6 27 -2147483648
6 28 -2147483648
6 29 6
6 30 -2147483648
6 31 -2147483648
6 32 -2147483648
6 33 -2147483648
6 34 -2147483648
6 35 0
6 36 -2147483648
6 37 -2147483648
6 38 -2147483648
6 39 -2147483648
6 40 3
6 41 3
6 42 -2147483648
6 43 -2147483648
6 44 -2147483648
6 45 -2147483648
6 46 -2147483648
6 47 2
6 48 -2147483648
6 49 -2147483648
7 0 -2147483648
7 1 -2147483648
7 2 3
7 3 -2147483648
7 4 -2147483648
7 5 -2147483648
7 6 2
7 8 -2147483648
7 9 -2147483648
7 10 -2147483648
7 11 -2147483648
7 12 -2147483648
7 13 -2147483648
7 14 -2147483648
7 15 -2147483648
7 16 -2147483648
7 17 -2147483648
7 18 -2147483648
7 19 -2147483648
7 20 -2147483648
7 21 -2147483648
7 22 -2147483648
7 23 -2147483648
7 24 -2147483648
7 25 -2147483648
7 26 -2147483648
7 27 -2147483648
7 28 -2147483648
7 29 2
7 30 -2147483648
7 31 -2147483648
7 32 -2147483648
7 33 -2147483648
7 34 -2147483648
7 35 -2147483648
7 36 -2147483648
7 37 -2147483648
7 38 -2147483648
7 39 -2147483648
7 40 -2147483648
7 41 -2147483648
7 42 4
7 43 3
7 44 -2147483648
7 45 -2147483648
7 46 1
7 47 1
7 48 -2147483648
7 49 -2147483648
8 0 -2147483648
8 1 -2147483648
8 2 -2147483648
8 3 0
8 4 -2147483648
8 5 -2147483648
8 6 0
8 7 -2147483648
8 9 1
8 10 -2147483648
8 11 0
8 12 -2147483648
8 13 -2147483648
8 14 -2147483648
8 15 -2147483648
8 16 -2147483648
8 17 -2147483648
8 18 -2147483648
8 19 3
8 20 -2147483648
8 21 0
8 22 0
8 23 -2147483648
8 24 -2147483648
8 25 4
8 26 1
8 27 -2147483648
8 28 -2147483648
8 29 0
8 30 -2147483648
8 31 -2147483648
8 32 -2147483648
8 33 -2147483648
8 34 -2147483648
8 35 -2147483648
8 36 -2147483648
8 37 3
8 38 -2147483648
8 39 -2147483648
8 40 -2147483648
8 41 -2147483648
8 42 -2147483648
8 43 0
8 44 -2147483648
8 45 0
8 46 1
8 47 1
8 48 -2147483648
8 49 2
9 0 -2147483648
9 1 -2147483648
9 2 -2147483648
9 3 -2147483648
9 4 -2147483648
9 5 -2147483648
9 6 -2147483648
9 7 -2147483648
9 8 1
9 10 -2147483648
9 11 -2147483648
9 12 2
9 13 -2147483648
9 14 -2147483648
9 15 -2147483648
9 16 -2147483648
9 17 -2147483648
9 18 -2147483648
9 19 -2147483648
9 20 -2147483648
9 21 -2147483648
9 22 -2147483648
9 23 1
9 24 1
9 25 3
9 26 2
9 27 -2147483648
9 28 -2147483648
9 29 -2147483648
9 30 -2147483648
9 31 -2147483648
9 32 -2147483648
9 33 -2147483648
9 34 -2147483648
9 35 -2147483648
9 36 -2147483648
9 37 -2147483648
9 38 0
9 39 1
9 40 -2147483648
9 41 -2147483648
9 42 -2147483648
9 43 -2147483648
9 44 -2147483648
9 45 -2147483648
9 46 -2147483648
9 47 -2147483648
9 48 0
9 49 -2147483648
10 0 -2147483648
10 1 -2147483648
10 2 -2147483648
10 3 -2147483648
10 4 -2147483648
10 5 -2147483648
10 6 -2147483648
10 7 -2147483648
10 8 -2147483648
10 9 -2147483648
10 11 -2147483648
10 12 -2147483648
10 13 -2147483648
10 14 -2147483648
10 15 -2147483648
10 16 -2147483648
10 17 6
10 18 -2147483648
10 19 -2147483648
10 20 6
10 21 -2147483648
10 22 -2147483648
10 23 -2147483648
10 24 -2147483648
10 25 -2147483648
10 26 -2147483648
10 27 -2147483648
10 28 6
10 29 -2147483648
10 30 -2147483648
10 31 -2147483648
10 32 -2147483648
10 33 -2147483648
10 34 -2147483648
10 35 -2147483648
10 36 -2147483648
10 37 -2147483648
10 38 -2147483648
10 39 -2147483648
10 40 -2147483648
10 41 -2147483648
10 42 -2147483648
10 43 -2147483648
10 44 -2147483648
10 45 -2147483648
10 46 -2147483648
10 47 -2147483648
10 48 3
10 49 -2147483648
11 0 -2147483648
11 1 -2147483648
11 2 2
11 3 5
11 4 -2147483648
11 5 -2147483648
11 6 -2147483648
11 7 -2147483648
11 8 0
11 9 -2147483648
11 10 -2147483648
11 12 -2147483648
11 13 -2147483648
11 14 -2147483648
11 15 -2147483648
11 16 -2147483648
11 17 -2147483648
11 18 -2147483648
11 19 -2147483648
11 20 -2147483648
11 21 5
11 22 5
11 23 -2147483648
11 24 -2147483648
11 25 1
11 26 -2147483648
11 27 -2147483648
11 28 -2147483648
11 29 -2147483648
11 30 -2147483648
11 31 -2147483648
11 32 -2147483648
11 33 -2147483648
11 34 -2147483648
11 35 0
11 36 -2147483648
11 37 -2147483648
11 38 -2147483648
11 39 -2147483648
11 40 2
11 41 3
11 42 -2147483648
11 43 -2147483648
11 44 -2147483648
11 45 -2147483648
11 46 -2147483648
11 47 -2147483648
11 48 -2147483648
11 49 -2147483648
12 0 -2147483648
12 1 -2147483648
12 2 -2147483648
12 3 -2147483648
12 4 -2147483648
12 5 -2147483648
12 6 -2147483648
12 7 -2147483648
12 8 -2147483648
12 9 2
12 10 -2147483648
12 11 -2147483648
12 13 -2147483648
12 14 -2147483648
12 15 -2147483648
12 16 -2147483648
12 17 -2147483648
12 18 -2147483648
12 19 -2147483648
12 20 -2147483648
12 21 -2147483648
12 22 -2147483648
12 23 -2147483648
12 24 -2147483648
12 25 0
12 26 -2147483648
12 27 4
12 28 -2147483648
12 29 -2147483648
12 30 -2147483648
12 31 -2147483648
12 32 -2147483648
12 33 -2147483648
12 34 -2147483648
12 35 -2147483648
12 36 -2147483648
12 37 -2147483648
12 38 -2147483648
12 39 -2147483648
12 40 -2147483648
12 41 -2147483648
12 42 -2147483648
12 43 -2147483648
12 44 -2147483648
12 45 -2147483648
12 46 -2147483648
12 47 -2147483648
12 48 3
12 49 -2147483648
13 0 -2147483648
13 1 -2147483648
13 2 -2147483648
13 3 -2147483648
13 4 2
13 5 1
13 6 -2147483648
13 7 -2147483648
13 8 -2147483648
13 9 -2147483648
13 10 -2147483648
13 11 -2147483648
13 12 -2147483648
13 14 1
13 15 1
13 16 2
13 17 -2147483648
13 18 -2147483648
13 19 -2147483648
13 20 -2147483648
13 21 -2147483648
13 22 -2147483648
13 23 -2147483648
13 24 -2147483648
13 25 -2147483648
13 26 2
13 27 -2147483648
13 28 -2147483648
13 29 -2147483648
13 30 4
13 31 -2147483648
13 32 -2147483648
13 33 1
13 34 -2147483648
13 35 -2147483648
13 36 -2147483648
13 37 -2147483648
13 38 -2147483648
13 39 -2147483648
13 40 -2147483648
13 41 -2147483648
13 42 -2147483648
13 43 -2147483648
13 44 -2147483648
13 45 -2147483648
13 46 -2147483648
13 47 -2147483648
13 48 -2147483648
13 49 -2147483648
14 0 -2147483648
14 1 -2147483648
14 2 -2147483648
14 3 -2147483648
14 4 -2147483648
14 5 -2147483648
14 6 -2147483648
14 7 -2147483648
14 8 -2147483648
14 9 -2147483648
14 10 -2147483648
14 11 -2147483648
14 12 -2147483648
14 13 1
14 15 -2147483648
14 16 -2147483648
14 17 -2147483648
14 18 -2147483648
14 19 -2147483648
14 20 -2147483648
14 21 -2147483648
14 22 -2147483648
14 23 -2147483648
14 24 -2147483648
14 25 -2147483648
14 26 -2147483648
14 27 -2147483648
14 28 -2147483648
14 29 -2147483648
14 30 0
14 31 2
14 32 -2147483648
14 33 4
14 34 -2147483648
14 35 -2147483648
14 36 -2147483648
14 37 -2147483648
14 38 1
14 39 -2147483648
14 40 -2147483648
14 41 -2147483648
14 42 -2147483648
14 43 -2147483648
14 44 -2147483648
14 45 -2147483648
14 46 -2147483648
14 47 -2147483648
14 48 -2147483648
14 49 -2147483648
15 0 -2147483648
15 1 -2147483648
15 2 -2147483648
15 3 -2147483648
15 4 -2147483648
15 5 -2147483648
15 6 -2147483648
15 7 -2147483648
15 8 -2147483648
15 9 -2147483648
15 10 -2147483648
15 11 -2147483648
15 12 -2147483648
15 13 1
15 14 -2147483648
15 16 -2147483648
15 17 -2147483648
15 18 -2147483648
15 19 -2147483648
15 20 -2147483648
15 21 -2147483648
15 22 -2147483648
15 23 -2147483648
15 24 -2147483648
15 25 -2147483648
15 26 -2147483648
15 27 -2147483648
15 28 -2147483648
15 29 -2147483648
15 30 -2147483648
15 31 -2147483648
15 32 -2147483648
15 33 3
15 34 -2147483648
15 35 -2147483648
15 36 -2147483648
15 37 -2147483648
15 38 -2147483648
15 39 -2147483648
15 40 -2147483648
15 41 -2147483648
15 42 -2147483648
15 43 -2147483648
15 44 -2147483648
15 45 -2147483648
15 46 -2147483648
15 47 -2147483648
15 48 -2147483648
15 49 -2147483648
16 0 5
16 1 5
16 2 -2147483648
16 3 -2147483648
16 4 6
16 5 -2147483648
16 6 -2147483648
16 7 -2147483648
16 8 -2147483648
16 9 -2147483648
16 10 -2147483648
16 11 -2147483648
16 12 -2147483648
16 13 2
16 14 -2147483648
16 15 -2147483648
16 17 -2147483648
16 18 5
16 19 -2147483648
16 20 -2147483648
16 21 -2147483648
16 22 -2147483648
16 23 -2147483648
16 24 -2147483648
16 25 -2147483648
16 26 1
16 27 -2147483648
16 28 -2147483648
16 29 -2147483648
16 30 3
16 31 -2147483648
16 32 -2147483648
16 33 -2147483648
16 34 -2147483648
16 35 -2147483648
16 36 -2147483648
16 37 -2147483648
16 38 -2147483648
16 39 -2147483648
16 40 -2147483648
16 41 -2147483648
16 42 1
16 43 1
16 44 -2147483648
16 45 -2147483648
16 46 2
16 47 1
16 48 1
16 49 -2147483648
17 0 -2147483648
17 1 -2147483648
17 2 -2147483648
17 3 -2147483648
17 4 -2147483648
17 5 -2147483648
17 6 -2147483648
17 7 -2147483648
17 8 -2147483648
17 9 -2147483648
17 10 6
17 11 -2147483648
17 12 -2147483648
17 13 -2147483648
17 14 -2147483648
17 15 -2147483648
17 16 -2147483648
17 18 -2147483648
17 19 -2147483648
17 20 6
17 21 -2147483648
17 22 -2147483648
17 23 -2147483648
17 24 -2147483648
17 25 -2147483648
17 26 -2147483648
17 27 -2147483648
17 28 6
17 29 -2147483648
17 30 -2147483648
17 31 -2147483648
17 32 -2147483648
17 33 -2147483648
17 34 -2147483648
17 35 -2147483648
17 36 -2147483648
17 37 -2147483648
17 38 -2147483648
17 39 -2147483648
17 40 -2147483648
17 41 -2147483648
17 42 -2147483648
17 43 -2147483648
17 44 -2147483648
17 45 -2147483648
17 46 -2147483648
17 47 -2147483648
17 48 3
17 49 -2147483648
18 0 6
18 1 6
18 2 -2147483648
18 3 1
18 4 5
18 5 -2147483648
18 6 -2147483648
18 7 -2147483648
18 8 -2147483648
18 9 -2147483648
18 10 -2147483648
18 11 -2147483648
18 12 -2147483648
18 13 -2147483648
18 14 -2147483648
18 15 -2147483648
18 16 5
18 17 -2147483648
18 19 -2147483648
18 20 -2147483648
18 21 1
18 22 -2147483648
18 23 -2147483648
18 24 -2147483648
18 25 -2147483648
18 26 1
18 27 -2147483648
18 28 -2147483648
18 29 -2147483648
18 30 -2147483648
18 31 -2147483648
18 32 -2147483648
18 33 -2147483648
18 34 -2147483648
18 35 -2147483648
18 36 -2147483648
18 37 -2147483648
18 38 -2147483648
18 39 -2147483648
18 40 -2147483648
18 41 -2147483648
18 42 1
18 43 1
18 44 -2147483648
18 45 -2147483648
18 46 -2147483648
18 47 -2147483648
18 48 0
18 49 -2147483648
19 0 -2147483648
19 1 -2147483648
19 2 -2147483648
19 3 -2147483648
19 4 -2147483648
19 5 -2147483648
19 6 -2147483648
19 7 -2147483648
19 8 3
19 9 -2147483648
19 10 -2147483648
19 11 -2147483648
19 12 -2147483648
19 13 -2147483648
19 14 -2147483648
19 15 -2147483648
19 16 -2147483648
19 17 -2147483648
19 18 -2147483648
19 20 -2147483648
19 21 -2147483648
19 22 -2147483648
19 23 -2147483648
19 24 -2147483648
19 25 -2147483648
19 26 -2147483648
19 27 -2147483648
19 28 -2147483648
19 29 -2147483648
19 30 -2147483648
19 31 2
19 32 -2147483648
19 33 -2147483648
19 34 -2147483648
19 35 -2147483648
19 36 -2147483648
19 37 5
19 38 -2147483648
19 39 -2147483648
19 40 -2147483648
19 41 -2147483648
19 42 -2147483648
19 43 -2147483648
19 44 -2147483648
19 45 -2147483648
19 46 -2147483648
19 47 -2147483648
19 48 -2147483648
19 49 -2147483648
20 0 -2147483648
20 1 -2147483648
20 2 -2147483648
20 3 -2147483648
20 4 -2147483648
20 5 -2147483648
20 6 -2147483648
20 7 -2147483648
20 8 -2147483648
20 9 -2147483648
20 10 6
20 11 -2147483648
20 12 -2147483648
20 13 -2147483648
20 14 -2147483648
20 15 -2147483648
20 16 -2147483648
20 17 6
20 18 -2147483648
20 19 -2147483648
20 21 -2147483648
20 22 -2147483648
20 23 -2147483648
20 24 -2147483648
20 25 -2147483648
20 26 -2147483648
20 27 -2147483648
20 28 6
20 29 -2147483648
20 30 -2147483648
20 31 -2147483648
20 32 -2147483648
20 33 -2147483648
20 34 -2147483648
20 35 -2147483648
20 36 -2147483648
20 37 -2147483648
20 38 -2147483648
20 39 -2147483648
20 40 -2147483648
20 41 -2147483648
20 42 -2147483648
20 43 -2147483648
20 44 -2147483648
20 45 -2147483648
20 46 -2147483648
20 47 -2147483648
20 48 3
20 49 -2147483648
21 0 -2147483648
21 1 -2147483648
21 2 2
21 3 6
21 4 -2147483648
21 5 -2147483648
21 6 -2147483648
21 7 -2147483648
21 8 0
21 9 -2147483648
21 10 -2147483648
21 11 5
21 12 -2147483648
21 13 -2147483648
21 14 -2147483648
21 15 -2147483648
21 16 -2147483648
21 17 -2147483648
21 18 1
21 19 -2147483648
21 20 -2147483648
21 22 5
21 23 -2147483648
21 24 -2147483648
21 25 1
21 26 -2147483648
21 27 -2147483648
21 28 -2147483648
21 29 -2147483648
21 30 -2147483648
21 31 0
21 32 -2147483648
21 33 -2147483648
21 34 -2147483648
21 35 0
21 36 -2147483648
21 37 -2147483648
21 38 -2147483648
21 39 -2147483648
21 40 2
21 41 3
21 42 -2147483648
21 43 -2147483648
21 44 -2147483648
21 45 -2147483648
21 46 -2147483648
21 47 -2147483648
21 48 -2147483648
21 49 -2147483648
22 0 -2147483648
22 1 -2147483648
22 2 2
22 3 5
22 4 -2147483648
22 5 -2147483648
22 6 -2147483648
22 7 -2147483648
22 8 0
22 9 -2147483648
22 10 -2147483648
22 11 5
22 12 -2147483648
22 13 -2147483648
22 14 -2147483648
22 15 -2147483648
22 16 -2147483648
22 17 -2147483648
22 18 -2147483648
22 19 -2147483648
22 20 -2147483648
22 21 5
22 23 -2147483648
22 24 -2147483648
22 25 1
22 26 -2147483648
22 27 -2147483648
22 28 -2147483648
22 29 -2147483648
22 30 -2147483648
22 31 -2147483648
22 32 -2147483648
22 33 -2147483648
22 34 -2147483648
22 35 0
22 36 -2147483648
22 37 -2147483648
22 38 -2147483648
22 39 -2147483648
22 40 3
22 41 4
22 42 -2147483648
22 43 -2147483648
22 44 -2147483648
22 45 -2147483648
22 46 -2147483648
22 47 -2147483648
22 48 -2147483648
22 49 -2147483648
23 0 -2147483648
23 1 -2147483648
23 2 -2147483648
23 3 -2147483648
23 4 -2147483648
23 5 -2147483648
23 6 -2147483648
23 7 -2147483648
23 8 -2147483648
23 9 1
23 10 -2147483648
23 11 -2147483648
23 12 -2147483648
23 13 -2147483648
23 14 -2147483648
23 15 -2147483648
23 16 -2147483648
23 17 -2147483648
23 18 -2147483648
23 19 -2147483648
23 20 -2147483648
23 21 -2147483648
23 22 -2147483648
23 24 5
23 25 -2147483648
23 26 -2147483648
23 27 -2147483648
23 28 -2147483648
23 29 -2147483648
23 30 -2147483648
23 31 -2147483648
23 32 3
23 33 -2147483648
23 34 -2147483648
23 35 2
23 36 -2147483648
23 37 -2147483648
23 38 -2147483648
23 39 -2147483648
23 40 -2147483648
23 41 -2147483648
23 42 -2147483648
23 43 -2147483648
23 44 -2147483648
23 45 -2147483648
23 46 -2147483648
23 47 0
23 48 -2147483648
23 49 -2147483648
24 0 -2147483648
24 1 -2147483648
24 2 -2147483648
24 3 -2147483648
24 4 -2147483648
24 5 -2147483648
24 6 -2147483648
24 7 -2147483648
24 8 -2147483648
24 9 1
24 10 -2147483648
24 11 -2147483648
24 12 -2147483648
24 13 -2147483648
24 14 -2147483648
24 15 -2147483648
24 16 -2147483648
24 17 -2147483648
24 18 -2147483648
24 19 -2147483648
24 20 -2147483648
24 21 -2147483648
24 22 -2147483648
24 23 5
24 25 -2147483648
24 26 -2147483648
24 27 -2147483648
24 28 -2147483648
24 29 -2147483648
24 30 -2147483648
24 31 -2147483648
24 32 3
24 33 -2147483648
24 34 -2147483648
24 35 2
24 36 -2147483648
24 37 -2147483648
24 38 -2147483648
24 39 -2147483648
24 40 -2147483648
24 41 -2147483648
24 42 -2147483648
24 43 -2147483648
24 44 -2147483648
24 45 -2147483648
24 46 -2147483648
24 47 0
24 48 -2147483648
24 49 -2147483648
25 0 -2147483648
25 1 -2147483648
25 2 -2147483648
25 3 1
25 4 -2147483648
25 5 -2147483648
25 6 -2147483648
25 7 -2147483648
25 8 4
25 9 3
25 10 -2147483648
25 11 1
25 12 0
25 13 -2147483648
25 14 -2147483648
25 15 -2147483648
25 16 -2147483648
25 17 -2147483648
25 18 -2147483648
25 19 -2147483648
25 20 -2147483648
25 21 1
25 22 1
25 23 -2147483648
25 24 -2147483648
25 26 2
25 27 -2147483648
25 28 -2147483648
25 29 -2147483648
25 30 -2147483648
25 31 -2147483648
25 32 -2147483648
25 33 -2147483648
25 34 -2147483648
25 35 -2147483648
25 36 -2147483648
25 37 -2147483648
25 38 -2147483648
25 39 -2147483648
25 40 -2147483648
25 41 -2147483648
25 42 0
25 43 0
25 44 -2147483648
25 45 0
25 46 -2147483648
25 47 -2147483648
25 48 0
25 49 2
26 0 1
26 1 1
26 2 -2147483648
26 3 -2147483648
26 4 1
26 5 -2147483648
26 6 -2147483648
26 7 -2147483648
26 8 1
26 9 2
26 10 -2147483648
26 11 -2147483648
26 12 -2147483648
26 13 2
26 14 -2147483648
26 15 -2147483648
26 16 1
26 17 -2147483648
26 18 1
26 19 -2147483648
26 20 -2147483648
26 21 -2147483648
26 22 -2147483648
26 23 -2147483648
26 24 -2147483648
26 25 2
26 27 -2147483648
26 28 -2147483648
26 29 -2147483648
26 30 1
26 31 0
26 32 -2147483648
26 33 -2147483648
26 34 -2147483648
26 35 -2147483648
26 36 -2147483648
26 37 -2147483648
26 38 1
26 39 2
26 40 -2147483648
26 41 -2147483648
26 42 -2147483648
26 43 -2147483648
26 44 -2147483648
26 45 -2147483648
26 46 2
26 47 2
26 48 -2147483648
26 49 -2147483648
27 0 -2147483648
27 1 -2147483648
27 2 -2147483648
27 3 -2147483648
27 4 -2147483648
27 5 -2147483648
27 6 -2147483648
27 7 -2147483648
27 8 -2147483648
27 9 -2147483648
27 10 -2147483648
27 11 -2147483648
27 12 4
27 13 -2147483648
27 14 -2147483648
27 15 -2147483648
27 16 -2147483648
27 17 -2147483648
27 18 -2147483648
27 19 -2147483648
27 20 -2147483648
27 21 -2147483648
27 22 -2147483648
27 23 -2147483648
27 24 -2147483648
27 25 -2147483648
27 26 -2147483648
27 28 -2147483648
27 29 -2147483648
27 30 1
27 31 -2147483648
27 32 -2147483648
27 33 -2147483648
27 34 -2147483648
27 35 -2147483648
27 36 -2147483648
27 37 -2147483648
27 38 -2147483648
27 39 -2147483648
27 40 -2147483648
27 41 -2147483648
27 42 -2147483648
27 43 -2147483648
27 44 -2147483648
27 45 -2147483648
27 46 -2147483648
27 47 -2147483648
27 48 2
27 49 -2147483648
28 0 -2147483648
28 1 -2147483648
28 2 -2147483648
28 3 -2147483648
28 4 -2147483648
28 5 -2147483648
28 6 -2147483648
28 7 -2147483648
28 8 -2147483648
28 9 -2147483648
28 10 6
28 11 -2147483648
28 12 -2147483648
28 13 -2147483648
28 14 -2147483648
28 15 -2147483648
28 16 -2147483648
28 17 6
28 18 -2147483648
28 19 -2147483648
28 20 6
28 21 -2147483648
28 22 -2147483648
28 23 -2147483648
28 24 -2147483648
28 25 -2147483648
28 26 -2147483648
28 27 -2147483648
28 29 -2147483648
28 30 -2147483648
28 31 -2147483648
28 32 -2147483648
28 33 -2147483648
28 34 -2147483648
28 35 -2147483648
28 36 -2147483648
28 37 -2147483648
28 38 -2147483648
28 39 -2147483648
28 40 -2147483648
28 41 -2147483648
28 42 -2147483648
28 43 -2147483648
28 44 -2147483648
28 45 -2147483648
28 46 -2147483648
28 47 -2147483648
28 48 3
28 49 -2147483648
29 0 -2147483648
29 1 -2147483648
29 2 1
29 3 -2147483648
29 4 -2147483648
29 5 -2147483648
29 6 6
29 7 2
29 8 0
29 9 -2147483648
29 10 -2147483648
29 11 -2147483648
29 12 -2147483648
29 13 -2147483648
29 14 -2147483648
29 15 -2147483648
29 16 -2147483648
29 17 -2147483648
29 18 -2147483648
29 19 -2147483648
29 20 -2147483648
29 21 -2147483648
29 22 -2147483648
29 23 -2147483648
29 24 -2147483648
29 25 -2147483648
29 26 -2147483648
29 27 -2147483648
29 28 -2147483648
29 30 -2147483648
29 31 -2147483648
29 32 -2147483648
29 33 -2147483648
29 34 -2147483648
29 35 0
29 36 -2147483648
29 37 -2147483648
29 38 -2147483648
29 39 -2147483648
29 40 3
29 41 3
29 42 -2147483648
29 43 -2147483648
29 44 -2147483648
29 45 -2147483648
29 46 -2147483648
29 47 2
29 48 -2147483648
29 49 -2147483648
30 0 -2147483648
30 1 -2147483648
30 2 -2147483648
30 3 -2147483648
30 4 3
30 5 0
30 6 -2147483648
30 7 -2147483648
30 8 -2147483648
30 9 -2147483648
30 10 -2147483648
30 11 -2147483648
30 12 -2147483648
30 13 4
30 14 0
30 15 -2147483648
30 16 3
30 17 -2147483648
30 18 -2147483648
30 19 -2147483648
30 20 -2147483648
30 21 -2147483648
30 22 -2147483648
30 23 -2147483648
30 24 -2147483648
30 25 -2147483648
30 26 1
30 27 1
30 28 -2147483648
30 29 -2147483648
30 31 -2147483648
30 32 -2147483648
30 33 0
30 34 -2147483648
30 35 -2147483648
30 36 -2147483648
30 37 -2147483648
30 38 -2147483648
30 39 -2147483648
30 40 -2147483648
30 41 0
30 42 -2147483648
30 43 -2147483648
30 44 -2147483648
30 45 -2147483648
30 46 -2147483648
30 47 -2147483648
30 48 0
30 49 0
31 0 -2147483648
31 1 -2147483648
31 2 -2147483648
31 3 0
31 4 -2147483648
31 5 -2147483648
31 6 -2147483648
31 7 -2147483648
31 8 -2147483648
31 9 -2147483648
31 10 -2147483648
31 11 -2147483648
31 12 -2147483648
31 13 -2147483648
31 14 2
31 15 -2147483648
31 16 -2147483648
31 17 -2147483648
31 18 -2147483648
31 19 2
31 20 -2147483648
31 21 0
31 22 -2147483648
31 23 -2147483648
31 24 -2147483648
31 25 -2147483648
31 26 0
31 27 -2147483648
31 28 -2147483648
31 29 -2147483648
31 30 -2147483648
31 32 -2147483648
31 33 -2147483648
31 34 -2147483648
31 35 -2147483648
31 36 -2147483648
31 37 2
31 38 -2147483648
31 39 -2147483648
31 40 -2147483648
31 41 -2147483648
31 42 -2147483648
31 43 -2147483648
31 44 -2147483648
31 45 -2147483648
31 46 -2147483648
31 47 0
31 48 -2147483648
31 49 -2147483648
32 0 -2147483648
32 1 -2147483648
32 2 -2147483648
32 3 -2147483648
32 4 -2147483648
32 5 -2147483648
32 6 -2147483648
32 7 -2147483648
32 8 -2147483648
32 9 -2147483648
32 10 -2147483648
32 11 -2147483648
32 12 -2147483648
32 13 -2147483648
32 14 -2147483648
32 15 -2147483648
32 16 -2147483648
32 17 -2147483648
32 18 -2147483648
32 19 -2147483648
32 20 -2147483648
32 21 -2147483648
32 22 -2147483648
32 23 3
32 24 3
32 25 -2147483648
32 26 -2147483648
32 27 -2147483648
32 28 -2147483648
32 29 -2147483648
32 30 -2147483648
32 31 -2147483648
32 33 -2147483648
32 34 -2147483648
32 35 -2147483648
32 36 -2147483648
32 37 -2147483648
32 38 -2147483648
32 39 -2147483648
32 40 -2147483648
32 41 -2147483648
32 42 -2147483648
32 43 -2147483648
32 44 -2147483648
32 45 -2147483648
32 46 -2147483648
32 47 -2147483648
32 48 -2147483648
32 49 -2147483648
33 0 -2147483648
33 1 -2147483648
33 2 -2147483648
33 3 -2147483648
33 4 -2147483648
33 5 4
33 6 -2147483648
33 7 -2147483648
33 8 -2147483648
33 9 -2147483648
33 10 -2147483648
33 11 -2147483648
33 12 -2147483648
33 13 1
33 14 4
33 15 3
33 16 -2147483648
33 17 -2147483648
33 18 -2147483648
33 19 -2147483648
33 20 -2147483648
33 21 -2147483648
33 22 -2147483648
33 23 -2147483648
33 24 -2147483648
33 25 -2147483648
33 26 -2147483648
33 27 -2147483648
33 28 -2147483648
33 29 -2147483648
33 30 0
33 31 -2147483648
33 32 -2147483648
33 34 -2147483648
33 35 -2147483648
33 36 -2147483648
33 37 -2147483648
33 38 2
33 39 -2147483648
33 40 -2147483648
33 41 -2147483648
33 42 -2147483648
33 43 -2147483648
33 44 -2147483648
33 45 -2147483648
33 46 -2147483648
33 47 -2147483648
33 48 -2147483648
33 49 -2147483648
34 0 -2147483648
34 1 -2147483648
34 2 -2147483648
34 3 -2147483648
34 4 -2147483648
34 5 -2147483648
34 6 -2147483648
34 7 -2147483648
34 8 -2147483648
34 9 -2147483648
34 10 -2147483648
34 11 -2147483648
34 12 -2147483648
34 13 -2147483648
34 14 -2147483648
34 15 -2147483648
34 16 -2147483648
34 17 -2147483648
34 18 -2147483648
34 19 -2147483648
34 20 -2147483648
34 21 -2147483648
34 22 -2147483648
34 23 -2147483648
34 24 -2147483648
34 25 -2147483648
34 26 -2147483648
34 27 -2147483648
34 28 -2147483648
34 29 -2147483648
34 30 -2147483648
34 31 -2147483648
34 32 -2147483648
34 33 -2147483648
34 35 -2147483648
34 36 4
34 37 -2147483648
34 38 -2147483648
34 39 -2147483648
34 40 -2147483648
34 41 -2147483648
34 42 -2147483648
34 43 -2147483648
34 44 -2147483648
34 45 -2147483648
34 46 -2147483648
34 47 -2147483648
34 48 -2147483648
34 49 -2147483648
35 0 -2147483648
35 1 -2147483648
35 2 -2147483648
35 3 0
35 4 -2147483648
35 5 -2147483648
35 6 0
35 7 -2147483648
35 8 -2147483648
35 9 -2147483648
35 10 -2147483648
35 11 0
35 12 -2147483648
35 13 -2147483648
35 14 -2147483648
35 15 -2147483648
35 16 -2147483648
35 17 -2147483648
35 18 -2147483648
35 19 -2147483648
35 20 -2147483648
35 21 0
35 22 0
35 23 2
35 24 2
35 25 -2147483648
35 26 -2147483648
35 27 -2147483648
35 28 -2147483648
35 29 0
35 30 -2147483648
35 31 -2147483648
35 32 -2147483648
35 33 -2147483648
35 34 -2147483648
35 36 -2147483648
35 37 -2147483648
35 38 -2147483648
35 39 -2147483648
35 40 1
35 41 0
35 42 -2147483648
35 43 0
35 44 -2147483648
35 45 0
35 46 -2147483648
35 47 -2147483648
35 48 -2147483648
35 49 0
36 0 -2147483648
36 1 -2147483648
36 2 -2147483648
36 3 -2147483648
36 4 -2147483648
36 5 -2147483648
36 6 -2147483648
36 7 -2147483648
36 8 -2147483648
36 9 -2147483648
36 10 -2147483648
36 11 -2147483648
36 12 -2147483648
36 13 -2147483648
36 14 -2147483648
36 15 -2147483648
36 16 -2147483648
36 17 -2147483648
36 18 -2147483648
36 19 -2147483648
36 20 -2147483648
36 21 -2147483648
36 22 -2147483648
36 23 -2147483648
36 24 -2147483648
36 25 -2147483648
36 26 -2147483648
36 27 -2147483648
36 28 -2147483648
36 29 -2147483648
36 30 -2147483648
36 31 -2147483648
36 32 -2147483648
36 33 -2147483648
36 34 4
36 35 -2147483648
36 37 -2147483648
36 38 -2147483648
36 39 -2147483648
36 40 -2147483648
36 41 -2147483648
36 42 -2147483648
36 43 -2147483648
36 44 -2147483648
36 45 -2147483648
36 46 -2147483648
36 47 -2147483648
36 48 -2147483648
36 49 -2147483648
37 0 -2147483648
37 1 -2147483648
37 2 -2147483648
37 3 -2147483648
37 4 -2147483648
37 5 -2147483648
37 6 -2147483648
37 7 -2147483648
37 8 3
37 9 -2147483648
37 10 -2147483648
37 11 -2147483648
37 12 -2147483648
37 13 -2147483648
37 14 -2147483648
37 15 -2147483648
37 16 -2147483648
37 17 -2147483648
37 18 -2147483648
37 19 5
37 20 -2147483648
37 21 -2147483648
37 22 -2147483648
37 23 -2147483648
37 24 -2147483648
37 25 -2147483648
37 26 -2147483648
37 27 -2147483648
37 28 -2147483648
37 29 -2147483648
37 30 -2147483648
37 31 2
37 32 -2147483648
37 33 -2147483648
37 34 -2147483648
37 35 -2147483648
37 36 -2147483648
37 38 -2147483648
37 39 -2147483648
37 40 -2147483648
37 41 -2147483648
37 42 -2147483648
37 43 -2147483648
37 44 -2147483648
37 45 -2147483648
37 46 -2147483648
37 47 -2147483648
37 48 -2147483648
37 49 -2147483648
38 0 -2147483648
38 1 -2147483648
38 2 -2147483648
38 3 -2147483648
38 4 -2147483648
38 5 1
38 6 -2147483648
38 7 -2147483648
38 8 -2147483648
38 9 0
38 10 -2147483648
38 11 -2147483648
38 12 -2147483648
38 13 -2147483648
38 14 1
38 15 -2147483648
38 16 -2147483648
38 17 -2147483648
38 18 -2147483648
38 19 -2147483648
38 20 -2147483648
38 21 -2147483648
38 22 -2147483648
38 23 -2147483648
38 24 -2147483648
38 25 -2147483648
38 26 1
38 27 -2147483648
38 28 -2147483648
38 29 -2147483648
38 30 -2147483648
38 31 -2147483648
38 32 -2147483648
38 33 2
38 34 -2147483648
38 35 -2147483648
38 36 -2147483648
38 37 -2147483648
38 39 4
38 40 -2147483648
38 41 -2147483648
38 42 -2147483648
38 43 -2147483648
38 44 -2147483648
38 45 -2147483648
38 46 0
38 47 0
38 48 -2147483648
38 49 -2147483648
39 0 -2147483648
39 1 -2147483648
39 2 -2147483648
39 3 -2147483648
39 4 -2147483648
39 5 -2147483648
39 6 -2147483648
39 7 -2147483648
39 8 -2147483648
39 9 1
39 10 -2147483648
39 11 -2147483648
39 12 -2147483648
39 13 -2147483648
39 14 -2147483648
39 15 -2147483648
39 16 -2147483648
39 17 -2147483648
39 18 -2147483648
39 19 -2147483648
39 20 -2147483648
39 21 -2147483648
39 22 -2147483648
39 23 -2147483648
39 24 -2147483648
39 25 -2147483648
39 26 2
39 27 -2147483648
39 28 -2147483648
39 29 -2147483648
39 30 -2147483648
39 31 -2147483648
39 32 -2147483648
39 33 -2147483648
39 34 -2147483648
39 35 -2147483648
39 36 -2147483648
39 37 -2147483648
39 38 4
39 40 -2147483648
39 41 -2147483648
39 42 -2147483648
39 43 -2147483648
39 44 -2147483648
39 45 -2147483648
39 46 1
39 47 1
39 48 -2147483648
39 49 -2147483648
40 0 -2147483648
40 1 -2147483648
40 2 1
40 3 2
40 4 -2147483648
40 5 -2147483648
40 6 3
40 7 -2147483648
40 8 -2147483648
40 9 -2147483648
40 10 -2147483648
40 11 2
40 12 -2147483648
40 13 -2147483648
40 14 -2147483648
40 15 -2147483648
40 16 -2147483648
40 17 -2147483648
40 18 -2147483648
40 19 -2147483648
40 20 -2147483648
40 21 2
40 22 3
40 23 -2147483648
40 24 -2147483648
40 25 -2147483648
40 26 -2147483648
40 27 -2147483648
40 28 -2147483648
40 29 3
40 30 -2147483648
40 31 -2147483648
40 32 -2147483648
40 33 -2147483648
40 34 -2147483648
40 35 1
40 36 -2147483648
40 37 -2147483648
40 38 -2147483648
40 39 -2147483648
40 41 4
40 42 -2147483648
40 43 -2147483648
40 44 -2147483648
40 45 -2147483648
40 46 -2147483648
40 47 0
40 48 -2147483648
40 49 -2147483648
41 0 -2147483648
41 1 -2147483648
41 2 2
41 3 3
41 4 -2147483648
41 5 -2147483648
41 6 3
41 7 -2147483648
41 8 -2147483648
41 9 -2147483648
41 10 -2147483648
41 11 3
41 12 -2147483648
41 13 -2147483648
41 14 -2147483648
41 15 -2147483648
41 16 -2147483648
41 17 -2147483648
41 18 -2147483648
41 19 -2147483648
41 20 -2147483648
41 21 3
41 22 4
41 23 -2147483648
41 24 -2147483648
41 25 -2147483648
41 26 -2147483648
41 27 -2147483648
41 28 -2147483648
41 29 3
41 30 0
41 31 -2147483648
41 32 -2147483648
41 33 -2147483648
41 34 -2147483648
41 35 0
41 36 -2147483648
41 37 -2147483648
41 38 -2147483648
41 39 -2147483648
41 40 4
41 42 -2147483648
41 43 -2147483648
41 44 -2147483648
41 45 -2147483648
41 46 -2147483648
41 47 0
41 48 -2147483648
41 49 -2147483648
42 0 2
42 1 2
42 2 3
42 3 -2147483648
42 4 1
42 5 -2147483648
42 6 -2147483648
42 7 4
42 8 -2147483648
42 9 -2147483648
42 10 -2147483648
42 11 -2147483648
42 12 -2147483648
42 13 -2147483648
42 14 -2147483648
42 15 -2147483648
42 16 1
42 17 -2147483648
42 18 1
42 19 -2147483648
42 20 -2147483648
42 21 -2147483648
42 22 -2147483648
42 23 -2147483648
42 24 -2147483648
42 25 0
42 26 -2147483648
42 27 -2147483648
42 28 -2147483648
42 29 -2147483648
42 30 -2147483648
42 31 -2147483648
42 32 -2147483648
42 33 -2147483648
42 34 -2147483648
42 35 -2147483648
42 36 -2147483648
42 37 -2147483648
42 38 -2147483648
42 39 -2147483648
42 40 -2147483648
42 41 -2147483648
42 43 4
42 44 -2147483648
42 45 -2147483648
42 46 2
42 47 1
42 48 -2147483648
42 49 -2147483648
43 0 2
43 1 2
43 2 2
43 3 -2147483648
43 4 1
43 5 -2147483648
43 6 -2147483648
43 7 3
43 8 0
43 9 -2147483648
43 10 -2147483648
43 11 -2147483648
43 12 -2147483648
43 13 -2147483648
43 14 -2147483648
43 15 -2147483648
43 16 1
43 17 -2147483648
43 18 1
43 19 -2147483648
43 20 -2147483648
43 21 -2147483648
43 22 -2147483648
43 23 -2147483648
43 24 -2147483648
43 25 0
43 26 -2147483648
43 27 -2147483648
43 28 -2147483648
43 29 -2147483648
43 30 -2147483648
43 31 -2147483648
43 32 -2147483648
43 33 -2147483648
43 34 -2147483648
43 35 0
43 36 -2147483648
43 37 -2147483648
43 38 -2147483648
43 39 -2147483648
43 40 -2147483648
43 41 -2147483648
43 42 4
43 44 -2147483648
43 45 -2147483648
43 46 2
43 47 1
43 48 -2147483648
43 49 -2147483648
44 0 -2147483648
44 1 -2147483648
44 2 -2147483648
44 3 -2147483648
44 4 -2147483648
44 5 -2147483648
44 6 -2147483648
44 7 -2147483648
44 8 -2147483648
44 9 -2147483648
44 10 -2147483648
44 11 -2147483648
44 12 -2147483648
44 13 -2147483648
44 14 -2147483648
44 15 -2147483648
44 16 -2147483648
44 17 -2147483648
44 18 -2147483648
44 19 -2147483648
44 20 -2147483648
44 21 -2147483648
44 22 -2147483648
44 23 -2147483648
44 24 -2147483648
44 25 -2147483648
44 26 -2147483648
44 27 -2147483648
44 28 -2147483648
44 29 -2147483648
44 30 -2147483648
44 31 -2147483648
44 32 -2147483648
44 33 -2147483648
44 34 -2147483648
44 35 -2147483648
44 36 -2147483648
44 37 -2147483648
44 38 -2147483648
44 39 -2147483648
44 40 -2147483648
44 41 -2147483648
44 42 -2147483648
44 43 -2147483648
44 45 4
44 46 -2147483648
44 47 -2147483648
44 48 2
44 49 -2147483648
45 0 -2147483648
45 1 -2147483648
45 2 -2147483648
45 3 -2147483648
45 4 -2147483648
45 5 -2147483648
45 6 -2147483648
45 7 -2147483648
45 8 0
45 9 -2147483648
45 10 -2147483648
45 11 -2147483648
45 12 -2147483648
45 13 -2147483648
45 14 -2147483648
45 15 -2147483648
45 16 -2147483648
45 17 -2147483648
45 18 -2147483648
45 19 -2147483648
45 20 -2147483648
45 21 -2147483648
45 22 -2147483648
45 23 -2147483648
45 24 -2147483648
45 25 0
45 26 -2147483648
45 27 -2147483648
45 28 -2147483648
45 29 -2147483648
45 30 -2147483648
45 31 -2147483648
45 32 -2147483648
45 33 -2147483648
45 34 -2147483648
45 35 0
45 36 -2147483648
45 37 -2147483648
45 38 -2147483648
45 39 -2147483648
45 40 -2147483648
45 41 -2147483648
45 42 -2147483648
45 43 -2147483648
45 44 4
45 46 -2147483648
45 47 -2147483648
45 48 2
45 49 -2147483648
46 0 -2147483648
46 1 -2147483648
46 2 -2147483648
46 3 -2147483648
46 4 2
46 5 -2147483648
46 6 -2147483648
46 7 1
46 8 1
46 9 -2147483648
46 10 -2147483648
46 11 -2147483648
46 12 -2147483648
46 13 -2147483648
46 14 -2147483648
46 15 -2147483648
46 16 2
46 17 -2147483648
46 18 -2147483648
46 19 -2147483648
46 20 -2147483648
46 21 -2147483648
46 22 -2147483648
46 23 -2147483648
46 24 -2147483648
46 25 -2147483648
46 26 2
46 27 -2147483648
46 28 -2147483648
46 29 -2147483648
46 30 -2147483648
46 31 -2147483648
46 32 -2147483648
46 33 -2147483648
46 34 -2147483648
46 35 -2147483648
46 36 -2147483648
46 37 -2147483648
46 38 0
46 39 1
46 40 -2147483648
46 41 -2147483648
46 42 2
46 43 2
46 44 -2147483648
46 45 -2147483648
46 47 4
46 48 0
46 49 1
47 0 -2147483648
47 1 -2147483648
47 2 -2147483648
47 3 -2147483648
47 4 1
47 5 -2147483648
47 6 2
47 7 1
47 8 1
47 9 -2147483648
47 10 -2147483648
47 11 -2147483648
47 12 -2147483648
47 13 -2147483648
47 14 -2147483648
47 15 -2147483648
47 16 1
47 17 -2147483648
47 18 -2147483648
47 19 -2147483648
47 20 -2147483648
47 21 -2147483648
47 22 -2147483648
47 23 0
47 24 0
47 25 -2147483648
47 26 2
47 27 -2147483648
47 28 -2147483648
47 29 2
47 30 -2147483648
47 31 0
47 32 -2147483648
47 33 -2147483648
47 34 -2147483648
47 35 -2147483648
47 36 -2147483648
47 37 -2147483648
47 38 0
47 39 1
47 40 0
47 41 0
47 42 1
47 43 1
47 44 -2147483648
47 45 -2147483648
47 46 4
47 48 0
47 49 0
48 0 0
48 1 0
48 2 -2147483648
48 3 -2147483648
48 4 1
48 5 -2147483648
48 6 -2147483648
48 7 -2147483648
48 8 -2147483648
48 9 0
48 10 3
48 11 -2147483648
48 12 3
48 13 -2147483648
48 14 -2147483648
48 15 -2147483648
48 16 1
48 17 3
48 18 0
48 19 -2147483648
48 20 3
48 21 -2147483648
48 22 -2147483648
48 23 -2147483648
48 24 -2147483648
48 25 0
48 26 -2147483648
48 27 2
48 28 3
48 29 -2147483648
48 30 0
48 31 -2147483648
48 32 -2147483648
48 33 -2147483648
48 34 -2147483648
48 35 -2147483648
48 36 -2147483648
48 37 -2147483648
48 38 -2147483648
48 39 -2147483648
48 40 -2147483648
48 41 -2147483648
48 42 -2147483648
48 43 -2147483648
48 44 2
48 45 2
48 46 0
48 47 0
48 49 2
49 0 -2147483648
49 1 -2147483648
49 2 -2147483648
49 3 -2147483648
49 4 -2147483648
49 5 -2147483648
49 6 -2147483648
49 7 -2147483648
49 8 2
49 9 -2147483648
49 10 -2147483648
49 11 -2147483648
49 12 -2147483648
49 13 -2147483648
49 14 -2147483648
49 15 -2147483648
49 16 -2147483648
49 17 -2147483648
49 18 -2147483648
49 19 -2147483648
49 20 -2147483648
49 21 -2147483648
49 22 -2147483648
49 23 -2147483648
49 24 -2147483648
49 25 2
49 26 -2147483648
49 27 -2147483648
49 28 -2147483648
49 29 -2147483648
49 30 0
49 31 -2147483648
49 32 -2147483648
49 33 -2147483648
49 34 -2147483648
49 35 0
49 36 -2147483648
49 37 -2147483648
49 38 -2147483648
49 39 -2147483648
49 40 -2147483648
49 41 -2147483648
49 42 -2147483648
49 43 -2147483648
49 44 -2147483648
49 45 -2147483648
49 46 1
49 47 0
49 48 2
