46
1 2 1
1 23 1
2 3 1
2 22 1
3 4 1
3 20 1
4 5 1
4 17 1
5 6 1
6 7 1
6 15 1
7 8 1
7 14 1
8 9 1
8 11 1
8 13 1
9 10 1
10 11 1
11 12 1
12 13 1
13 14 1
13 34 1
14 15 1
14 33 1
15 16 1
15 17 1
16 18 1
16 31 1
17 18 1
17 20 1
18 19 1
18 30 1
19 20 1
19 21 1
19 27 1
20 21 1
21 22 1
21 24 1
21 26 1
22 23 1
23 24 1
24 25 1
24 26 1
25 26 1
25 41 1
26 27 1
27 28 1
27 40 1
28 29 1
29 30 1
29 38 1
29 39 1
30 31 1
31 32 1
31 38 1
32 33 1
32 37 1
33 34 1
34 35 1
34 42 1
35 36 1
36 37 1
36 42 1
36 43 1
37 38 1
38 39 1
38 43 1
39 40 1
40 41 1
42 44 1
43 44 1
43 45 1
44 45 1
44 46 1
45 46 1
