46
1 2 1
1 23 1
23 1 1
2 3 1
2 22 1
22 2 1
3 4 1
3 20 1
20 3 1
4 5 1
4 17 1
17 4 1
5 6 1
6 7 1
6 15 1
15 6 1
7 8 1
8 7 1
7 14 1
14 7 1
8 9 1
8 11 1
11 8 1
8 13 1
13 8 1
9 10 1
10 11 1
11 12 1
12 13 1
13 14 1
13 34 1
34 13 1
14 15 1
14 33 1
33 14 1
15 16 1
15 17 1
17 15 1
16 18 1
18 16 1
16 31 1
31 16 1
17 18 1
17 20 1
20 17 1
18 19 1
18 30 1
30 18 1
19 20 1
19 21 1
21 19 1
19 27 1
27 19 1
20 21 1
21 22 1
21 24 1
24 21 1
21 26 1
26 21 1
22 23 1
23 24 1
24 25 1
24 26 1
26 24 1
25 26 1
25 41 1
41 25 1
26 27 1
27 28 1
27 40 1
40 27 1
28 29 1
29 30 1
29 38 1
38 29 1
29 39 1
39 29 1
30 31 1
31 32 1
31 38 1
38 31 1
32 33 1
32 37 1
37 32 1
33 34 1
34 35 1
35 34 1
34 42 1
42 34 1
35 36 1
36 37 1
36 42 1
42 36 1
36 43 1
43 36 1
37 38 1
38 39 1
39 38 1
38 43 1
43 38 1
39 40 1
40 39 1
40 41 1
41 40 1
42 44 1
44 42 1
43 44 1
44 43 1
43 45 1
45 43 1
44 45 1
45 44 1
44 46 1
46 44 1
45 46 1
46 45 1
