9 10 11 12 13 14 33 32 37 36 42 
13 14 33 32 37 36 
15 16 31 38 43 36 
6 15 16 31 38 43 36 37 
13 34 33 32 31 38 29 28 27 26 
6 7 14 33 32 31 38 29 28 
22 21 19 18 30 29 
24 21 19 18 30 29 39 
18 19 27 40 39 
24 21 19 27 40 39 29 
36 35 34 33 32 37 
29 38 37 36 35 34 33 
17 20 21 24 
18 17 20 21 24 25 41 
10 11 12 13 14 33 32 31 38 43 45 46 
23 24 26 27 40 39 38 43 45 
7 6 15 17 18 
5 6 
13 14 15 17 20 19 27 28 
9 10 11 12 13 14 33 32 37 36 42 
13 14 33 32 37 36 
15 16 31 38 43 36 
6 15 16 31 38 43 36 37 
13 34 33 32 31 38 29 28 27 26 
6 7 14 33 32 31 38 29 28 
22 21 19 18 30 29 
24 21 19 18 30 29 39 
18 19 27 40 39 
24 21 19 27 40 39 29 
36 35 34 33 32 37 
29 38 37 36 35 34 33 
17 20 21 24 
18 17 20 21 24 25 41 
10 11 12 13 14 33 32 31 38 43 45 46 
23 24 26 27 40 39 38 43 45 
7 6 15 17 18 
5 6 
13 14 15 17 20 19 27 28 
27 28 29 38 37 36 43 45 44 
20 19 27 28 29 38 37 36 43 
15 17 18 30 29 38 
13 14 15 17 18 30 29 
10 9 8 7 6 15 17 20 19 27 40 41 
30 18 17 20 19 27 40 
14 33 32 37 36 
7 14 33 32 37 36 42 
16 31 32 37 38 29 30 
18 30 31 32 37 38 
20 19 27 40 41 
19 27 40 41 25 26 
7 6 15 16 18 30 31 32 
20 17 18 30 
16 31 32 
32 33 34 42 
10 9 8 7 6 5 4 3 2 22 
6 15 17 20 19 27 40 41 
10 9 8 7 6 15 17 20 21 
23 22 21 20 17 15 14 13 34 35 
9 10 11 12 13 14 33 32 37 36 42 
13 14 33 32 37 36 
15 16 31 38 43 36 
6 15 16 31 38 43 36 37 
13 34 33 32 31 38 29 28 27 26 
6 7 14 33 32 31 38 29 28 
22 21 19 18 30 29 
24 21 19 18 30 29 39 
18 19 27 40 39 
24 21 19 27 40 39 29 
36 35 34 33 32 37 
29 38 37 36 35 34 33 
17 20 21 24 
18 17 20 21 24 25 41 
10 11 12 13 14 33 32 31 38 43 45 46 
23 24 26 27 40 39 38 43 45 
7 6 15 17 18 
5 6 
13 14 15 17 20 19 27 28 
27 28 29 38 37 36 43 45 44 
20 19 27 28 29 38 37 36 43 
15 17 18 30 29 38 
13 14 15 17 18 30 29 
10 9 8 7 6 15 17 20 19 27 40 41 
30 18 17 20 19 27 40 
14 33 32 37 36 
7 14 33 32 37 36 42 
16 31 32 37 38 29 30 
18 30 31 32 37 38 
20 19 27 40 41 
19 27 40 41 25 26 
7 6 15 16 18 30 31 32 
20 17 18 30 
16 31 32 
32 33 34 42 
10 9 8 7 6 5 4 3 2 22 
6 15 17 20 19 27 40 41 
10 9 8 7 6 15 17 20 21 
23 22 21 20 17 15 14 13 34 35 
