0 1 5
0 2 0
0 3 -2147483648
0 4 -2147483648
0 5 -2147483648
0 6 0
0 7 0
0 8 0
0 9 0
0 10 -2147483648
0 11 -2147483648
0 12 0
0 13 0
0 14 -2147483648
0 15 0
0 16 0
0 17 0
0 18 -2147483648
1 0 5
1 2 0
1 3 0
1 4 -2147483648
1 5 -2147483648
1 6 0
1 7 0
1 8 0
1 9 0
1 10 2
1 11 1
1 12 0
1 13 0
1 14 -2147483648
1 15 0
1 16 0
1 17 0
1 18 -2147483648
2 0 0
2 1 0
2 3 5
2 4 -2147483648
2 5 -2147483648
2 6 0
2 7 0
2 8 0
2 9 0
2 10 0
2 11 -2147483648
2 12 0
2 13 0
2 14 -2147483648
2 15 -2147483648
2 16 -2147483648
2 17 0
2 18 -2147483648
3 0 -2147483648
3 1 0
3 2 5
3 4 -2147483648
3 5 -2147483648
3 6 0
3 7 0
3 8 0
3 9 0
3 10 -2147483648
3 11 -2147483648
3 12 0
3 13 0
3 14 -2147483648
3 15 -2147483648
3 16 -2147483648
3 17 0
3 18 -2147483648
4 0 -2147483648
4 1 -2147483648
4 2 -2147483648
4 3 -2147483648
4 5 5
4 6 0
4 7 -2147483648
4 8 -2147483648
4 9 -2147483648
4 10 -2147483648
4 11 -2147483648
4 12 0
4 13 0
4 14 -2147483648
4 15 -2147483648
4 16 0
4 17 0
4 18 -2147483648
5 0 -2147483648
5 1 -2147483648
5 2 -2147483648
5 3 -2147483648
5 4 5
5 6 0
5 7 -2147483648
5 8 0
5 9 0
5 10 -2147483648
5 11 -2147483648
5 12 0
5 13 0
5 14 -2147483648
5 15 -2147483648
5 16 -2147483648
5 17 0
5 18 -2147483648
6 0 0
6 1 0
6 2 0
6 3 0
6 4 0
6 5 0
6 7 4
6 8 -2147483648
6 9 -2147483648
6 10 0
6 11 0
6 12 -2147483648
6 13 -2147483648
6 14 0
6 15 0
6 16 0
6 17 0
6 18 -2147483648
7 0 0
7 1 0
7 2 0
7 3 0
7 4 -2147483648
7 5 -2147483648
7 6 4
7 8 -2147483648
7 9 -2147483648
7 10 0
7 11 -2147483648
7 12 -2147483648
7 13 -2147483648
7 14 0
7 15 -2147483648
7 16 0
7 17 0
7 18 -2147483648
8 0 0
8 1 0
8 2 0
8 3 0
8 4 -2147483648
8 5 0
8 6 -2147483648
8 7 -2147483648
8 9 3
8 10 0
8 11 0
8 12 0
8 13 -2147483648
8 14 0
8 15 2
8 16 0
8 17 0
8 18 -2147483648
9 0 0
9 1 0
9 2 0
9 3 0
9 4 -2147483648
9 5 0
9 6 -2147483648
9 7 -2147483648
9 8 3
9 10 0
9 11 0
9 12 -2147483648
9 13 -2147483648
9 14 0
9 15 -2147483648
9 16 0
9 17 0
9 18 -2147483648
10 0 -2147483648
10 1 2
10 2 0
10 3 -2147483648
10 4 -2147483648
10 5 -2147483648
10 6 0
10 7 0
10 8 0
10 9 0
10 11 3
10 12 0
10 13 0
10 14 -2147483648
10 15 0
10 16 0
10 17 0
10 18 0
11 0 -2147483648
11 1 1
11 2 -2147483648
11 3 -2147483648
11 4 -2147483648
11 5 -2147483648
11 6 0
11 7 -2147483648
11 8 0
11 9 0
11 10 3
11 12 0
11 13 0
11 14 -2147483648
11 15 -2147483648
11 16 0
11 17 0
11 18 0
12 0 0
12 1 0
12 2 0
12 3 0
12 4 0
12 5 0
12 6 -2147483648
12 7 -2147483648
12 8 0
12 9 -2147483648
12 10 0
12 11 0
12 13 3
12 14 0
12 15 0
12 16 -2147483648
12 17 0
12 18 -2147483648
13 0 0
13 1 0
13 2 0
13 3 0
13 4 0
13 5 0
13 6 -2147483648
13 7 -2147483648
13 8 -2147483648
13 9 -2147483648
13 10 0
13 11 0
13 12 3
13 14 0
13 15 -2147483648
13 16 -2147483648
13 17 0
13 18 -2147483648
14 0 -2147483648
14 1 -2147483648
14 2 -2147483648
14 3 -2147483648
14 4 -2147483648
14 5 -2147483648
14 6 0
14 7 0
14 8 0
14 9 0
14 10 -2147483648
14 11 -2147483648
14 12 0
14 13 0
14 15 2
14 16 0
14 17 0
14 18 -2147483648
15 0 0
15 1 0
15 2 -2147483648
15 3 -2147483648
15 4 -2147483648
15 5 -2147483648
15 6 0
15 7 -2147483648
15 8 2
15 9 -2147483648
15 10 0
15 11 -2147483648
15 12 0
15 13 -2147483648
15 14 2
15 16 0
15 17 0
15 18 -2147483648
16 0 0
16 1 0
16 2 -2147483648
16 3 -2147483648
16 4 0
16 5 -2147483648
16 6 0
16 7 0
16 8 0
16 9 0
16 10 0
16 11 0
16 12 -2147483648
16 13 -2147483648
16 14 0
16 15 0
16 17 0
16 18 -2147483648
17 0 0
17 1 0
17 2 0
17 3 0
17 4 0
17 5 0
17 6 0
17 7 0
17 8 0
17 9 0
17 10 0
17 11 0
17 12 0
17 13 0
17 14 0
17 15 0
17 16 0
17 18 0
18 0 -2147483648
18 1 -2147483648
18 2 -2147483648
18 3 -2147483648
18 4 -2147483648
18 5 -2147483648
18 6 -2147483648
18 7 -2147483648
18 8 -2147483648
18 9 -2147483648
18 10 0
18 11 0
18 12 -2147483648
18 13 -2147483648
18 14 -2147483648
18 15 -2147483648
18 16 -2147483648
18 17 0
