0 1 9
0 2 -2147483648
0 3 -2147483648
0 4 0
0 5 -2147483648
0 6 0
0 7 -2147483648
0 8 -2147483648
0 9 -2147483648
0 10 -2147483648
0 11 -2147483648
0 12 -2147483648
0 13 -2147483648
0 14 -2147483648
0 15 -2147483648
0 16 -2147483648
0 17 -2147483648
0 18 -2147483648
0 19 -2147483648
1 0 9
1 2 -2147483648
1 3 -2147483648
1 4 0
1 5 -2147483648
1 6 0
1 7 -2147483648
1 8 -2147483648
1 9 -2147483648
1 10 -2147483648
1 11 -2147483648
1 12 -2147483648
1 13 -2147483648
1 14 0
1 15 -2147483648
1 16 -2147483648
1 17 -2147483648
1 18 -2147483648
1 19 2
2 0 -2147483648
2 1 -2147483648
2 3 7
2 4 -2147483648
2 5 -2147483648
2 6 0
2 7 -2147483648
2 8 -2147483648
2 9 0
2 10 -2147483648
2 11 -2147483648
2 12 0
2 13 -2147483648
2 14 -2147483648
2 15 -2147483648
2 16 -2147483648
2 17 -2147483648
2 18 -2147483648
2 19 -2147483648
3 0 -2147483648
3 1 -2147483648
3 2 7
3 4 -2147483648
3 5 -2147483648
3 6 0
3 7 0
3 8 -2147483648
3 9 0
3 10 -2147483648
3 11 -2147483648
3 12 0
3 13 -2147483648
3 14 -2147483648
3 15 -2147483648
3 16 -2147483648
3 17 -2147483648
3 18 -2147483648
3 19 -2147483648
4 0 0
4 1 0
4 2 -2147483648
4 3 -2147483648
4 5 6
4 6 -2147483648
4 7 -2147483648
4 8 -2147483648
4 9 -2147483648
4 10 0
4 11 0
4 12 0
4 13 0
4 14 0
4 15 0
4 16 0
4 17 0
4 18 -2147483648
4 19 -2147483648
5 0 -2147483648
5 1 -2147483648
5 2 -2147483648
5 3 -2147483648
5 4 6
5 6 -2147483648
5 7 -2147483648
5 8 -2147483648
5 9 -2147483648
5 10 0
5 11 0
5 12 0
5 13 -2147483648
5 14 -2147483648
5 15 -2147483648
5 16 -2147483648
5 17 0
5 18 -2147483648
5 19 -2147483648
6 0 0
6 1 0
6 2 0
6 3 0
6 4 -2147483648
6 5 -2147483648
6 7 5
6 8 2
6 9 2
6 10 -2147483648
6 11 0
6 12 0
6 13 0
6 14 0
6 15 0
6 16 0
6 17 0
6 18 -2147483648
6 19 0
7 0 -2147483648
7 1 -2147483648
7 2 -2147483648
7 3 0
7 4 -2147483648
7 5 -2147483648
7 6 5
7 8 4
7 9 2
7 10 -2147483648
7 11 2
7 12 -2147483648
7 13 -2147483648
7 14 0
7 15 0
7 16 0
7 17 -2147483648
7 18 -2147483648
7 19 0
8 0 -2147483648
8 1 -2147483648
8 2 -2147483648
8 3 -2147483648
8 4 -2147483648
8 5 -2147483648
8 6 2
8 7 4
8 9 2
8 10 -2147483648
8 11 3
8 12 -2147483648
8 13 -2147483648
8 14 0
8 15 0
8 16 0
8 17 -2147483648
8 18 -2147483648
8 19 0
9 0 -2147483648
9 1 -2147483648
9 2 0
9 3 0
9 4 -2147483648
9 5 -2147483648
9 6 2
9 7 2
9 8 2
9 10 -2147483648
9 11 0
9 12 0
9 13 0
9 14 0
9 15 0
9 16 1
9 17 -2147483648
9 18 -2147483648
9 19 -2147483648
10 0 -2147483648
10 1 -2147483648
10 2 -2147483648
10 3 -2147483648
10 4 0
10 5 0
10 6 -2147483648
10 7 -2147483648
10 8 -2147483648
10 9 -2147483648
10 11 4
10 12 -2147483648
10 13 -2147483648
10 14 0
10 15 0
10 16 0
10 17 -2147483648
10 18 -2147483648
10 19 0
11 0 -2147483648
11 1 -2147483648
11 2 -2147483648
11 3 -2147483648
11 4 0
11 5 0
11 6 0
11 7 2
11 8 3
11 9 0
11 10 4
11 12 -2147483648
11 13 -2147483648
11 14 0
11 15 0
11 16 0
11 17 -2147483648
11 18 -2147483648
11 19 0
12 0 -2147483648
12 1 -2147483648
12 2 0
12 3 0
12 4 0
12 5 0
12 6 0
12 7 -2147483648
12 8 -2147483648
12 9 0
12 10 -2147483648
12 11 -2147483648
12 13 3
12 14 0
12 15 0
12 16 0
12 17 -2147483648
12 18 0
12 19 0
13 0 -2147483648
13 1 -2147483648
13 2 -2147483648
13 3 -2147483648
13 4 0
13 5 -2147483648
13 6 0
13 7 -2147483648
13 8 -2147483648
13 9 0
13 10 -2147483648
13 11 -2147483648
13 12 3
13 14 -2147483648
13 15 -2147483648
13 16 -2147483648
13 17 -2147483648
13 18 -2147483648
13 19 -2147483648
14 0 -2147483648
14 1 0
14 2 -2147483648
14 3 -2147483648
14 4 0
14 5 -2147483648
14 6 0
14 7 0
14 8 0
14 9 0
14 10 0
14 11 0
14 12 0
14 13 -2147483648
14 15 3
14 16 -2147483648
14 17 0
14 18 0
14 19 -2147483648
15 0 -2147483648
15 1 -2147483648
15 2 -2147483648
15 3 -2147483648
15 4 0
15 5 -2147483648
15 6 0
15 7 0
15 8 0
15 9 0
15 10 0
15 11 0
15 12 0
15 13 -2147483648
15 14 3
15 16 -2147483648
15 17 0
15 18 0
15 19 -2147483648
16 0 -2147483648
16 1 -2147483648
16 2 -2147483648
16 3 -2147483648
16 4 0
16 5 -2147483648
16 6 0
16 7 0
16 8 0
16 9 1
16 10 0
16 11 0
16 12 0
16 13 -2147483648
16 14 -2147483648
16 15 -2147483648
16 17 2
16 18 0
16 19 -2147483648
17 0 -2147483648
17 1 -2147483648
17 2 -2147483648
17 3 -2147483648
17 4 0
17 5 0
17 6 0
17 7 -2147483648
17 8 -2147483648
17 9 -2147483648
17 10 -2147483648
17 11 -2147483648
17 12 -2147483648
17 13 -2147483648
17 14 0
17 15 0
17 16 2
17 18 -2147483648
17 19 -2147483648
18 0 -2147483648
18 1 -2147483648
18 2 -2147483648
18 3 -2147483648
18 4 -2147483648
18 5 -2147483648
18 6 -2147483648
18 7 -2147483648
18 8 -2147483648
18 9 -2147483648
18 10 -2147483648
18 11 -2147483648
18 12 0
18 13 -2147483648
18 14 0
18 15 0
18 16 0
18 17 -2147483648
18 19 0
19 0 -2147483648
19 1 2
19 2 -2147483648
19 3 -2147483648
19 4 -2147483648
19 5 -2147483648
19 6 0
19 7 0
19 8 0
19 9 -2147483648
19 10 0
19 11 0
19 12 0
19 13 -2147483648
19 14 -2147483648
19 15 -2147483648
19 16 -2147483648
19 17 -2147483648
19 18 0
