12 10 9 3 1 6 11 13 
12 10 9 3 1 6 11 13 
12 10 9 3 1 6 11 13 
12 10 9 3 1 6 11 13 
7 6 1 2 4 14 12 
5 4 14 12 11 13 10 
5 10 9 3 1 6 11 
5 4 7 8 9 10 12 
13 11 12 10 5 4 14 
9 3 2 4 14 12 10 
2 1 3 9 8 7 6 
7 6 11 13 10 12 14 
6 1 2 4 5 10 13 
4 14 12 11 13 10 5 
1 2 4 5 10 12 14 
1 6 11 12 14 4 7 
5 4 7 8 9 10 13 
3 9 10 5 4 7 8 
5 10 9 3 1 6 11 
6 1 2 4 5 10 13 
10 9 3 1 6 11 13 
5 4 7 6 1 3 9 
6 1 2 4 5 10 13 
3 9 8 7 6 11 13 
4 7 6 11 
5 4 14 12 11 13 10 
8 7 4 5 10 12 14 
6 1 2 4 5 10 13 
5 4 7 8 9 10 12 
10 9 3 1 6 11 13 
13 11 12 10 5 4 14 
5 4 7 6 1 3 9 
6 1 2 4 5 10 13 
5 4 7 8 9 10 12 
5 10 9 3 1 6 11 
13 11 12 10 5 4 14 
9 3 2 4 14 12 10 
2 1 3 9 8 7 6 
7 6 1 2 4 14 12 
7 6 11 13 10 12 14 
6 1 2 4 5 10 13 
4 14 12 11 13 10 5 
1 2 4 5 10 12 14 
1 6 11 12 14 4 7 
5 4 7 8 9 10 13 
3 9 10 5 4 7 8 
5 10 9 3 1 6 11 
6 1 2 4 5 10 13 
10 9 3 1 6 11 13 
5 4 14 12 11 13 10 
10 5 4 14 12 11 13 
3 9 8 7 6 11 13 
4 7 6 11 
8 7 4 5 10 12 14 
6 1 2 4 5 10 13 
5 4 7 8 9 10 12 
13 11 12 10 5 4 14 
3 1 6 11 12 14 
2 1 3 9 10 13 
6 7 4 2 3 9 
2 4 7 8 9 10 
4 2 1 6 7 8 
7 6 1 2 3 9 
5 4 2 1 6 7 
4 7 6 1 3 9 
7 6 1 2 3 9 
7 4 2 1 6 11 
2 1 6 7 8 9 
3 1 6 11 12 14 
7 4 2 3 9 10 
2 4 7 8 9 10 
4 5 10 13 11 12 
9 3 2 4 14 12 
3 9 10 5 4 7 
4 7 6 1 3 9 
4 2 3 9 8 7 
3 1 2 4 7 6 
2 4 7 8 9 10 
4 14 12 10 13 11 
4 5 10 13 11 12 
2 1 3 9 10 13 
4 2 1 6 7 8 
7 6 1 2 3 9 
5 4 2 1 6 7 
2 1 6 7 8 9 
2 4 7 6 11 12 
3 1 6 11 12 14 
4 7 6 1 3 9 
7 6 1 2 3 9 
4 14 12 10 13 11 
7 4 2 3 9 10 
6 7 4 2 3 9 
3 9 10 5 4 14 
9 10 5 4 14 12 
2 4 14 12 10 9 
4 14 12 10 9 
7 4 5 10 12 11 
4 5 10 12 11 
3 1 2 4 7 
2 4 7 6 11 13 
12 10 9 3 1 6 11 13 
12 10 9 3 1 6 11 13 
12 10 9 3 1 6 11 13 
12 10 9 3 1 6 11 13 
7 6 1 2 4 14 12 
5 4 14 12 11 13 10 
5 10 9 3 1 6 11 
5 4 7 8 9 10 12 
13 11 12 10 5 4 14 
9 3 2 4 14 12 10 
5 4 2 3 9 10 
4 2 3 9 10 5 
4 2 1 6 7 8 
5 4 2 1 6 7 
9 3 2 4 5 10 
3 2 4 5 10 13 
2 3 9 8 7 6 
4 2 3 9 8 7 
5 4 2 3 9 10 
4 2 3 9 10 5 
8 9 10 5 4 14 
9 10 5 4 14 12 
4 2 1 6 7 8 
5 4 2 1 6 7 
9 3 2 4 5 10 
3 2 4 5 10 13 
8 9 10 5 4 14 
9 10 5 4 14 12 
3 9 10 12 14 
2 3 9 10 12 
7 4 5 10 12 
4 5 10 12 11 
2 1 6 11 13 
7 4 2 1 6 11 
6 11 12 10 9 
7 6 11 12 10 
2 4 14 12 10 
5 4 14 12 10 13 
5 10 13 11 
4 5 10 13 11 12 
5 4 7 6 11 12 
7 6 11 12 14 
7 6 1 3 9 
6 1 3 9 10 13 
4 2 3 9 
5 4 2 3 9 10 
7 6 1 3 9 
6 1 3 9 10 13 
12 14 4 5 10 13 
4 5 10 13 11 12 
1 2 4 7 
3 1 2 4 7 8 
2 4 7 8 9 
3 2 4 7 8 
12 14 4 7 6 11 13 
5 4 7 6 11 
10 9 8 7 6 11 13 
3 9 8 7 6 
4 7 6 11 
5 4 7 6 11 12 
5 4 2 1 3 9 
2 1 3 9 10 
6 11 12 10 13 
7 6 11 12 10 
6 1 3 9 10 13 
2 1 3 9 10 
10 9 8 7 6 11 13 
2 3 9 8 7 6 
4 2 1 3 9 
2 1 3 9 10 13 
4 7 6 11 
5 4 7 6 11 12 
5 4 2 1 3 9 
2 1 3 9 10 13 
6 1 3 9 10 13 
7 6 1 3 9 
5 4 7 6 11 
12 14 4 7 6 11 13 
7 4 5 10 12 
4 5 10 12 11 
7 6 1 3 9 
6 1 3 9 10 13 
7 6 11 12 14 
5 4 7 6 11 12 
5 10 12 11 13 
4 5 10 12 11 
12 14 4 7 6 11 13 
5 4 7 6 11 
13 11 6 7 4 14 
7 4 14 12 11 
1 6 7 4 14 
3 1 6 7 
2 1 3 9 
1 3 9 8 7 
4 2 1 3 9 
6 1 3 9 10 13 
1 6 7 4 14 
3 1 6 7 
2 1 3 9 
6 1 3 9 10 13 
3 9 10 12 14 
6 1 3 9 
3 9 10 12 14 
4 2 3 9 
13 10 12 14 
13 10 12 14 
3 2 4 14 
10 13 
10 13 
13 10 12 14 
5 10 13 11 12 
4 5 10 13 11 12 14 
2 1 3 9 10 13 
1 3 9 10 13 11 
4 2 1 6 7 8 
5 4 2 1 6 7 
9 3 2 4 5 10 
3 2 4 5 10 13 
7 4 5 10 12 14 
6 7 4 5 10 12 
4 2 3 9 10 5 
5 4 2 3 9 10 
10 9 3 1 6 11 13 
9 3 1 6 11 
5 4 2 1 3 9 
1 3 9 10 5 4 2 
8 9 10 5 4 14 
9 10 5 4 14 12 
10 9 3 1 6 11 13 
9 3 1 6 11 
2 3 9 10 5 4 
5 4 2 3 9 10 
2 4 5 10 9 3 
3 2 4 5 10 9 
1 6 7 8 9 3 
3 1 6 7 8 9 
2 4 5 10 12 
4 5 10 12 11 
2 3 9 8 7 6 
1 3 9 8 7 
3 1 2 4 14 
1 2 4 14 12 
7 4 14 12 
8 7 4 14 12 11 
5 10 13 11 
4 5 10 13 11 12 
7 6 1 3 9 
6 1 3 9 10 13 
2 4 5 10 9 
1 2 4 5 10 
4 2 3 9 
5 4 2 3 9 8 
7 6 1 3 9 
6 1 3 9 10 13 
7 4 2 1 6 11 
2 1 6 11 13 
12 14 4 7 6 11 13 
5 4 7 6 11 
2 4 5 10 9 
4 5 10 9 8 
5 10 12 11 13 
4 5 10 12 11 
3 9 10 12 14 
2 3 9 10 12 
12 14 4 7 6 11 13 
4 7 6 11 
3 1 6 7 8 
1 6 7 8 9 
7 4 5 10 
6 7 4 5 10 13 
2 4 5 10 
1 2 4 5 10 13 
6 11 12 10 13 
7 6 11 12 10 
5 4 7 6 11 12 
2 4 7 6 11 
3 1 2 4 7 
6 1 2 4 7 8 
6 1 2 3 9 
1 2 3 9 10 
4 2 1 3 9 
2 1 3 9 10 13 
3 2 4 7 6 
1 3 2 4 7 
7 8 9 10 13 11 
8 9 10 13 
5 4 7 6 11 
12 14 4 7 6 11 13 
3 1 6 7 4 
1 6 7 4 14 
2 4 5 10 
1 2 4 5 10 13 
10 9 3 1 6 11 
3 1 6 11 12 14 
9 10 5 4 14 
3 9 10 5 4 
2 4 7 8 
3 2 4 7 8 9 
2 3 9 10 5 
4 2 3 9 10 
13 11 6 7 4 14 
7 4 14 12 11 
12 14 4 7 6 11 13 
11 13 10 12 14 
13 10 12 14 
12 14 4 7 6 11 13 
3 9 8 
6 7 8 
13 10 12 14 
1 6 11 13 
7 4 14 
