5 4 14 12 10 
4 14 12 10 5 
4 2 3 9 8 
5 4 2 3 9 
9 3 2 4 5 10 
2 4 5 10 12 
5 4 14 12 10 
4 14 12 10 5 
5 4 2 3 9 
4 2 3 9 8 
2 1 6 11 13 
3 2 1 6 
6 7 8 9 
3 1 6 7 8 
2 3 9 10 
4 2 3 9 
5 10 12 11 
10 12 11 13 
5 4 14 12 
4 14 12 11 
5 10 9 8 7 
4 5 10 9 
13 11 12 14 
9 10 13 11 12 
2 1 6 
4 2 1 6 7 
7 6 11 12 14 
4 7 6 11 
7 4 14 12 11 
4 14 12 
6 11 12 10 13 
7 6 11 12 
1 6 7 
3 1 6 7 8 
5 10 12 11 13 
4 5 10 12 
5 10 12 11 
10 12 11 13 
7 4 5 10 
4 5 10 9 
6 11 12 10 13 
9 10 13 11 12 
2 3 9 10 
3 9 10 13 
8 7 4 14 
7 4 14 12 11 
5 4 14 12 
4 14 12 11 
3 1 6 7 
2 3 1 6 
2 3 9 10 
3 9 10 13 
5 4 14 12 
4 14 12 11 
2 3 9 10 13 
4 2 3 9 
5 10 12 11 
10 12 11 13 
7 6 11 12 14 
4 7 6 11 
5 10 12 11 
10 12 11 13 
7 8 9 10 
8 9 10 12 14 
7 6 1 3 9 
2 3 9 10 13 
12 10 13 
5 4 14 12 10 
3 2 4 14 
5 4 14 12 
9 3 2 4 5 10 
5 10 13 
1 6 7 
6 7 8 9 
7 8 9 
2 3 9 
12 10 13 
6 11 13 
6 11 13 
13 10 12 14 
6 11 13 
7 8 9 
5 4 7 
13 10 12 14 
2 3 9 
3 2 4 14 
7 8 9 
6 11 13 
12 10 13 
1 2 4 14 
2 3 9 
3 2 4 14 
12 10 13 
6 11 13 
6 11 13 
3 1 6 7 
13 10 12 14 
