0 1 -2147483648
0 2 2
0 3 0
0 4 -2147483648
0 5 0
0 6 1
0 7 1
0 8 0
0 9 0
1 0 -2147483648
1 2 -2147483648
1 3 0
1 4 -2147483648
1 5 0
1 6 4
1 7 0
1 8 0
1 9 0
2 0 2
2 1 -2147483648
2 3 0
2 4 -2147483648
2 5 0
2 6 -2147483648
2 7 1
2 8 0
2 9 0
3 0 0
3 1 0
3 2 0
3 4 -2147483648
3 5 -2147483648
3 6 0
3 7 -2147483648
3 8 0
3 9 -2147483648
4 0 -2147483648
4 1 -2147483648
4 2 -2147483648
4 3 -2147483648
4 5 -2147483648
4 6 -2147483648
4 7 -2147483648
4 8 0
4 9 -2147483648
5 0 0
5 1 0
5 2 0
5 3 -2147483648
5 4 -2147483648
5 6 0
5 7 3
5 8 0
5 9 -2147483648
6 0 1
6 1 4
6 2 -2147483648
6 3 0
6 4 -2147483648
6 5 0
6 7 0
6 8 0
6 9 0
7 0 1
7 1 0
7 2 1
7 3 -2147483648
7 4 -2147483648
7 5 3
7 6 0
7 8 0
7 9 -2147483648
8 0 0
8 1 0
8 2 0
8 3 0
8 4 0
8 5 0
8 6 0
8 7 0
8 9 0
9 0 0
9 1 0
9 2 0
9 3 -2147483648
9 4 -2147483648
9 5 -2147483648
9 6 0
9 7 -2147483648
9 8 0
