10 11 12 13 14 15 16 31 38 43 45 46 
11 12 13 14 15 16 31 38 43 45 
24 26 27 40 39 38 37 36 35 
1 23 24 26 27 40 39 38 37 36 35 
13 14 33 32 37 36 35 34 
4 17 15 14 33 32 
13 8 7 6 15 16 18 19 27 26 
12 11 8 7 6 15 16 18 19 27 26 25 
14 33 32 37 36 43 45 46 
34 33 32 37 36 43 45 46 
20 19 18 30 31 32 37 36 43 
24 25 41 40 39 38 31 
23 24 25 41 40 39 38 31 
15 17 20 19 27 40 39 38 
16 31 38 29 28 27 26 25 41 
39 38 29 28 27 26 25 41 
23 22 21 20 17 15 14 13 34 42 44 45 
3 4 17 15 14 13 34 42 44 
15 17 18 30 29 38 43 36 
17 18 30 29 38 43 36 35 
22 21 19 18 30 29 
13 8 7 6 15 17 18 16 
7 6 15 17 18 16 31 32 
36 43 38 31 32 37 
18 17 20 21 24 26 25 41 
20 21 24 26 25 41 
24 21 19 18 30 29 
24 21 19 18 30 29 38 43 36 
33 32 31 30 29 38 43 
17 18 19 27 26 24 
4 17 18 19 27 26 24 
7 6 15 17 18 
9 10 11 12 13 14 33 32 37 36 42 
13 14 33 32 37 36 
6 7 14 33 32 31 30 29 28 
13 34 33 32 31 30 29 28 
37 36 42 44 43 
39 29 38 37 36 42 44 43 
29 38 43 44 42 34 33 
39 29 38 43 44 42 
2 3 20 21 
1 2 3 20 21 26 24 
9 10 11 8 13 14 33 32 31 
16 15 14 33 32 31 30 
24 21 19 18 30 29 39 
18 30 29 39 
6 15 14 13 34 35 36 37 
29 30 31 32 33 14 13 34 35 
5 4 17 15 14 13 8 7 6 
27 19 21 24 25 41 
10 11 12 13 14 33 34 35 36 43 45 46 
11 12 13 14 33 34 35 36 43 45 
13 8 7 6 15 16 18 19 27 26 
12 11 8 7 6 15 16 18 19 27 26 25 
24 26 27 40 39 38 37 36 
1 23 24 26 27 40 39 38 37 36 35 
23 22 21 20 17 15 14 13 34 42 44 45 
3 4 17 15 14 13 34 42 44 
6 15 16 31 38 37 
7 6 15 16 31 38 37 32 
7 14 33 32 31 16 18 
13 8 7 14 33 32 31 16 
9 10 11 12 13 14 33 32 37 36 42 
13 14 33 32 37 36 
15 16 18 30 29 38 43 36 
17 18 30 29 38 43 36 35 
24 26 27 40 39 
23 24 26 27 40 39 38 31 
13 34 33 32 31 30 29 28 
9 10 11 12 13 34 33 32 31 
36 43 38 31 32 37 
39 29 38 31 32 37 36 43 
29 30 31 32 33 
39 29 30 31 32 33 34 42 
33 34 35 36 43 
14 33 34 35 36 43 45 46 
6 5 4 17 18 30 29 28 
24 21 20 17 18 30 29 
18 30 29 39 
15 17 18 30 29 39 38 
17 20 21 24 
18 17 20 21 24 25 41 
37 36 35 34 42 44 43 
13 14 33 32 37 36 35 34 
2 3 20 21 
1 2 3 20 21 24 
4 3 20 21 24 
16 15 17 20 21 24 25 41 
24 21 19 18 16 31 
4 3 20 17 18 16 31 32 
20 21 24 25 41 
24 25 41 40 39 38 43 36 35 
29 30 31 32 33 34 35 
34 35 36 43 45 46 
5 6 
16 18 30 
27 40 41 
39 40 41 
10 11 12 13 14 33 34 35 36 43 45 46 
11 12 13 14 33 34 35 36 43 45 
13 8 7 6 15 16 18 19 27 26 
12 11 8 7 6 15 16 18 19 27 26 25 
24 26 27 40 39 38 37 36 
1 23 24 26 27 40 39 38 37 36 35 
23 22 21 20 17 15 14 13 34 42 44 45 
3 4 17 15 14 13 34 42 44 
6 15 16 31 38 37 
7 6 15 16 31 38 37 32 
10 11 12 13 14 33 34 35 36 43 45 46 
11 12 13 14 33 34 35 36 43 45 
13 8 7 6 15 16 18 19 27 26 
12 11 8 7 6 15 16 18 19 27 26 25 
24 26 27 40 39 38 37 36 
1 23 24 26 27 40 39 38 37 36 35 
23 22 21 20 17 15 14 13 34 42 44 45 
3 4 17 15 14 13 34 42 44 
6 15 16 31 38 37 
7 6 15 16 31 38 37 32 
7 14 33 32 31 16 18 
13 8 7 14 33 32 31 16 
9 10 11 12 13 14 33 32 37 36 42 
13 14 33 32 37 36 
15 16 18 30 29 38 43 36 
17 18 30 29 38 43 36 35 
24 26 27 40 39 
23 24 26 27 40 39 38 31 
13 34 33 32 31 30 29 28 
9 10 11 12 13 34 33 32 31 
36 43 38 31 32 37 
39 29 38 31 32 37 36 43 
29 30 31 32 33 
39 29 30 31 32 33 34 42 
33 34 35 36 43 
14 33 34 35 36 43 45 46 
6 5 4 17 18 30 29 28 
24 21 20 17 18 30 29 
18 30 29 39 
15 17 18 30 29 39 38 
17 20 21 24 
18 17 20 21 24 25 41 
37 36 35 34 42 44 43 
13 14 33 32 37 36 35 34 
2 3 20 21 
1 2 3 20 21 24 
4 3 20 21 24 
16 15 17 20 21 24 25 41 
24 21 19 18 16 31 
4 3 20 17 18 16 31 32 
20 21 24 25 41 
24 25 41 40 39 38 43 36 35 
29 30 31 32 33 34 35 
34 35 36 43 45 46 
5 6 
16 18 30 
27 40 41 
39 40 41 
10 11 12 13 14 33 34 35 36 43 45 46 
11 12 13 14 33 34 35 36 43 45 
13 8 7 6 15 16 18 19 27 26 
12 11 8 7 6 15 16 18 19 27 26 25 
24 26 27 40 39 38 37 36 
1 23 24 26 27 40 39 38 37 36 35 
23 22 21 20 17 15 14 13 34 42 44 45 
3 4 17 15 14 13 34 42 44 
10 11 12 13 14 33 34 35 36 43 45 46 
11 12 13 14 33 34 35 36 43 45 
13 8 7 6 15 16 18 19 27 26 
12 11 8 7 6 15 16 18 19 27 26 25 
24 26 27 40 39 38 37 36 
1 23 24 26 27 40 39 38 37 36 35 
23 22 21 20 17 15 14 13 34 42 44 45 
3 4 17 15 14 13 34 42 44 
6 15 16 31 38 37 
7 6 15 16 31 38 37 32 
7 14 33 32 31 16 18 
13 8 7 14 33 32 31 16 
9 10 11 12 13 14 33 32 37 36 42 
13 14 33 32 37 36 
10 11 12 13 14 33 34 35 36 43 45 46 
11 12 13 14 33 34 35 36 43 45 
13 8 7 6 15 16 18 19 27 26 
12 11 8 7 6 15 16 18 19 27 26 25 
24 26 27 40 39 38 37 36 
1 23 24 26 27 40 39 38 37 36 35 
23 22 21 20 17 15 14 13 34 42 44 45 
3 4 17 15 14 13 34 42 44 
6 15 16 31 38 37 
7 6 15 16 31 38 37 32 
7 14 33 32 31 16 18 
13 8 7 14 33 32 31 16 
9 10 11 12 13 14 33 32 37 36 42 
13 14 33 32 37 36 
15 16 18 30 29 38 43 36 
17 18 30 29 38 43 36 35 
24 26 27 40 39 
23 24 26 27 40 39 38 31 
13 34 33 32 31 30 29 28 
9 10 11 12 13 34 33 32 31 
36 43 38 31 32 37 
39 29 38 31 32 37 36 43 
29 30 31 32 33 
39 29 30 31 32 33 34 42 
33 34 35 36 43 
14 33 34 35 36 43 45 46 
6 5 4 17 18 30 29 28 
24 21 20 17 18 30 29 
18 30 29 39 
15 17 18 30 29 39 38 
17 20 21 24 
18 17 20 21 24 25 41 
37 36 35 34 42 44 43 
13 14 33 32 37 36 35 34 
2 3 20 21 
1 2 3 20 21 24 
4 3 20 21 24 
16 15 17 20 21 24 25 41 
24 21 19 18 16 31 
4 3 20 17 18 16 31 32 
20 21 24 25 41 
24 25 41 40 39 38 43 36 35 
29 30 31 32 33 34 35 
34 35 36 43 45 46 
5 6 
16 18 30 
27 40 41 
39 40 41 
10 11 12 13 14 33 34 35 36 43 45 46 
11 12 13 14 33 34 35 36 43 45 
13 8 7 6 15 16 18 19 27 26 
12 11 8 7 6 15 16 18 19 27 26 25 
24 26 27 40 39 38 37 36 
1 23 24 26 27 40 39 38 37 36 35 
23 22 21 20 17 15 14 13 34 42 44 45 
3 4 17 15 14 13 34 42 44 
6 15 16 31 38 37 
7 6 15 16 31 38 37 32 
7 14 33 32 31 16 18 
13 8 7 14 33 32 31 16 
9 10 11 12 13 14 33 32 37 36 42 
13 14 33 32 37 36 
15 16 18 30 29 38 43 36 
17 18 30 29 38 43 36 35 
24 26 27 40 39 
23 24 26 27 40 39 38 31 
13 34 33 32 31 30 29 28 
9 10 11 12 13 34 33 32 31 
36 43 38 31 32 37 
39 29 38 31 32 37 36 43 
29 30 31 32 33 
39 29 30 31 32 33 34 42 
33 34 35 36 43 
14 33 34 35 36 43 45 46 
6 5 4 17 18 30 29 28 
24 21 20 17 18 30 29 
18 30 29 39 
15 17 18 30 29 39 38 
17 20 21 24 
18 17 20 21 24 25 41 
37 36 35 34 42 44 43 
13 14 33 32 37 36 35 34 
2 3 20 21 
1 2 3 20 21 24 
4 3 20 21 24 
16 15 17 20 21 24 25 41 
24 21 19 18 16 31 
4 3 20 17 18 16 31 32 
20 21 24 25 41 
24 25 41 40 39 38 43 36 35 
29 30 31 32 33 34 35 
34 35 36 43 45 46 
5 6 
16 18 30 
27 40 41 
39 40 41 
