0 1 9
0 2 -2147483648
0 3 -2147483648
0 4 -2147483648
0 5 -2147483648
0 6 -2147483648
0 7 -2147483648
0 8 -2147483648
0 9 2
0 10 -2147483648
0 11 -2147483648
0 12 -2147483648
0 13 -2147483648
0 14 -2147483648
0 15 -2147483648
0 16 -2147483648
0 17 -2147483648
0 18 -2147483648
0 19 -2147483648
0 20 0
0 21 -2147483648
0 22 -2147483648
0 23 -2147483648
0 24 0
0 25 0
0 26 0
0 27 -2147483648
0 28 -2147483648
0 29 0
0 30 0
0 31 -2147483648
0 32 -2147483648
0 33 -2147483648
0 34 -2147483648
0 35 -2147483648
0 36 0
0 37 -2147483648
0 38 -2147483648
0 39 -2147483648
0 40 0
0 41 0
0 42 -2147483648
0 43 -2147483648
0 44 0
0 45 0
0 46 -2147483648
0 47 -2147483648
0 48 -2147483648
0 49 0
1 0 9
1 2 -2147483648
1 3 -2147483648
1 4 -2147483648
1 5 -2147483648
1 6 -2147483648
1 7 -2147483648
1 8 -2147483648
1 9 1
1 10 -2147483648
1 11 -2147483648
1 12 -2147483648
1 13 -2147483648
1 14 -2147483648
1 15 -2147483648
1 16 -2147483648
1 17 -2147483648
1 18 -2147483648
1 19 -2147483648
1 20 0
1 21 -2147483648
1 22 -2147483648
1 23 -2147483648
1 24 0
1 25 0
1 26 0
1 27 -2147483648
1 28 -2147483648
1 29 0
1 30 0
1 31 -2147483648
1 32 -2147483648
1 33 -2147483648
1 34 -2147483648
1 35 -2147483648
1 36 0
1 37 -2147483648
1 38 -2147483648
1 39 -2147483648
1 40 0
1 41 0
1 42 -2147483648
1 43 -2147483648
1 44 0
1 45 0
1 46 -2147483648
1 47 -2147483648
1 48 -2147483648
1 49 0
2 0 -2147483648
2 1 -2147483648
2 3 8
2 4 2
2 5 0
2 6 -2147483648
2 7 -2147483648
2 8 -2147483648
2 9 -2147483648
2 10 -2147483648
2 11 -2147483648
2 12 -2147483648
2 13 3
2 14 -2147483648
2 15 -2147483648
2 16 0
2 17 0
2 18 -2147483648
2 19 -2147483648
2 20 0
2 21 0
2 22 0
2 23 -2147483648
2 24 -2147483648
2 25 -2147483648
2 26 -2147483648
2 27 -2147483648
2 28 -2147483648
2 29 -2147483648
2 30 -2147483648
2 31 0
2 32 -2147483648
2 33 1
2 34 0
2 35 0
2 36 -2147483648
2 37 -2147483648
2 38 -2147483648
2 39 -2147483648
2 40 0
2 41 -2147483648
2 42 0
2 43 0
2 44 -2147483648
2 45 0
2 46 -2147483648
2 47 0
2 48 0
2 49 -2147483648
3 0 -2147483648
3 1 -2147483648
3 2 8
3 4 2
3 5 0
3 6 -2147483648
3 7 -2147483648
3 8 -2147483648
3 9 -2147483648
3 10 -2147483648
3 11 -2147483648
3 12 -2147483648
3 13 3
3 14 -2147483648
3 15 -2147483648
3 16 -2147483648
3 17 0
3 18 -2147483648
3 19 -2147483648
3 20 0
3 21 0
3 22 0
3 23 -2147483648
3 24 -2147483648
3 25 -2147483648
3 26 -2147483648
3 27 -2147483648
3 28 -2147483648
3 29 -2147483648
3 30 -2147483648
3 31 0
3 32 -2147483648
3 33 1
3 34 0
3 35 0
3 36 -2147483648
3 37 -2147483648
3 38 -2147483648
3 39 -2147483648
3 40 0
3 41 -2147483648
3 42 0
3 43 0
3 44 -2147483648
3 45 0
3 46 -2147483648
3 47 0
3 48 0
3 49 -2147483648
4 0 -2147483648
4 1 -2147483648
4 2 2
4 3 2
4 5 2
4 6 -2147483648
4 7 0
4 8 -2147483648
4 9 -2147483648
4 10 -2147483648
4 11 0
4 12 0
4 13 0
4 14 0
4 15 0
4 16 -2147483648
4 17 -2147483648
4 18 0
4 19 1
4 20 0
4 21 -2147483648
4 22 0
4 23 -2147483648
4 24 0
4 25 0
4 26 0
4 27 0
4 28 -2147483648
4 29 0
4 30 0
4 31 0
4 32 -2147483648
4 33 5
4 34 -2147483648
4 35 -2147483648
4 36 -2147483648
4 37 -2147483648
4 38 0
4 39 0
4 40 0
4 41 0
4 42 -2147483648
4 43 -2147483648
4 44 0
4 45 0
4 46 -2147483648
4 47 -2147483648
4 48 -2147483648
4 49 0
5 0 -2147483648
5 1 -2147483648
5 2 0
5 3 0
5 4 2
5 6 -2147483648
5 7 -2147483648
5 8 2
5 9 1
5 10 0
5 11 0
5 12 0
5 13 -2147483648
5 14 0
5 15 0
5 16 -2147483648
5 17 -2147483648
5 18 -2147483648
5 19 -2147483648
5 20 0
5 21 -2147483648
5 22 -2147483648
5 23 0
5 24 -2147483648
5 25 0
5 26 0
5 27 0
5 28 1
5 29 -2147483648
5 30 -2147483648
5 31 -2147483648
5 32 2
5 33 2
5 34 2
5 35 1
5 36 0
5 37 0
5 38 0
5 39 0
5 40 0
5 41 0
5 42 2
5 43 3
5 44 0
5 45 0
5 46 -2147483648
5 47 -2147483648
5 48 -2147483648
5 49 0
6 0 -2147483648
6 1 -2147483648
6 2 -2147483648
6 3 -2147483648
6 4 -2147483648
6 5 -2147483648
6 7 8
6 8 0
6 9 0
6 10 -2147483648
6 11 0
6 12 0
6 13 -2147483648
6 14 -2147483648
6 15 1
6 16 -2147483648
6 17 -2147483648
6 18 -2147483648
6 19 -2147483648
6 20 -2147483648
6 21 -2147483648
6 22 -2147483648
6 23 0
6 24 -2147483648
6 25 0
6 26 -2147483648
6 27 -2147483648
6 28 0
6 29 3
6 30 3
6 31 -2147483648
6 32 -2147483648
6 33 -2147483648
6 34 -2147483648
6 35 -2147483648
6 36 0
6 37 0
6 38 0
6 39 0
6 40 0
6 41 0
6 42 -2147483648
6 43 -2147483648
6 44 -2147483648
6 45 -2147483648
6 46 -2147483648
6 47 -2147483648
6 48 -2147483648
6 49 -2147483648
7 0 -2147483648
7 1 -2147483648
7 2 -2147483648
7 3 -2147483648
7 4 0
7 5 -2147483648
7 6 8
7 8 0
7 9 0
7 10 -2147483648
7 11 0
7 12 0
7 13 -2147483648
7 14 -2147483648
7 15 2
7 16 -2147483648
7 17 -2147483648
7 18 -2147483648
7 19 -2147483648
7 20 -2147483648
7 21 -2147483648
7 22 -2147483648
7 23 0
7 24 -2147483648
7 25 1
7 26 -2147483648
7 27 -2147483648
7 28 0
7 29 -2147483648
7 30 -2147483648
7 31 -2147483648
7 32 -2147483648
7 33 0
7 34 -2147483648
7 35 0
7 36 0
7 37 0
7 38 0
7 39 0
7 40 0
7 41 -2147483648
7 42 -2147483648
7 43 -2147483648
7 44 -2147483648
7 45 -2147483648
7 46 -2147483648
7 47 0
7 48 -2147483648
7 49 -2147483648
8 0 -2147483648
8 1 -2147483648
8 2 -2147483648
8 3 -2147483648
8 4 -2147483648
8 5 2
8 6 0
8 7 0
8 9 6
8 10 3
8 11 0
8 12 0
8 13 0
8 14 0
8 15 0
8 16 -2147483648
8 17 -2147483648
8 18 -2147483648
8 19 -2147483648
8 20 0
8 21 0
8 22 0
8 23 -2147483648
8 24 0
8 25 0
8 26 0
8 27 -2147483648
8 28 -2147483648
8 29 0
8 30 0
8 31 0
8 32 -2147483648
8 33 4
8 34 -2147483648
8 35 -2147483648
8 36 -2147483648
8 37 -2147483648
8 38 -2147483648
8 39 -2147483648
8 40 0
8 41 0
8 42 -2147483648
8 43 -2147483648
8 44 0
8 45 0
8 46 -2147483648
8 47 -2147483648
8 48 -2147483648
8 49 0
9 0 2
9 1 1
9 2 -2147483648
9 3 -2147483648
9 4 -2147483648
9 5 1
9 6 0
9 7 0
9 8 6
9 10 3
9 11 0
9 12 0
9 13 0
9 14 0
9 15 0
9 16 -2147483648
9 17 -2147483648
9 18 -2147483648
9 19 -2147483648
9 20 0
9 21 0
9 22 0
9 23 -2147483648
9 24 0
9 25 0
9 26 0
9 27 -2147483648
9 28 -2147483648
9 29 0
9 30 0
9 31 0
9 32 -2147483648
9 33 3
9 34 -2147483648
9 35 -2147483648
9 36 -2147483648
9 37 -2147483648
9 38 -2147483648
9 39 -2147483648
9 40 0
9 41 0
9 42 -2147483648
9 43 -2147483648
9 44 0
9 45 0
9 46 -2147483648
9 47 -2147483648
9 48 0
9 49 0
10 0 -2147483648
10 1 -2147483648
10 2 -2147483648
10 3 -2147483648
10 4 -2147483648
10 5 0
10 6 -2147483648
10 7 -2147483648
10 8 3
10 9 3
10 11 0
10 12 0
10 13 -2147483648
10 14 -2147483648
10 15 0
10 16 -2147483648
10 17 0
10 18 -2147483648
10 19 -2147483648
10 20 -2147483648
10 21 -2147483648
10 22 -2147483648
10 23 3
10 24 -2147483648
10 25 -2147483648
10 26 -2147483648
10 27 -2147483648
10 28 -2147483648
10 29 -2147483648
10 30 -2147483648
10 31 0
10 32 -2147483648
10 33 2
10 34 -2147483648
10 35 -2147483648
10 36 -2147483648
10 37 -2147483648
10 38 0
10 39 0
10 40 -2147483648
10 41 -2147483648
10 42 -2147483648
10 43 -2147483648
10 44 -2147483648
10 45 -2147483648
10 46 -2147483648
10 47 -2147483648
10 48 0
10 49 -2147483648
11 0 -2147483648
11 1 -2147483648
11 2 -2147483648
11 3 -2147483648
11 4 0
11 5 0
11 6 0
11 7 0
11 8 0
11 9 0
11 10 0
11 12 6
11 13 2
11 14 -2147483648
11 15 -2147483648
11 16 0
11 17 0
11 18 -2147483648
11 19 -2147483648
11 20 0
11 21 0
11 22 0
11 23 1
11 24 -2147483648
11 25 -2147483648
11 26 -2147483648
11 27 -2147483648
11 28 -2147483648
11 29 0
11 30 0
11 31 0
11 32 0
11 33 0
11 34 0
11 35 0
11 36 0
11 37 -2147483648
11 38 -2147483648
11 39 -2147483648
11 40 0
11 41 0
11 42 0
11 43 0
11 44 -2147483648
11 45 0
11 46 0
11 47 0
11 48 0
11 49 2
12 0 -2147483648
12 1 -2147483648
12 2 -2147483648
12 3 -2147483648
12 4 0
12 5 0
12 6 0
12 7 0
12 8 0
12 9 0
12 10 0
12 11 6
12 13 2
12 14 -2147483648
12 15 -2147483648
12 16 -2147483648
12 17 0
12 18 -2147483648
12 19 -2147483648
12 20 0
12 21 0
12 22 0
12 23 1
12 24 -2147483648
12 25 -2147483648
12 26 -2147483648
12 27 -2147483648
12 28 -2147483648
12 29 0
12 30 0
12 31 0
12 32 0
12 33 0
12 34 0
12 35 0
12 36 0
12 37 -2147483648
12 38 -2147483648
12 39 -2147483648
12 40 0
12 41 0
12 42 0
12 43 0
12 44 -2147483648
12 45 0
12 46 0
12 47 0
12 48 0
12 49 2
13 0 -2147483648
13 1 -2147483648
13 2 3
13 3 3
13 4 0
13 5 -2147483648
13 6 -2147483648
13 7 -2147483648
13 8 0
13 9 0
13 10 -2147483648
13 11 2
13 12 2
13 14 -2147483648
13 15 -2147483648
13 16 -2147483648
13 17 -2147483648
13 18 -2147483648
13 19 -2147483648
13 20 -2147483648
13 21 -2147483648
13 22 -2147483648
13 23 0
13 24 -2147483648
13 25 -2147483648
13 26 -2147483648
13 27 -2147483648
13 28 0
13 29 -2147483648
13 30 -2147483648
13 31 -2147483648
13 32 0
13 33 0
13 34 0
13 35 0
13 36 0
13 37 -2147483648
13 38 0
13 39 -2147483648
13 40 -2147483648
13 41 -2147483648
13 42 0
13 43 -2147483648
13 44 -2147483648
13 45 0
13 46 -2147483648
13 47 0
13 48 -2147483648
13 49 -2147483648
14 0 -2147483648
14 1 -2147483648
14 2 -2147483648
14 3 -2147483648
14 4 0
14 5 0
14 6 -2147483648
14 7 -2147483648
14 8 0
14 9 0
14 10 -2147483648
14 11 -2147483648
14 12 -2147483648
14 13 -2147483648
14 15 6
14 16 0
14 17 0
14 18 -2147483648
14 19 -2147483648
14 20 0
14 21 0
14 22 -2147483648
14 23 -2147483648
14 24 2
14 25 2
14 26 0
14 27 -2147483648
14 28 -2147483648
14 29 -2147483648
14 30 -2147483648
14 31 0
14 32 0
14 33 0
14 34 -2147483648
14 35 -2147483648
14 36 0
14 37 -2147483648
14 38 -2147483648
14 39 -2147483648
14 40 0
14 41 -2147483648
14 42 0
14 43 -2147483648
14 44 -2147483648
14 45 -2147483648
14 46 0
14 47 -2147483648
14 48 0
14 49 -2147483648
15 0 -2147483648
15 1 -2147483648
15 2 -2147483648
15 3 -2147483648
15 4 0
15 5 0
15 6 1
15 7 2
15 8 0
15 9 0
15 10 0
15 11 -2147483648
15 12 -2147483648
15 13 -2147483648
15 14 6
15 16 0
15 17 0
15 18 -2147483648
15 19 -2147483648
15 20 0
15 21 0
15 22 0
15 23 -2147483648
15 24 2
15 25 2
15 26 0
15 27 -2147483648
15 28 -2147483648
15 29 -2147483648
15 30 -2147483648
15 31 0
15 32 0
15 33 0
15 34 1
15 35 1
15 36 0
15 37 -2147483648
15 38 -2147483648
15 39 -2147483648
15 40 0
15 41 -2147483648
15 42 0
15 43 0
15 44 -2147483648
15 45 -2147483648
15 46 0
15 47 -2147483648
15 48 0
15 49 -2147483648
16 0 -2147483648
16 1 -2147483648
16 2 0
16 3 -2147483648
16 4 -2147483648
16 5 -2147483648
16 6 -2147483648
16 7 -2147483648
16 8 -2147483648
16 9 -2147483648
16 10 -2147483648
16 11 0
16 12 -2147483648
16 13 -2147483648
16 14 0
16 15 0
16 17 6
16 18 -2147483648
16 19 -2147483648
16 20 -2147483648
16 21 -2147483648
16 22 -2147483648
16 23 0
16 24 -2147483648
16 25 -2147483648
16 26 -2147483648
16 27 -2147483648
16 28 0
16 29 -2147483648
16 30 -2147483648
16 31 -2147483648
16 32 -2147483648
16 33 -2147483648
16 34 -2147483648
16 35 -2147483648
16 36 -2147483648
16 37 -2147483648
16 38 -2147483648
16 39 -2147483648
16 40 -2147483648
16 41 -2147483648
16 42 -2147483648
16 43 -2147483648
16 44 -2147483648
16 45 0
16 46 -2147483648
16 47 -2147483648
16 48 -2147483648
16 49 -2147483648
17 0 -2147483648
17 1 -2147483648
17 2 0
17 3 0
17 4 -2147483648
17 5 -2147483648
17 6 -2147483648
17 7 -2147483648
17 8 -2147483648
17 9 -2147483648
17 10 0
17 11 0
17 12 0
17 13 -2147483648
17 14 0
17 15 0
17 16 6
17 18 -2147483648
17 19 -2147483648
17 20 0
17 21 -2147483648
17 22 -2147483648
17 23 0
17 24 -2147483648
17 25 0
17 26 0
17 27 0
17 28 0
17 29 -2147483648
17 30 -2147483648
17 31 -2147483648
17 32 -2147483648
17 33 -2147483648
17 34 -2147483648
17 35 -2147483648
17 36 1
17 37 1
17 38 -2147483648
17 39 0
17 40 -2147483648
17 41 -2147483648
17 42 -2147483648
17 43 -2147483648
17 44 0
17 45 0
17 46 -2147483648
17 47 -2147483648
17 48 -2147483648
17 49 0
18 0 -2147483648
18 1 -2147483648
18 2 -2147483648
18 3 -2147483648
18 4 0
18 5 -2147483648
18 6 -2147483648
18 7 -2147483648
18 8 -2147483648
18 9 -2147483648
18 10 -2147483648
18 11 -2147483648
18 12 -2147483648
18 13 -2147483648
18 14 -2147483648
18 15 -2147483648
18 16 -2147483648
18 17 -2147483648
18 19 6
18 20 2
18 21 -2147483648
18 22 -2147483648
18 23 -2147483648
18 24 -2147483648
18 25 0
18 26 2
18 27 5
18 28 3
18 29 -2147483648
18 30 -2147483648
18 31 2
18 32 0
18 33 0
18 34 -2147483648
18 35 -2147483648
18 36 0
18 37 -2147483648
18 38 -2147483648
18 39 -2147483648
18 40 0
18 41 0
18 42 0
18 43 -2147483648
18 44 -2147483648
18 45 -2147483648
18 46 -2147483648
18 47 -2147483648
18 48 -2147483648
18 49 0
19 0 -2147483648
19 1 -2147483648
19 2 -2147483648
19 3 -2147483648
19 4 1
19 5 -2147483648
19 6 -2147483648
19 7 -2147483648
19 8 -2147483648
19 9 -2147483648
19 10 -2147483648
19 11 -2147483648
19 12 -2147483648
19 13 -2147483648
19 14 -2147483648
19 15 -2147483648
19 16 -2147483648
19 17 -2147483648
19 18 6
19 20 2
19 21 -2147483648
19 22 -2147483648
19 23 -2147483648
19 24 -2147483648
19 25 0
19 26 2
19 27 5
19 28 3
19 29 -2147483648
19 30 -2147483648
19 31 1
19 32 -2147483648
19 33 0
19 34 -2147483648
19 35 -2147483648
19 36 -2147483648
19 37 -2147483648
19 38 -2147483648
19 39 -2147483648
19 40 0
19 41 0
19 42 0
19 43 0
19 44 -2147483648
19 45 -2147483648
19 46 -2147483648
19 47 -2147483648
19 48 -2147483648
19 49 0
20 0 0
20 1 0
20 2 0
20 3 0
20 4 0
20 5 0
20 6 -2147483648
20 7 -2147483648
20 8 0
20 9 0
20 10 -2147483648
20 11 0
20 12 0
20 13 -2147483648
20 14 0
20 15 0
20 16 -2147483648
20 17 0
20 18 2
20 19 2
20 21 -2147483648
20 22 -2147483648
20 23 0
20 24 -2147483648
20 25 -2147483648
20 26 4
20 27 4
20 28 1
20 29 -2147483648
20 30 -2147483648
20 31 0
20 32 0
20 33 0
20 34 1
20 35 1
20 36 0
20 37 0
20 38 0
20 39 0
20 40 0
20 41 -2147483648
20 42 0
20 43 0
20 44 4
20 45 2
20 46 0
20 47 -2147483648
20 48 0
20 49 -2147483648
21 0 -2147483648
21 1 -2147483648
21 2 0
21 3 0
21 4 -2147483648
21 5 -2147483648
21 6 -2147483648
21 7 -2147483648
21 8 0
21 9 0
21 10 -2147483648
21 11 0
21 12 0
21 13 -2147483648
21 14 0
21 15 0
21 16 -2147483648
21 17 -2147483648
21 18 -2147483648
21 19 -2147483648
21 20 -2147483648
21 22 5
21 23 0
21 24 -2147483648
21 25 0
21 26 -2147483648
21 27 -2147483648
21 28 0
21 29 -2147483648
21 30 -2147483648
21 31 4
21 32 -2147483648
21 33 -2147483648
21 34 -2147483648
21 35 -2147483648
21 36 0
21 37 0
21 38 0
21 39 0
21 40 0
21 41 0
21 42 -2147483648
21 43 -2147483648
21 44 -2147483648
21 45 -2147483648
21 46 -2147483648
21 47 -2147483648
21 48 -2147483648
21 49 0
22 0 -2147483648
22 1 -2147483648
22 2 0
22 3 0
22 4 0
22 5 -2147483648
22 6 -2147483648
22 7 -2147483648
22 8 0
22 9 0
22 10 -2147483648
22 11 0
22 12 0
22 13 -2147483648
22 14 -2147483648
22 15 0
22 16 -2147483648
22 17 -2147483648
22 18 -2147483648
22 19 -2147483648
22 20 -2147483648
22 21 5
22 23 1
22 24 -2147483648
22 25 0
22 26 -2147483648
22 27 -2147483648
22 28 -2147483648
22 29 -2147483648
22 30 -2147483648
22 31 4
22 32 0
22 33 0
22 34 -2147483648
22 35 -2147483648
22 36 0
22 37 0
22 38 0
22 39 0
22 40 0
22 41 0
22 42 0
22 43 -2147483648
22 44 -2147483648
22 45 -2147483648
22 46 -2147483648
22 47 1
22 48 -2147483648
22 49 0
23 0 -2147483648
23 1 -2147483648
23 2 -2147483648
23 3 -2147483648
23 4 -2147483648
23 5 0
23 6 0
23 7 0
23 8 -2147483648
23 9 -2147483648
23 10 3
23 11 1
23 12 1
23 13 0
23 14 -2147483648
23 15 -2147483648
23 16 0
23 17 0
23 18 -2147483648
23 19 -2147483648
23 20 0
23 21 0
23 22 1
23 24 0
23 25 0
23 26 0
23 27 -2147483648
23 28 -2147483648
23 29 0
23 30 0
23 31 0
23 32 -2147483648
23 33 1
23 34 -2147483648
23 35 -2147483648
23 36 -2147483648
23 37 -2147483648
23 38 -2147483648
23 39 -2147483648
23 40 0
23 41 0
23 42 -2147483648
23 43 -2147483648
23 44 0
23 45 0
23 46 -2147483648
23 47 -2147483648
23 48 0
23 49 0
24 0 0
24 1 0
24 2 -2147483648
24 3 -2147483648
24 4 0
24 5 -2147483648
24 6 -2147483648
24 7 -2147483648
24 8 0
24 9 0
24 10 -2147483648
24 11 -2147483648
24 12 -2147483648
24 13 -2147483648
24 14 2
24 15 2
24 16 -2147483648
24 17 -2147483648
24 18 -2147483648
24 19 -2147483648
24 20 -2147483648
24 21 -2147483648
24 22 -2147483648
24 23 0
24 25 5
24 26 -2147483648
24 27 -2147483648
24 28 0
24 29 -2147483648
24 30 -2147483648
24 31 -2147483648
24 32 0
24 33 0
24 34 0
24 35 0
24 36 0
24 37 0
24 38 0
24 39 0
24 40 1
24 41 -2147483648
24 42 0
24 43 0
24 44 -2147483648
24 45 -2147483648
24 46 0
24 47 0
24 48 -2147483648
24 49 -2147483648
25 0 0
25 1 0
25 2 -2147483648
25 3 -2147483648
25 4 0
25 5 0
25 6 0
25 7 1
25 8 0
25 9 0
25 10 -2147483648
25 11 -2147483648
25 12 -2147483648
25 13 -2147483648
25 14 2
25 15 2
25 16 -2147483648
25 17 0
25 18 0
25 19 0
25 20 -2147483648
25 21 0
25 22 0
25 23 0
25 24 5
25 26 -2147483648
25 27 -2147483648
25 28 0
25 29 -2147483648
25 30 -2147483648
25 31 0
25 32 0
25 33 0
25 34 0
25 35 0
25 36 0
25 37 0
25 38 0
25 39 0
25 40 1
25 41 -2147483648
25 42 0
25 43 0
25 44 -2147483648
25 45 0
25 46 0
25 47 0
25 48 0
25 49 -2147483648
26 0 0
26 1 0
26 2 -2147483648
26 3 -2147483648
26 4 0
26 5 0
26 6 -2147483648
26 7 -2147483648
26 8 0
26 9 0
26 10 -2147483648
26 11 -2147483648
26 12 -2147483648
26 13 -2147483648
26 14 0
26 15 0
26 16 -2147483648
26 17 0
26 18 2
26 19 2
26 20 4
26 21 -2147483648
26 22 -2147483648
26 23 0
26 24 -2147483648
26 25 -2147483648
26 27 5
26 28 1
26 29 -2147483648
26 30 -2147483648
26 31 0
26 32 0
26 33 0
26 34 1
26 35 1
26 36 0
26 37 0
26 38 0
26 39 0
26 40 0
26 41 -2147483648
26 42 0
26 43 0
26 44 5
26 45 2
26 46 0
26 47 -2147483648
26 48 0
26 49 -2147483648
27 0 -2147483648
27 1 -2147483648
27 2 -2147483648
27 3 -2147483648
27 4 0
27 5 0
27 6 -2147483648
27 7 -2147483648
27 8 -2147483648
27 9 -2147483648
27 10 -2147483648
27 11 -2147483648
27 12 -2147483648
27 13 -2147483648
27 14 -2147483648
27 15 -2147483648
27 16 -2147483648
27 17 0
27 18 5
27 19 5
27 20 4
27 21 -2147483648
27 22 -2147483648
27 23 -2147483648
27 24 -2147483648
27 25 -2147483648
27 26 5
27 28 3
27 29 -2147483648
27 30 -2147483648
27 31 0
27 32 0
27 33 0
27 34 -2147483648
27 35 -2147483648
27 36 0
27 37 -2147483648
27 38 -2147483648
27 39 -2147483648
27 40 0
27 41 -2147483648
27 42 0
27 43 0
27 44 -2147483648
27 45 -2147483648
27 46 0
27 47 -2147483648
27 48 0
27 49 -2147483648
28 0 -2147483648
28 1 -2147483648
28 2 -2147483648
28 3 -2147483648
28 4 -2147483648
28 5 1
28 6 0
28 7 0
28 8 -2147483648
28 9 -2147483648
28 10 -2147483648
28 11 -2147483648
28 12 -2147483648
28 13 0
28 14 -2147483648
28 15 -2147483648
28 16 0
28 17 0
28 18 3
28 19 3
28 20 1
28 21 0
28 22 -2147483648
28 23 -2147483648
28 24 0
28 25 0
28 26 1
28 27 3
28 29 0
28 30 0
28 31 0
28 32 -2147483648
28 33 -2147483648
28 34 -2147483648
28 35 -2147483648
28 36 0
28 37 -2147483648
28 38 2
28 39 2
28 40 0
28 41 0
28 42 2
28 43 3
28 44 -2147483648
28 45 -2147483648
28 46 0
28 47 -2147483648
28 48 0
28 49 0
29 0 0
29 1 0
29 2 -2147483648
29 3 -2147483648
29 4 0
29 5 -2147483648
29 6 3
29 7 -2147483648
29 8 0
29 9 0
29 10 -2147483648
29 11 0
29 12 0
29 13 -2147483648
29 14 -2147483648
29 15 -2147483648
29 16 -2147483648
29 17 -2147483648
29 18 -2147483648
29 19 -2147483648
29 20 -2147483648
29 21 -2147483648
29 22 -2147483648
29 23 0
29 24 -2147483648
29 25 -2147483648
29 26 -2147483648
29 27 -2147483648
29 28 0
29 30 5
29 31 1
29 32 0
29 33 0
29 34 0
29 35 0
29 36 0
29 37 0
29 38 0
29 39 0
29 40 0
29 41 1
29 42 0
29 43 0
29 44 -2147483648
29 45 -2147483648
29 46 0
29 47 0
29 48 -2147483648
29 49 -2147483648
30 0 0
30 1 0
30 2 -2147483648
30 3 -2147483648
30 4 0
30 5 -2147483648
30 6 3
30 7 -2147483648
30 8 0
30 9 0
30 10 -2147483648
30 11 0
30 12 0
30 13 -2147483648
30 14 -2147483648
30 15 -2147483648
30 16 -2147483648
30 17 -2147483648
30 18 -2147483648
30 19 -2147483648
30 20 -2147483648
30 21 -2147483648
30 22 -2147483648
30 23 0
30 24 -2147483648
30 25 -2147483648
30 26 -2147483648
30 27 -2147483648
30 28 0
30 29 5
30 31 1
30 32 0
30 33 0
30 34 0
30 35 0
30 36 0
30 37 0
30 38 0
30 39 0
30 40 0
30 41 1
30 42 0
30 43 0
30 44 -2147483648
30 45 -2147483648
30 46 0
30 47 0
30 48 -2147483648
30 49 -2147483648
31 0 -2147483648
31 1 -2147483648
31 2 0
31 3 0
31 4 0
31 5 -2147483648
31 6 -2147483648
31 7 -2147483648
31 8 0
31 9 0
31 10 0
31 11 0
31 12 0
31 13 -2147483648
31 14 0
31 15 0
31 16 -2147483648
31 17 -2147483648
31 18 2
31 19 1
31 20 0
31 21 4
31 22 4
31 23 0
31 24 -2147483648
31 25 0
31 26 0
31 27 0
31 28 0
31 29 1
31 30 1
31 32 0
31 33 0
31 34 -2147483648
31 35 0
31 36 0
31 37 0
31 38 0
31 39 0
31 40 0
31 41 0
31 42 0
31 43 -2147483648
31 44 0
31 45 0
31 46 -2147483648
31 47 0
31 48 -2147483648
31 49 0
32 0 -2147483648
32 1 -2147483648
32 2 -2147483648
32 3 -2147483648
32 4 -2147483648
32 5 2
32 6 -2147483648
32 7 -2147483648
32 8 -2147483648
32 9 -2147483648
32 10 -2147483648
32 11 0
32 12 0
32 13 0
32 14 0
32 15 0
32 16 -2147483648
32 17 -2147483648
32 18 0
32 19 -2147483648
32 20 0
32 21 -2147483648
32 22 0
32 23 -2147483648
32 24 0
32 25 0
32 26 0
32 27 0
32 28 -2147483648
32 29 0
32 30 0
32 31 0
32 33 5
32 34 -2147483648
32 35 -2147483648
32 36 2
32 37 2
32 38 0
32 39 0
32 40 0
32 41 0
32 42 -2147483648
32 43 -2147483648
32 44 0
32 45 0
32 46 -2147483648
32 47 -2147483648
32 48 -2147483648
32 49 0
33 0 -2147483648
33 1 -2147483648
33 2 1
33 3 1
33 4 5
33 5 2
33 6 -2147483648
33 7 0
33 8 4
33 9 3
33 10 2
33 11 0
33 12 0
33 13 0
33 14 0
33 15 0
33 16 -2147483648
33 17 -2147483648
33 18 0
33 19 0
33 20 0
33 21 -2147483648
33 22 0
33 23 1
33 24 0
33 25 0
33 26 0
33 27 0
33 28 -2147483648
33 29 0
33 30 0
33 31 0
33 32 5
33 34 -2147483648
33 35 -2147483648
33 36 1
33 37 1
33 38 0
33 39 0
33 40 0
33 41 0
33 42 -2147483648
33 43 -2147483648
33 44 0
33 45 0
33 46 -2147483648
33 47 -2147483648
33 48 -2147483648
33 49 0
34 0 -2147483648
34 1 -2147483648
34 2 0
34 3 0
34 4 -2147483648
34 5 2
34 6 -2147483648
34 7 -2147483648
34 8 -2147483648
34 9 -2147483648
34 10 -2147483648
34 11 0
34 12 0
34 13 0
34 14 -2147483648
34 15 1
34 16 -2147483648
34 17 -2147483648
34 18 -2147483648
34 19 -2147483648
34 20 1
34 21 -2147483648
34 22 -2147483648
34 23 -2147483648
34 24 0
34 25 0
34 26 1
34 27 -2147483648
34 28 -2147483648
34 29 0
34 30 0
34 31 -2147483648
34 32 -2147483648
34 33 -2147483648
34 35 5
34 36 0
34 37 -2147483648
34 38 -2147483648
34 39 -2147483648
34 40 0
34 41 0
34 42 3
34 43 4
34 44 -2147483648
34 45 -2147483648
34 46 -2147483648
34 47 -2147483648
34 48 -2147483648
34 49 0
35 0 -2147483648
35 1 -2147483648
35 2 0
35 3 0
35 4 -2147483648
35 5 1
35 6 -2147483648
35 7 0
35 8 -2147483648
35 9 -2147483648
35 10 -2147483648
35 11 0
35 12 0
35 13 0
35 14 -2147483648
35 15 1
35 16 -2147483648
35 17 -2147483648
35 18 -2147483648
35 19 -2147483648
35 20 1
35 21 -2147483648
35 22 -2147483648
35 23 -2147483648
35 24 0
35 25 0
35 26 1
35 27 -2147483648
35 28 -2147483648
35 29 0
35 30 0
35 31 0
35 32 -2147483648
35 33 -2147483648
35 34 5
35 36 0
35 37 -2147483648
35 38 -2147483648
35 39 -2147483648
35 40 0
35 41 0
35 42 -2147483648
35 43 3
35 44 -2147483648
35 45 -2147483648
35 46 -2147483648
35 47 -2147483648
35 48 -2147483648
35 49 0
36 0 0
36 1 0
36 2 -2147483648
36 3 -2147483648
36 4 -2147483648
36 5 0
36 6 0
36 7 0
36 8 -2147483648
36 9 -2147483648
36 10 -2147483648
36 11 0
36 12 0
36 13 0
36 14 0
36 15 0
36 16 -2147483648
36 17 1
36 18 0
36 19 -2147483648
36 20 0
36 21 0
36 22 0
36 23 -2147483648
36 24 0
36 25 0
36 26 0
36 27 0
36 28 0
36 29 0
36 30 0
36 31 0
36 32 2
36 33 1
36 34 0
36 35 0
36 37 4
36 38 -2147483648
36 39 -2147483648
36 40 0
36 41 0
36 42 0
36 43 0
36 44 0
36 45 0
36 46 -2147483648
36 47 0
36 48 0
36 49 0
37 0 -2147483648
37 1 -2147483648
37 2 -2147483648
37 3 -2147483648
37 4 -2147483648
37 5 0
37 6 0
37 7 0
37 8 -2147483648
37 9 -2147483648
37 10 -2147483648
37 11 -2147483648
37 12 -2147483648
37 13 -2147483648
37 14 -2147483648
37 15 -2147483648
37 16 -2147483648
37 17 1
37 18 -2147483648
37 19 -2147483648
37 20 0
37 21 0
37 22 0
37 23 -2147483648
37 24 0
37 25 0
37 26 0
37 27 -2147483648
37 28 -2147483648
37 29 0
37 30 0
37 31 0
37 32 2
37 33 1
37 34 -2147483648
37 35 -2147483648
37 36 4
37 38 -2147483648
37 39 -2147483648
37 40 0
37 41 0
37 42 0
37 43 0
37 44 -2147483648
37 45 -2147483648
37 46 -2147483648
37 47 -2147483648
37 48 0
37 49 0
38 0 -2147483648
38 1 -2147483648
38 2 -2147483648
38 3 -2147483648
38 4 0
38 5 0
38 6 0
38 7 0
38 8 -2147483648
38 9 -2147483648
38 10 0
38 11 -2147483648
38 12 -2147483648
38 13 0
38 14 -2147483648
38 15 -2147483648
38 16 -2147483648
38 17 -2147483648
38 18 -2147483648
38 19 -2147483648
38 20 0
38 21 0
38 22 0
38 23 -2147483648
38 24 0
38 25 0
38 26 0
38 27 -2147483648
38 28 2
38 29 0
38 30 0
38 31 0
38 32 0
38 33 0
38 34 -2147483648
38 35 -2147483648
38 36 -2147483648
38 37 -2147483648
38 39 4
38 40 0
38 41 0
38 42 0
38 43 0
38 44 -2147483648
38 45 -2147483648
38 46 -2147483648
38 47 -2147483648
38 48 0
38 49 0
39 0 -2147483648
39 1 -2147483648
39 2 -2147483648
39 3 -2147483648
39 4 0
39 5 0
39 6 0
39 7 0
39 8 -2147483648
39 9 -2147483648
39 10 0
39 11 -2147483648
39 12 -2147483648
39 13 -2147483648
39 14 -2147483648
39 15 -2147483648
39 16 -2147483648
39 17 0
39 18 -2147483648
39 19 -2147483648
39 20 0
39 21 0
39 22 0
39 23 -2147483648
39 24 0
39 25 0
39 26 0
39 27 -2147483648
39 28 2
39 29 0
39 30 0
39 31 0
39 32 0
39 33 0
39 34 -2147483648
39 35 -2147483648
39 36 -2147483648
39 37 -2147483648
39 38 4
39 40 0
39 41 0
39 42 0
39 43 0
39 44 -2147483648
39 45 -2147483648
39 46 0
39 47 -2147483648
39 48 0
39 49 0
40 0 0
40 1 0
40 2 0
40 3 0
40 4 0
40 5 0
40 6 0
40 7 0
40 8 0
40 9 0
40 10 -2147483648
40 11 0
40 12 0
40 13 -2147483648
40 14 0
40 15 0
40 16 -2147483648
40 17 -2147483648
40 18 0
40 19 0
40 20 0
40 21 0
40 22 0
40 23 0
40 24 1
40 25 1
40 26 0
40 27 0
40 28 0
40 29 0
40 30 0
40 31 0
40 32 0
40 33 0
40 34 0
40 35 0
40 36 0
40 37 0
40 38 0
40 39 0
40 41 3
40 42 0
40 43 0
40 44 0
40 45 0
40 46 0
40 47 0
40 48 0
40 49 0
41 0 0
41 1 0
41 2 -2147483648
41 3 -2147483648
41 4 0
41 5 0
41 6 0
41 7 -2147483648
41 8 0
41 9 0
41 10 -2147483648
41 11 0
41 12 0
41 13 -2147483648
41 14 -2147483648
41 15 -2147483648
41 16 -2147483648
41 17 -2147483648
41 18 0
41 19 0
41 20 -2147483648
41 21 0
41 22 0
41 23 0
41 24 -2147483648
41 25 -2147483648
41 26 -2147483648
41 27 -2147483648
41 28 0
41 29 1
41 30 1
41 31 0
41 32 0
41 33 0
41 34 0
41 35 0
41 36 0
41 37 0
41 38 0
41 39 0
41 40 3
41 42 0
41 43 0
41 44 -2147483648
41 45 0
41 46 0
41 47 0
41 48 0
41 49 -2147483648
42 0 -2147483648
42 1 -2147483648
42 2 0
42 3 0
42 4 -2147483648
42 5 2
42 6 -2147483648
42 7 -2147483648
42 8 -2147483648
42 9 -2147483648
42 10 -2147483648
42 11 0
42 12 0
42 13 0
42 14 0
42 15 0
42 16 -2147483648
42 17 -2147483648
42 18 0
42 19 0
42 20 0
42 21 -2147483648
42 22 0
42 23 -2147483648
42 24 0
42 25 0
42 26 0
42 27 0
42 28 2
42 29 0
42 30 0
42 31 0
42 32 -2147483648
42 33 -2147483648
42 34 3
42 35 -2147483648
42 36 0
42 37 0
42 38 0
42 39 0
42 40 0
42 41 0
42 43 3
42 44 0
42 45 0
42 46 -2147483648
42 47 -2147483648
42 48 -2147483648
42 49 0
43 0 -2147483648
43 1 -2147483648
43 2 0
43 3 0
43 4 -2147483648
43 5 3
43 6 -2147483648
43 7 -2147483648
43 8 -2147483648
43 9 -2147483648
43 10 -2147483648
43 11 0
43 12 0
43 13 -2147483648
43 14 -2147483648
43 15 0
43 16 -2147483648
43 17 -2147483648
43 18 -2147483648
43 19 0
43 20 0
43 21 -2147483648
43 22 -2147483648
43 23 -2147483648
43 24 0
43 25 0
43 26 0
43 27 0
43 28 3
43 29 0
43 30 0
43 31 -2147483648
43 32 -2147483648
43 33 -2147483648
43 34 4
43 35 3
43 36 0
43 37 0
43 38 0
43 39 0
43 40 0
43 41 0
43 42 3
43 44 0
43 45 0
43 46 -2147483648
43 47 -2147483648
43 48 -2147483648
43 49 0
44 0 0
44 1 0
44 2 -2147483648
44 3 -2147483648
44 4 0
44 5 0
44 6 -2147483648
44 7 -2147483648
44 8 0
44 9 0
44 10 -2147483648
44 11 -2147483648
44 12 -2147483648
44 13 -2147483648
44 14 -2147483648
44 15 -2147483648
44 16 -2147483648
44 17 0
44 18 -2147483648
44 19 -2147483648
44 20 4
44 21 -2147483648
44 22 -2147483648
44 23 0
44 24 -2147483648
44 25 -2147483648
44 26 5
44 27 -2147483648
44 28 -2147483648
44 29 -2147483648
44 30 -2147483648
44 31 0
44 32 0
44 33 0
44 34 -2147483648
44 35 -2147483648
44 36 0
44 37 -2147483648
44 38 -2147483648
44 39 -2147483648
44 40 0
44 41 -2147483648
44 42 0
44 43 0
44 45 3
44 46 0
44 47 -2147483648
44 48 0
44 49 -2147483648
45 0 0
45 1 0
45 2 0
45 3 0
45 4 0
45 5 0
45 6 -2147483648
45 7 -2147483648
45 8 0
45 9 0
45 10 -2147483648
45 11 0
45 12 0
45 13 0
45 14 -2147483648
45 15 -2147483648
45 16 0
45 17 0
45 18 -2147483648
45 19 -2147483648
45 20 2
45 21 -2147483648
45 22 -2147483648
45 23 0
45 24 -2147483648
45 25 0
45 26 2
45 27 -2147483648
45 28 -2147483648
45 29 -2147483648
45 30 -2147483648
45 31 0
45 32 0
45 33 0
45 34 -2147483648
45 35 -2147483648
45 36 0
45 37 -2147483648
45 38 -2147483648
45 39 -2147483648
45 40 0
45 41 0
45 42 0
45 43 0
45 44 3
45 46 0
45 47 -2147483648
45 48 0
45 49 0
46 0 -2147483648
46 1 -2147483648
46 2 -2147483648
46 3 -2147483648
46 4 -2147483648
46 5 -2147483648
46 6 -2147483648
46 7 -2147483648
46 8 -2147483648
46 9 -2147483648
46 10 -2147483648
46 11 0
46 12 0
46 13 -2147483648
46 14 0
46 15 0
46 16 -2147483648
46 17 -2147483648
46 18 -2147483648
46 19 -2147483648
46 20 0
46 21 -2147483648
46 22 -2147483648
46 23 -2147483648
46 24 0
46 25 0
46 26 0
46 27 0
46 28 0
46 29 0
46 30 0
46 31 -2147483648
46 32 -2147483648
46 33 -2147483648
46 34 -2147483648
46 35 -2147483648
46 36 -2147483648
46 37 -2147483648
46 38 -2147483648
46 39 0
46 40 0
46 41 0
46 42 -2147483648
46 43 -2147483648
46 44 0
46 45 0
46 47 3
46 48 -2147483648
46 49 0
47 0 -2147483648
47 1 -2147483648
47 2 0
47 3 0
47 4 -2147483648
47 5 -2147483648
47 6 -2147483648
47 7 0
47 8 -2147483648
47 9 -2147483648
47 10 -2147483648
47 11 0
47 12 0
47 13 0
47 14 -2147483648
47 15 -2147483648
47 16 -2147483648
47 17 -2147483648
47 18 -2147483648
47 19 -2147483648
47 20 -2147483648
47 21 -2147483648
47 22 1
47 23 -2147483648
47 24 0
47 25 0
47 26 -2147483648
47 27 -2147483648
47 28 -2147483648
47 29 0
47 30 0
47 31 0
47 32 -2147483648
47 33 -2147483648
47 34 -2147483648
47 35 -2147483648
47 36 0
47 37 -2147483648
47 38 -2147483648
47 39 -2147483648
47 40 0
47 41 0
47 42 -2147483648
47 43 -2147483648
47 44 -2147483648
47 45 -2147483648
47 46 3
47 48 -2147483648
47 49 0
48 0 -2147483648
48 1 -2147483648
48 2 0
48 3 0
48 4 -2147483648
48 5 -2147483648
48 6 -2147483648
48 7 -2147483648
48 8 -2147483648
48 9 0
48 10 0
48 11 0
48 12 0
48 13 -2147483648
48 14 0
48 15 0
48 16 -2147483648
48 17 -2147483648
48 18 -2147483648
48 19 -2147483648
48 20 0
48 21 -2147483648
48 22 -2147483648
48 23 0
48 24 -2147483648
48 25 0
48 26 0
48 27 0
48 28 0
48 29 -2147483648
48 30 -2147483648
48 31 -2147483648
48 32 -2147483648
48 33 -2147483648
48 34 -2147483648
48 35 -2147483648
48 36 0
48 37 0
48 38 0
48 39 0
48 40 0
48 41 0
48 42 -2147483648
48 43 -2147483648
48 44 0
48 45 0
48 46 -2147483648
48 47 -2147483648
48 49 0
49 0 0
49 1 0
49 2 -2147483648
49 3 -2147483648
49 4 0
49 5 0
49 6 -2147483648
49 7 -2147483648
49 8 0
49 9 0
49 10 -2147483648
49 11 2
49 12 2
49 13 -2147483648
49 14 -2147483648
49 15 -2147483648
49 16 -2147483648
49 17 0
49 18 0
49 19 0
49 20 -2147483648
49 21 0
49 22 0
49 23 0
49 24 -2147483648
49 25 -2147483648
49 26 -2147483648
49 27 -2147483648
49 28 0
49 29 -2147483648
49 30 -2147483648
49 31 0
49 32 0
49 33 0
49 34 0
49 35 0
49 36 0
49 37 0
49 38 0
49 39 0
49 40 0
49 41 -2147483648
49 42 0
49 43 0
49 44 -2147483648
49 45 0
49 46 0
49 47 0
49 48 0
