6 7 14 33 32 31 30 29 28 
6 15 16 31 38 43 36 37 
7 14 33 32 31 16 18 
5 4 3 20 17 15 6 
10 11 8 7 14 33 32 31 38 43 45 46 
24 21 19 27 28 29 39 
13 34 33 32 31 38 29 28 
18 17 15 16 31 38 39 
36 43 38 37 
9 10 11 8 7 14 33 34 35 36 42 
15 16 31 38 43 36 
13 34 35 36 37 38 39 40 27 26 
22 23 24 26 27 40 39 29 
17 18 19 21 26 25 24 
29 38 43 44 42 34 33 
24 25 41 40 39 38 29 
23 22 21 20 17 15 14 13 34 42 44 45 
13 14 33 32 31 38 43 36 
24 26 27 40 39 38 37 36 
18 30 29 28 27 26 25 41 
13 14 15 16 
37 36 43 
3 4 17 15 14 13 34 42 44 
4 17 18 19 27 26 24 
9 8 7 6 15 16 31 
16 15 17 20 21 26 25 41 
2 22 21 
11 8 13 34 42 44 45 
39 29 38 31 32 33 34 42 
12 11 8 7 6 15 16 18 19 27 26 25 
17 18 30 29 38 43 36 35 
24 26 27 28 29 39 38 31 
1 2 3 20 21 24 
20 19 18 30 29 38 37 36 43 
33 32 31 30 29 38 43 
13 14 33 32 37 36 35 34 
16 31 38 29 30 
7 8 13 14 15 16 31 32 
20 21 24 25 41 
15 17 20 19 27 40 39 38 
4 3 20 19 18 30 31 32 
24 25 41 40 39 38 43 36 35 
14 33 32 31 38 43 45 46 
27 19 21 26 25 41 
29 30 31 32 33 34 35 
1 23 24 26 27 28 29 38 43 36 35 
39 29 30 31 38 37 36 43 
39 29 30 18 19 27 26 25 41 
34 42 44 46 
23 24 25 41 40 39 38 31 
6 7 14 33 32 31 30 29 28 
6 15 16 31 38 43 36 37 
7 14 33 32 31 16 18 
5 4 3 20 17 15 6 
10 11 8 7 14 33 32 31 38 43 45 46 
24 21 19 27 28 29 39 
13 34 33 32 31 38 29 28 
18 17 15 16 31 38 39 
36 43 38 37 
9 10 11 8 7 14 33 34 35 36 42 
15 16 31 38 43 36 
13 34 35 36 37 38 39 40 27 26 
22 23 24 26 27 40 39 29 
17 18 19 21 26 25 24 
29 38 43 44 42 34 33 
24 25 41 40 39 38 29 
23 22 21 20 17 15 14 13 34 42 44 45 
13 14 33 32 31 38 43 36 
24 26 27 40 39 38 37 36 
18 30 29 28 27 26 25 41 
13 14 15 16 
37 36 43 
3 4 17 15 14 13 34 42 44 
4 17 18 19 27 26 24 
9 8 7 6 15 16 31 
16 15 17 20 21 26 25 41 
2 22 21 
11 8 13 34 42 44 45 
39 29 38 31 32 33 34 42 
12 11 8 7 6 15 16 18 19 27 26 25 
17 18 30 29 38 43 36 35 
24 26 27 28 29 39 38 31 
1 2 3 20 21 24 
20 19 18 30 29 38 37 36 43 
33 32 31 30 29 38 43 
13 14 33 32 37 36 35 34 
16 31 38 29 30 
7 8 13 14 15 16 31 32 
20 21 24 25 41 
15 17 20 19 27 40 39 38 
4 3 20 19 18 30 31 32 
24 25 41 40 39 38 43 36 35 
14 33 32 31 38 43 45 46 
27 19 21 26 25 41 
29 30 31 32 33 34 35 
1 23 24 26 27 28 29 38 43 36 35 
39 29 30 31 38 37 36 43 
39 29 30 18 19 27 26 25 41 
34 42 44 46 
23 24 25 41 40 39 38 31 
