0 1 -2147483648
0 2 -2147483648
0 3 0
0 4 -2147483648
0 5 -2147483648
0 6 -2147483648
0 7 -2147483648
0 8 0
0 9 -2147483648
0 10 -2147483648
0 11 0
0 12 0
0 13 0
0 14 -2147483648
0 15 0
0 16 -2147483648
0 17 -2147483648
0 18 0
0 19 2
0 20 -2147483648
0 21 0
0 22 -2147483648
0 23 0
0 24 -2147483648
0 25 0
0 26 0
0 27 0
0 28 -2147483648
0 29 -2147483648
0 30 -2147483648
0 31 -2147483648
0 32 0
0 33 -2147483648
0 34 -2147483648
0 35 -2147483648
0 36 -2147483648
0 37 -2147483648
0 38 0
0 39 0
0 40 -2147483648
0 41 0
0 42 -2147483648
0 43 0
0 44 -2147483648
0 45 -2147483648
0 46 -2147483648
0 47 -2147483648
0 48 0
0 49 0
1 0 -2147483648
1 2 -2147483648
1 3 -2147483648
1 4 -2147483648
1 5 0
1 6 -2147483648
1 7 -2147483648
1 8 -2147483648
1 9 -2147483648
1 10 5
1 11 -2147483648
1 12 0
1 13 0
1 14 -2147483648
1 15 -2147483648
1 16 -2147483648
1 17 3
1 18 -2147483648
1 19 0
1 20 1
1 21 -2147483648
1 22 -2147483648
1 23 0
1 24 3
1 25 -2147483648
1 26 0
1 27 0
1 28 -2147483648
1 29 -2147483648
1 30 -2147483648
1 31 -2147483648
1 32 0
1 33 -2147483648
1 34 -2147483648
1 35 -2147483648
1 36 -2147483648
1 37 -2147483648
1 38 0
1 39 -2147483648
1 40 -2147483648
1 41 -2147483648
1 42 -2147483648
1 43 0
1 44 -2147483648
1 45 -2147483648
1 46 -2147483648
1 47 0
1 48 0
1 49 -2147483648
2 0 -2147483648
2 1 -2147483648
2 3 0
2 4 -2147483648
2 5 0
2 6 -2147483648
2 7 -2147483648
2 8 0
2 9 -2147483648
2 10 -2147483648
2 11 0
2 12 0
2 13 0
2 14 0
2 15 0
2 16 -2147483648
2 17 -2147483648
2 18 0
2 19 0
2 20 -2147483648
2 21 0
2 22 -2147483648
2 23 0
2 24 -2147483648
2 25 -2147483648
2 26 0
2 27 0
2 28 -2147483648
2 29 -2147483648
2 30 0
2 31 0
2 32 0
2 33 0
2 34 -2147483648
2 35 -2147483648
2 36 -2147483648
2 37 -2147483648
2 38 0
2 39 0
2 40 -2147483648
2 41 0
2 42 -2147483648
2 43 0
2 44 -2147483648
2 45 0
2 46 -2147483648
2 47 0
2 48 0
2 49 0
3 0 0
3 1 -2147483648
3 2 0
3 4 0
3 5 0
3 6 0
3 7 -2147483648
3 8 0
3 9 0
3 10 -2147483648
3 11 0
3 12 0
3 13 -2147483648
3 14 0
3 15 0
3 16 -2147483648
3 17 0
3 18 0
3 19 0
3 20 -2147483648
3 21 0
3 22 -2147483648
3 23 -2147483648
3 24 -2147483648
3 25 -2147483648
3 26 0
3 27 0
3 28 0
3 29 -2147483648
3 30 -2147483648
3 31 0
3 32 -2147483648
3 33 -2147483648
3 34 0
3 35 0
3 36 0
3 37 -2147483648
3 38 -2147483648
3 39 -2147483648
3 40 -2147483648
3 41 0
3 42 0
3 43 0
3 44 0
3 45 0
3 46 0
3 47 0
3 48 0
3 49 0
4 0 -2147483648
4 1 -2147483648
4 2 -2147483648
4 3 0
4 5 0
4 6 -2147483648
4 7 -2147483648
4 8 -2147483648
4 9 -2147483648
4 10 -2147483648
4 11 -2147483648
4 12 0
4 13 0
4 14 -2147483648
4 15 -2147483648
4 16 -2147483648
4 17 -2147483648
4 18 -2147483648
4 19 0
4 20 -2147483648
4 21 0
4 22 -2147483648
4 23 0
4 24 -2147483648
4 25 0
4 26 0
4 27 -2147483648
4 28 -2147483648
4 29 -2147483648
4 30 -2147483648
4 31 -2147483648
4 32 0
4 33 -2147483648
4 34 -2147483648
4 35 -2147483648
4 36 -2147483648
4 37 -2147483648
4 38 0
4 39 0
4 40 -2147483648
4 41 -2147483648
4 42 7
4 43 0
4 44 -2147483648
4 45 -2147483648
4 46 -2147483648
4 47 0
4 48 0
4 49 -2147483648
5 0 -2147483648
5 1 0
5 2 0
5 3 0
5 4 0
5 6 -2147483648
5 7 0
5 8 0
5 9 0
5 10 0
5 11 -2147483648
5 12 -2147483648
5 13 -2147483648
5 14 -2147483648
5 15 -2147483648
5 16 -2147483648
5 17 0
5 18 -2147483648
5 19 -2147483648
5 20 0
5 21 0
5 22 0
5 23 -2147483648
5 24 0
5 25 -2147483648
5 26 0
5 27 0
5 28 -2147483648
5 29 -2147483648
5 30 -2147483648
5 31 -2147483648
5 32 -2147483648
5 33 -2147483648
5 34 -2147483648
5 35 0
5 36 -2147483648
5 37 0
5 38 -2147483648
5 39 -2147483648
5 40 -2147483648
5 41 -2147483648
5 42 0
5 43 -2147483648
5 44 -2147483648
5 45 -2147483648
5 46 -2147483648
5 47 -2147483648
5 48 0
5 49 -2147483648
6 0 -2147483648
6 1 -2147483648
6 2 -2147483648
6 3 0
6 4 -2147483648
6 5 -2147483648
6 7 -2147483648
6 8 -2147483648
6 9 -2147483648
6 10 -2147483648
6 11 -2147483648
6 12 0
6 13 0
6 14 -2147483648
6 15 1
6 16 -2147483648
6 17 -2147483648
6 18 -2147483648
6 19 1
6 20 -2147483648
6 21 0
6 22 -2147483648
6 23 0
6 24 0
6 25 0
6 26 0
6 27 -2147483648
6 28 -2147483648
6 29 0
6 30 -2147483648
6 31 -2147483648
6 32 0
6 33 -2147483648
6 34 -2147483648
6 35 -2147483648
6 36 -2147483648
6 37 -2147483648
6 38 0
6 39 0
6 40 -2147483648
6 41 -2147483648
6 42 -2147483648
6 43 0
6 44 -2147483648
6 45 -2147483648
6 46 -2147483648
6 47 -2147483648
6 48 -2147483648
6 49 -2147483648
7 0 -2147483648
7 1 -2147483648
7 2 -2147483648
7 3 -2147483648
7 4 -2147483648
7 5 0
7 6 -2147483648
7 8 -2147483648
7 9 0
7 10 -2147483648
7 11 1
7 12 0
7 13 -2147483648
7 14 -2147483648
7 15 -2147483648
7 16 -2147483648
7 17 -2147483648
7 18 -2147483648
7 19 -2147483648
7 20 1
7 21 0
7 22 -2147483648
7 23 -2147483648
7 24 2
7 25 -2147483648
7 26 0
7 27 0
7 28 -2147483648
7 29 -2147483648
7 30 -2147483648
7 31 -2147483648
7 32 0
7 33 -2147483648
7 34 -2147483648
7 35 0
7 36 -2147483648
7 37 -2147483648
7 38 0
7 39 -2147483648
7 40 -2147483648
7 41 -2147483648
7 42 -2147483648
7 43 0
7 44 -2147483648
7 45 -2147483648
7 46 -2147483648
7 47 -2147483648
7 48 0
7 49 -2147483648
8 0 0
8 1 -2147483648
8 2 0
8 3 0
8 4 -2147483648
8 5 0
8 6 -2147483648
8 7 -2147483648
8 9 -2147483648
8 10 -2147483648
8 11 -2147483648
8 12 0
8 13 0
8 14 -2147483648
8 15 -2147483648
8 16 0
8 17 -2147483648
8 18 1
8 19 0
8 20 0
8 21 1
8 22 0
8 23 0
8 24 0
8 25 0
8 26 0
8 27 0
8 28 -2147483648
8 29 0
8 30 -2147483648
8 31 -2147483648
8 32 0
8 33 2
8 34 -2147483648
8 35 -2147483648
8 36 -2147483648
8 37 0
8 38 0
8 39 0
8 40 0
8 41 -2147483648
8 42 -2147483648
8 43 0
8 44 0
8 45 -2147483648
8 46 2
8 47 0
8 48 0
8 49 -2147483648
9 0 -2147483648
9 1 -2147483648
9 2 -2147483648
9 3 0
9 4 -2147483648
9 5 0
9 6 -2147483648
9 7 0
9 8 -2147483648
9 10 0
9 11 -2147483648
9 12 0
9 13 0
9 14 -2147483648
9 15 0
9 16 -2147483648
9 17 -2147483648
9 18 0
9 19 0
9 20 -2147483648
9 21 -2147483648
9 22 -2147483648
9 23 0
9 24 -2147483648
9 25 0
9 26 0
9 27 -2147483648
9 28 -2147483648
9 29 -2147483648
9 30 -2147483648
9 31 0
9 32 0
9 33 -2147483648
9 34 -2147483648
9 35 -2147483648
9 36 0
9 37 -2147483648
9 38 0
9 39 0
9 40 0
9 41 -2147483648
9 42 -2147483648
9 43 0
9 44 2
9 45 -2147483648
9 46 -2147483648
9 47 0
9 48 -2147483648
9 49 0
10 0 -2147483648
10 1 5
10 2 -2147483648
10 3 -2147483648
10 4 -2147483648
10 5 0
10 6 -2147483648
10 7 -2147483648
10 8 -2147483648
10 9 0
10 11 -2147483648
10 12 0
10 13 0
10 14 -2147483648
10 15 -2147483648
10 16 -2147483648
10 17 3
10 18 -2147483648
10 19 0
10 20 1
10 21 0
10 22 -2147483648
10 23 0
10 24 2
10 25 -2147483648
10 26 0
10 27 0
10 28 -2147483648
10 29 -2147483648
10 30 2
10 31 -2147483648
10 32 0
10 33 -2147483648
10 34 -2147483648
10 35 0
10 36 -2147483648
10 37 -2147483648
10 38 0
10 39 -2147483648
10 40 -2147483648
10 41 2
10 42 -2147483648
10 43 0
10 44 -2147483648
10 45 2
10 46 -2147483648
10 47 0
10 48 0
10 49 -2147483648
11 0 0
11 1 -2147483648
11 2 0
11 3 0
11 4 -2147483648
11 5 -2147483648
11 6 -2147483648
11 7 1
11 8 -2147483648
11 9 -2147483648
11 10 -2147483648
11 12 -2147483648
11 13 0
11 14 -2147483648
11 15 -2147483648
11 16 -2147483648
11 17 -2147483648
11 18 -2147483648
11 19 1
11 20 -2147483648
11 21 -2147483648
11 22 -2147483648
11 23 1
11 24 0
11 25 0
11 26 0
11 27 -2147483648
11 28 -2147483648
11 29 1
11 30 -2147483648
11 31 -2147483648
11 32 0
11 33 -2147483648
11 34 -2147483648
11 35 -2147483648
11 36 -2147483648
11 37 -2147483648
11 38 0
11 39 -2147483648
11 40 0
11 41 -2147483648
11 42 -2147483648
11 43 -2147483648
11 44 1
11 45 -2147483648
11 46 -2147483648
11 47 -2147483648
11 48 -2147483648
11 49 -2147483648
12 0 0
12 1 0
12 2 0
12 3 0
12 4 0
12 5 -2147483648
12 6 0
12 7 0
12 8 0
12 9 0
12 10 0
12 11 -2147483648
12 13 -2147483648
12 14 0
12 15 -2147483648
12 16 -2147483648
12 17 0
12 18 -2147483648
12 19 -2147483648
12 20 0
12 21 0
12 22 0
12 23 -2147483648
12 24 0
12 25 -2147483648
12 26 -2147483648
12 27 0
12 28 1
12 29 -2147483648
12 30 0
12 31 -2147483648
12 32 0
12 33 0
12 34 0
12 35 0
12 36 0
12 37 0
12 38 -2147483648
12 39 -2147483648
12 40 0
12 41 -2147483648
12 42 0
12 43 -2147483648
12 44 0
12 45 -2147483648
12 46 1
12 47 -2147483648
12 48 0
12 49 -2147483648
13 0 0
13 1 0
13 2 0
13 3 -2147483648
13 4 0
13 5 -2147483648
13 6 0
13 7 -2147483648
13 8 0
13 9 0
13 10 0
13 11 0
13 12 -2147483648
13 14 0
13 15 -2147483648
13 16 -2147483648
13 17 0
13 18 -2147483648
13 19 -2147483648
13 20 0
13 21 0
13 22 -2147483648
13 23 -2147483648
13 24 0
13 25 -2147483648
13 26 0
13 27 0
13 28 0
13 29 -2147483648
13 30 -2147483648
13 31 -2147483648
13 32 -2147483648
13 33 -2147483648
13 34 0
13 35 0
13 36 0
13 37 0
13 38 -2147483648
13 39 -2147483648
13 40 -2147483648
13 41 -2147483648
13 42 0
13 43 -2147483648
13 44 0
13 45 -2147483648
13 46 0
13 47 -2147483648
13 48 0
13 49 -2147483648
14 0 -2147483648
14 1 -2147483648
14 2 0
14 3 0
14 4 -2147483648
14 5 -2147483648
14 6 -2147483648
14 7 -2147483648
14 8 -2147483648
14 9 -2147483648
14 10 -2147483648
14 11 -2147483648
14 12 0
14 13 0
14 15 -2147483648
14 16 -2147483648
14 17 -2147483648
14 18 -2147483648
14 19 -2147483648
14 20 0
14 21 0
14 22 -2147483648
14 23 0
14 24 0
14 25 0
14 26 0
14 27 -2147483648
14 28 -2147483648
14 29 0
14 30 -2147483648
14 31 -2147483648
14 32 0
14 33 -2147483648
14 34 2
14 35 0
14 36 -2147483648
14 37 0
14 38 0
14 39 0
14 40 0
14 41 -2147483648
14 42 -2147483648
14 43 0
14 44 -2147483648
14 45 -2147483648
14 46 -2147483648
14 47 -2147483648
14 48 -2147483648
14 49 -2147483648
15 0 0
15 1 -2147483648
15 2 0
15 3 0
15 4 -2147483648
15 5 -2147483648
15 6 1
15 7 -2147483648
15 8 -2147483648
15 9 0
15 10 -2147483648
15 11 -2147483648
15 12 -2147483648
15 13 -2147483648
15 14 -2147483648
15 16 0
15 17 -2147483648
15 18 -2147483648
15 19 1
15 20 0
15 21 0
15 22 0
15 23 0
15 24 0
15 25 1
15 26 0
15 27 0
15 28 -2147483648
15 29 0
15 30 -2147483648
15 31 -2147483648
15 32 0
15 33 -2147483648
15 34 -2147483648
15 35 0
15 36 1
15 37 0
15 38 2
15 39 2
15 40 0
15 41 -2147483648
15 42 -2147483648
15 43 1
15 44 0
15 45 -2147483648
15 46 -2147483648
15 47 -2147483648
15 48 0
15 49 -2147483648
16 0 -2147483648
16 1 -2147483648
16 2 -2147483648
16 3 -2147483648
16 4 -2147483648
16 5 -2147483648
16 6 -2147483648
16 7 -2147483648
16 8 0
16 9 -2147483648
16 10 -2147483648
16 11 -2147483648
16 12 -2147483648
16 13 -2147483648
16 14 -2147483648
16 15 0
16 17 -2147483648
16 18 0
16 19 0
16 20 -2147483648
16 21 0
16 22 6
16 23 -2147483648
16 24 -2147483648
16 25 -2147483648
16 26 1
16 27 4
16 28 1
16 29 -2147483648
16 30 -2147483648
16 31 0
16 32 -2147483648
16 33 -2147483648
16 34 0
16 35 -2147483648
16 36 0
16 37 -2147483648
16 38 -2147483648
16 39 -2147483648
16 40 -2147483648
16 41 0
16 42 -2147483648
16 43 -2147483648
16 44 -2147483648
16 45 -2147483648
16 46 0
16 47 0
16 48 -2147483648
16 49 -2147483648
17 0 -2147483648
17 1 3
17 2 -2147483648
17 3 0
17 4 -2147483648
17 5 0
17 6 -2147483648
17 7 -2147483648
17 8 -2147483648
17 9 -2147483648
17 10 3
17 11 -2147483648
17 12 0
17 13 0
17 14 -2147483648
17 15 -2147483648
17 16 -2147483648
17 18 -2147483648
17 19 0
17 20 -2147483648
17 21 0
17 22 -2147483648
17 23 0
17 24 0
17 25 0
17 26 0
17 27 -2147483648
17 28 -2147483648
17 29 0
17 30 2
17 31 -2147483648
17 32 0
17 33 -2147483648
17 34 -2147483648
17 35 -2147483648
17 36 -2147483648
17 37 -2147483648
17 38 0
17 39 0
17 40 -2147483648
17 41 2
17 42 -2147483648
17 43 0
17 44 -2147483648
17 45 2
17 46 -2147483648
17 47 0
17 48 0
17 49 -2147483648
18 0 0
18 1 -2147483648
18 2 0
18 3 0
18 4 -2147483648
18 5 -2147483648
18 6 -2147483648
18 7 -2147483648
18 8 1
18 9 0
18 10 -2147483648
18 11 -2147483648
18 12 -2147483648
18 13 -2147483648
18 14 -2147483648
18 15 -2147483648
18 16 0
18 17 -2147483648
18 19 -2147483648
18 20 0
18 21 1
18 22 0
18 23 -2147483648
18 24 0
18 25 -2147483648
18 26 0
18 27 0
18 28 -2147483648
18 29 -2147483648
18 30 -2147483648
18 31 -2147483648
18 32 0
18 33 2
18 34 -2147483648
18 35 1
18 36 -2147483648
18 37 0
18 38 -2147483648
18 39 3
18 40 0
18 41 -2147483648
18 42 -2147483648
18 43 -2147483648
18 44 0
18 45 -2147483648
18 46 -2147483648
18 47 -2147483648
18 48 0
18 49 -2147483648
19 0 2
19 1 0
19 2 0
19 3 0
19 4 0
19 5 -2147483648
19 6 1
19 7 -2147483648
19 8 0
19 9 0
19 10 0
19 11 1
19 12 -2147483648
19 13 -2147483648
19 14 -2147483648
19 15 1
19 16 0
19 17 0
19 18 -2147483648
19 20 0
19 21 0
19 22 0
19 23 -2147483648
19 24 0
19 25 2
19 26 0
19 27 0
19 28 -2147483648
19 29 -2147483648
19 30 -2147483648
19 31 -2147483648
19 32 0
19 33 -2147483648
19 34 -2147483648
19 35 0
19 36 -2147483648
19 37 0
19 38 1
19 39 -2147483648
19 40 -2147483648
19 41 1
19 42 0
19 43 -2147483648
19 44 -2147483648
19 45 -2147483648
19 46 -2147483648
19 47 -2147483648
19 48 0
19 49 1
20 0 -2147483648
20 1 1
20 2 -2147483648
20 3 -2147483648
20 4 -2147483648
20 5 0
20 6 -2147483648
20 7 1
20 8 0
20 9 -2147483648
20 10 1
20 11 -2147483648
20 12 0
20 13 0
20 14 0
20 15 0
20 16 -2147483648
20 17 -2147483648
20 18 0
20 19 0
20 21 0
20 22 -2147483648
20 23 0
20 24 1
20 25 -2147483648
20 26 0
20 27 -2147483648
20 28 0
20 29 1
20 30 0
20 31 0
20 32 0
20 33 0
20 34 0
20 35 -2147483648
20 36 0
20 37 3
20 38 0
20 39 -2147483648
20 40 0
20 41 0
20 42 -2147483648
20 43 0
20 44 0
20 45 0
20 46 0
20 47 0
20 48 0
20 49 0
21 0 0
21 1 -2147483648
21 2 0
21 3 0
21 4 0
21 5 0
21 6 0
21 7 0
21 8 1
21 9 -2147483648
21 10 0
21 11 -2147483648
21 12 0
21 13 0
21 14 0
21 15 0
21 16 0
21 17 0
21 18 1
21 19 0
21 20 0
21 22 0
21 23 0
21 24 0
21 25 0
21 26 0
21 27 0
21 28 0
21 29 0
21 30 -2147483648
21 31 0
21 32 0
21 33 2
21 34 0
21 35 -2147483648
21 36 0
21 37 0
21 38 0
21 39 0
21 40 0
21 41 -2147483648
21 42 0
21 43 0
21 44 0
21 45 -2147483648
21 46 2
21 47 0
21 48 0
21 49 0
22 0 -2147483648
22 1 -2147483648
22 2 -2147483648
22 3 -2147483648
22 4 -2147483648
22 5 0
22 6 -2147483648
22 7 -2147483648
22 8 0
22 9 -2147483648
22 10 -2147483648
22 11 -2147483648
22 12 0
22 13 -2147483648
22 14 -2147483648
22 15 0
22 16 6
22 17 -2147483648
22 18 0
22 19 0
22 20 -2147483648
22 21 0
22 23 -2147483648
22 24 -2147483648
22 25 -2147483648
22 26 0
22 27 3
22 28 1
22 29 -2147483648
22 30 -2147483648
22 31 0
22 32 -2147483648
22 33 0
22 34 0
22 35 -2147483648
22 36 0
22 37 -2147483648
22 38 0
22 39 -2147483648
22 40 -2147483648
22 41 0
22 42 -2147483648
22 43 0
22 44 -2147483648
22 45 0
22 46 0
22 47 0
22 48 2
22 49 0
23 0 0
23 1 0
23 2 0
23 3 -2147483648
23 4 0
23 5 -2147483648
23 6 0
23 7 -2147483648
23 8 0
23 9 0
23 10 0
23 11 1
23 12 -2147483648
23 13 -2147483648
23 14 0
23 15 0
23 16 -2147483648
23 17 0
23 18 -2147483648
23 19 -2147483648
23 20 0
23 21 0
23 22 -2147483648
23 24 0
23 25 -2147483648
23 26 0
23 27 0
23 28 0
23 29 -2147483648
23 30 -2147483648
23 31 -2147483648
23 32 0
23 33 -2147483648
23 34 0
23 35 0
23 36 0
23 37 0
23 38 0
23 39 -2147483648
23 40 -2147483648
23 41 0
23 42 0
23 43 -2147483648
23 44 0
23 45 -2147483648
23 46 0
23 47 -2147483648
23 48 0
23 49 0
24 0 -2147483648
24 1 3
24 2 -2147483648
24 3 -2147483648
24 4 -2147483648
24 5 0
24 6 0
24 7 2
24 8 0
24 9 -2147483648
24 10 2
24 11 0
24 12 0
24 13 0
24 14 0
24 15 0
24 16 -2147483648
24 17 0
24 18 0
24 19 0
24 20 1
24 21 0
24 22 -2147483648
24 23 0
24 25 -2147483648
24 26 0
24 27 -2147483648
24 28 0
24 29 -2147483648
24 30 0
24 31 0
24 32 0
24 33 0
24 34 0
24 35 0
24 36 1
24 37 -2147483648
24 38 0
24 39 -2147483648
24 40 0
24 41 0
24 42 0
24 43 0
24 44 0
24 45 0
24 46 0
24 47 0
24 48 0
24 49 0
25 0 0
25 1 -2147483648
25 2 -2147483648
25 3 -2147483648
25 4 0
25 5 -2147483648
25 6 0
25 7 -2147483648
25 8 0
25 9 0
25 10 -2147483648
25 11 0
25 12 -2147483648
25 13 -2147483648
25 14 0
25 15 1
25 16 -2147483648
25 17 0
25 18 -2147483648
25 19 2
25 20 -2147483648
25 21 0
25 22 -2147483648
25 23 -2147483648
25 24 -2147483648
25 26 0
25 27 0
25 28 0
25 29 -2147483648
25 30 -2147483648
25 31 -2147483648
25 32 -2147483648
25 33 -2147483648
25 34 0
25 35 0
25 36 -2147483648
25 37 -2147483648
25 38 -2147483648
25 39 -2147483648
25 40 -2147483648
25 41 1
25 42 0
25 43 3
25 44 0
25 45 -2147483648
25 46 0
25 47 2
25 48 0
25 49 1
26 0 0
26 1 0
26 2 0
26 3 0
26 4 0
26 5 0
26 6 0
26 7 0
26 8 0
26 9 0
26 10 0
26 11 0
26 12 -2147483648
26 13 0
26 14 0
26 15 0
26 16 1
26 17 0
26 18 0
26 19 0
26 20 0
26 21 0
26 22 0
26 23 0
26 24 0
26 25 0
26 27 0
26 28 0
26 29 0
26 30 0
26 31 0
26 32 -2147483648
26 33 0
26 34 0
26 35 0
26 36 0
26 37 0
26 38 0
26 39 0
26 40 0
26 41 0
26 42 0
26 43 0
26 44 0
26 45 0
26 46 0
26 47 0
26 48 0
26 49 0
27 0 0
27 1 0
27 2 0
27 3 0
27 4 -2147483648
27 5 0
27 6 -2147483648
27 7 0
27 8 0
27 9 -2147483648
27 10 0
27 11 -2147483648
27 12 0
27 13 0
27 14 -2147483648
27 15 0
27 16 4
27 17 -2147483648
27 18 0
27 19 0
27 20 -2147483648
27 21 0
27 22 3
27 23 0
27 24 -2147483648
27 25 0
27 26 0
27 28 1
27 29 -2147483648
27 30 0
27 31 0
27 32 0
27 33 0
27 34 0
27 35 -2147483648
27 36 0
27 37 -2147483648
27 38 0
27 39 0
27 40 0
27 41 0
27 42 0
27 43 0
27 44 -2147483648
27 45 0
27 46 0
27 47 0
27 48 -2147483648
27 49 0
28 0 -2147483648
28 1 -2147483648
28 2 -2147483648
28 3 0
28 4 -2147483648
28 5 -2147483648
28 6 -2147483648
28 7 -2147483648
28 8 -2147483648
28 9 -2147483648
28 10 -2147483648
28 11 -2147483648
28 12 1
28 13 0
28 14 -2147483648
28 15 -2147483648
28 16 1
28 17 -2147483648
28 18 -2147483648
28 19 -2147483648
28 20 0
28 21 0
28 22 1
28 23 0
28 24 0
28 25 0
28 26 0
28 27 1
28 29 0
28 30 -2147483648
28 31 -2147483648
28 32 0
28 33 -2147483648
28 34 -2147483648
28 35 -2147483648
28 36 -2147483648
28 37 1
28 38 0
28 39 -2147483648
28 40 1
28 41 -2147483648
28 42 -2147483648
28 43 0
28 44 -2147483648
28 45 -2147483648
28 46 -2147483648
28 47 -2147483648
28 48 1
28 49 -2147483648
29 0 -2147483648
29 1 -2147483648
29 2 -2147483648
29 3 -2147483648
29 4 -2147483648
29 5 -2147483648
29 6 0
29 7 -2147483648
29 8 0
29 9 -2147483648
29 10 -2147483648
29 11 1
29 12 -2147483648
29 13 -2147483648
29 14 0
29 15 0
29 16 -2147483648
29 17 0
29 18 -2147483648
29 19 -2147483648
29 20 1
29 21 0
29 22 -2147483648
29 23 -2147483648
29 24 -2147483648
29 25 -2147483648
29 26 0
29 27 -2147483648
29 28 0
29 30 -2147483648
29 31 -2147483648
29 32 0
29 33 -2147483648
29 34 0
29 35 0
29 36 -2147483648
29 37 -2147483648
29 38 0
29 39 -2147483648
29 40 -2147483648
29 41 0
29 42 0
29 43 -2147483648
29 44 0
29 45 -2147483648
29 46 0
29 47 4
29 48 0
29 49 0
30 0 -2147483648
30 1 -2147483648
30 2 0
30 3 -2147483648
30 4 -2147483648
30 5 -2147483648
30 6 -2147483648
30 7 -2147483648
30 8 -2147483648
30 9 -2147483648
30 10 2
30 11 -2147483648
30 12 0
30 13 -2147483648
30 14 -2147483648
30 15 -2147483648
30 16 -2147483648
30 17 2
30 18 -2147483648
30 19 -2147483648
30 20 0
30 21 -2147483648
30 22 -2147483648
30 23 -2147483648
30 24 0
30 25 -2147483648
30 26 0
30 27 0
30 28 -2147483648
30 29 -2147483648
30 31 -2147483648
30 32 0
30 33 -2147483648
30 34 3
30 35 1
30 36 -2147483648
30 37 0
30 38 0
30 39 -2147483648
30 40 -2147483648
30 41 3
30 42 -2147483648
30 43 0
30 44 -2147483648
30 45 4
30 46 -2147483648
30 47 -2147483648
30 48 0
30 49 -2147483648
31 0 -2147483648
31 1 -2147483648
31 2 0
31 3 0
31 4 -2147483648
31 5 -2147483648
31 6 -2147483648
31 7 -2147483648
31 8 -2147483648
31 9 0
31 10 -2147483648
31 11 -2147483648
31 12 -2147483648
31 13 -2147483648
31 14 -2147483648
31 15 -2147483648
31 16 0
31 17 -2147483648
31 18 -2147483648
31 19 -2147483648
31 20 0
31 21 0
31 22 0
31 23 -2147483648
31 24 0
31 25 -2147483648
31 26 0
31 27 0
31 28 -2147483648
31 29 -2147483648
31 30 -2147483648
31 32 0
31 33 -2147483648
31 34 -2147483648
31 35 0
31 36 -2147483648
31 37 0
31 38 -2147483648
31 39 -2147483648
31 40 0
31 41 -2147483648
31 42 -2147483648
31 43 -2147483648
31 44 -2147483648
31 45 -2147483648
31 46 -2147483648
31 47 -2147483648
31 48 0
31 49 -2147483648
32 0 0
32 1 0
32 2 0
32 3 -2147483648
32 4 0
32 5 -2147483648
32 6 0
32 7 0
32 8 0
32 9 0
32 10 0
32 11 0
32 12 0
32 13 -2147483648
32 14 0
32 15 0
32 16 -2147483648
32 17 0
32 18 0
32 19 0
32 20 0
32 21 0
32 22 -2147483648
32 23 0
32 24 0
32 25 -2147483648
32 26 -2147483648
32 27 0
32 28 0
32 29 0
32 30 0
32 31 0
32 33 -2147483648
32 34 0
32 35 0
32 36 0
32 37 0
32 38 2
32 39 -2147483648
32 40 -2147483648
32 41 0
32 42 0
32 43 -2147483648
32 44 0
32 45 -2147483648
32 46 0
32 47 0
32 48 0
32 49 0
33 0 -2147483648
33 1 -2147483648
33 2 0
33 3 -2147483648
33 4 -2147483648
33 5 -2147483648
33 6 -2147483648
33 7 -2147483648
33 8 2
33 9 -2147483648
33 10 -2147483648
33 11 -2147483648
33 12 0
33 13 -2147483648
33 14 -2147483648
33 15 -2147483648
33 16 -2147483648
33 17 -2147483648
33 18 2
33 19 -2147483648
33 20 0
33 21 2
33 22 0
33 23 -2147483648
33 24 0
33 25 -2147483648
33 26 0
33 27 0
33 28 -2147483648
33 29 -2147483648
33 30 -2147483648
33 31 -2147483648
33 32 -2147483648
33 34 -2147483648
33 35 -2147483648
33 36 -2147483648
33 37 0
33 38 -2147483648
33 39 -2147483648
33 40 -2147483648
33 41 -2147483648
33 42 -2147483648
33 43 -2147483648
33 44 -2147483648
33 45 -2147483648
33 46 -2147483648
33 47 -2147483648
33 48 0
33 49 -2147483648
34 0 -2147483648
34 1 -2147483648
34 2 -2147483648
34 3 0
34 4 -2147483648
34 5 -2147483648
34 6 -2147483648
34 7 -2147483648
34 8 -2147483648
34 9 -2147483648
34 10 -2147483648
34 11 -2147483648
34 12 0
34 13 0
34 14 2
34 15 -2147483648
34 16 0
34 17 -2147483648
34 18 -2147483648
34 19 -2147483648
34 20 0
34 21 0
34 22 0
34 23 0
34 24 0
34 25 0
34 26 0
34 27 0
34 28 -2147483648
34 29 0
34 30 3
34 31 -2147483648
34 32 0
34 33 -2147483648
34 35 -2147483648
34 36 -2147483648
34 37 -2147483648
34 38 0
34 39 0
34 40 -2147483648
34 41 1
34 42 -2147483648
34 43 0
34 44 -2147483648
34 45 2
34 46 -2147483648
34 47 -2147483648
34 48 0
34 49 -2147483648
35 0 -2147483648
35 1 -2147483648
35 2 -2147483648
35 3 0
35 4 -2147483648
35 5 0
35 6 -2147483648
35 7 0
35 8 -2147483648
35 9 -2147483648
35 10 0
35 11 -2147483648
35 12 0
35 13 0
35 14 0
35 15 0
35 16 -2147483648
35 17 -2147483648
35 18 1
35 19 0
35 20 -2147483648
35 21 -2147483648
35 22 -2147483648
35 23 0
35 24 0
35 25 0
35 26 0
35 27 -2147483648
35 28 -2147483648
35 29 0
35 30 1
35 31 0
35 32 0
35 33 -2147483648
35 34 -2147483648
35 36 0
35 37 -2147483648
35 38 0
35 39 0
35 40 0
35 41 1
35 42 -2147483648
35 43 0
35 44 -2147483648
35 45 1
35 46 -2147483648
35 47 0
35 48 0
35 49 0
36 0 -2147483648
36 1 -2147483648
36 2 -2147483648
36 3 0
36 4 -2147483648
36 5 -2147483648
36 6 -2147483648
36 7 -2147483648
36 8 -2147483648
36 9 0
36 10 -2147483648
36 11 -2147483648
36 12 0
36 13 0
36 14 -2147483648
36 15 1
36 16 0
36 17 -2147483648
36 18 -2147483648
36 19 -2147483648
36 20 0
36 21 0
36 22 0
36 23 0
36 24 1
36 25 -2147483648
36 26 0
36 27 0
36 28 -2147483648
36 29 -2147483648
36 30 -2147483648
36 31 -2147483648
36 32 0
36 33 -2147483648
36 34 -2147483648
36 35 0
36 37 -2147483648
36 38 0
36 39 0
36 40 -2147483648
36 41 -2147483648
36 42 -2147483648
36 43 0
36 44 -2147483648
36 45 -2147483648
36 46 -2147483648
36 47 1
36 48 0
36 49 -2147483648
37 0 -2147483648
37 1 -2147483648
37 2 -2147483648
37 3 -2147483648
37 4 -2147483648
37 5 0
37 6 -2147483648
37 7 -2147483648
37 8 0
37 9 -2147483648
37 10 -2147483648
37 11 -2147483648
37 12 0
37 13 0
37 14 0
37 15 0
37 16 -2147483648
37 17 -2147483648
37 18 0
37 19 0
37 20 3
37 21 0
37 22 -2147483648
37 23 0
37 24 -2147483648
37 25 -2147483648
37 26 0
37 27 -2147483648
37 28 1
37 29 -2147483648
37 30 0
37 31 0
37 32 0
37 33 0
37 34 -2147483648
37 35 -2147483648
37 36 -2147483648
37 38 0
37 39 -2147483648
37 40 1
37 41 0
37 42 -2147483648
37 43 0
37 44 1
37 45 0
37 46 -2147483648
37 47 0
37 48 0
37 49 0
38 0 0
38 1 0
38 2 0
38 3 -2147483648
38 4 0
38 5 -2147483648
38 6 0
38 7 0
38 8 0
38 9 0
38 10 0
38 11 0
38 12 -2147483648
38 13 -2147483648
38 14 0
38 15 2
38 16 -2147483648
38 17 0
38 18 -2147483648
38 19 1
38 20 0
38 21 0
38 22 0
38 23 0
38 24 0
38 25 -2147483648
38 26 0
38 27 0
38 28 0
38 29 0
38 30 0
38 31 -2147483648
38 32 2
38 33 -2147483648
38 34 0
38 35 0
38 36 0
38 37 0
38 39 -2147483648
38 40 -2147483648
38 41 2
38 42 0
38 43 -2147483648
38 44 0
38 45 -2147483648
38 46 0
38 47 1
38 48 0
38 49 2
39 0 0
39 1 -2147483648
39 2 0
39 3 -2147483648
39 4 0
39 5 -2147483648
39 6 0
39 7 -2147483648
39 8 0
39 9 0
39 10 -2147483648
39 11 -2147483648
39 12 -2147483648
39 13 -2147483648
39 14 0
39 15 2
39 16 -2147483648
39 17 0
39 18 3
39 19 -2147483648
39 20 -2147483648
39 21 0
39 22 -2147483648
39 23 -2147483648
39 24 -2147483648
39 25 -2147483648
39 26 0
39 27 0
39 28 -2147483648
39 29 -2147483648
39 30 -2147483648
39 31 -2147483648
39 32 -2147483648
39 33 -2147483648
39 34 0
39 35 0
39 36 0
39 37 -2147483648
39 38 -2147483648
39 40 -2147483648
39 41 2
39 42 0
39 43 -2147483648
39 44 0
39 45 -2147483648
39 46 -2147483648
39 47 -2147483648
39 48 0
39 49 2
40 0 -2147483648
40 1 -2147483648
40 2 -2147483648
40 3 -2147483648
40 4 -2147483648
40 5 -2147483648
40 6 -2147483648
40 7 -2147483648
40 8 0
40 9 0
40 10 -2147483648
40 11 0
40 12 0
40 13 -2147483648
40 14 0
40 15 0
40 16 -2147483648
40 17 -2147483648
40 18 0
40 19 -2147483648
40 20 0
40 21 0
40 22 -2147483648
40 23 -2147483648
40 24 0
40 25 -2147483648
40 26 0
40 27 0
40 28 1
40 29 -2147483648
40 30 -2147483648
40 31 0
40 32 -2147483648
40 33 -2147483648
40 34 -2147483648
40 35 0
40 36 -2147483648
40 37 1
40 38 -2147483648
40 39 -2147483648
40 41 0
40 42 -2147483648
40 43 -2147483648
40 44 2
40 45 0
40 46 -2147483648
40 47 -2147483648
40 48 0
40 49 0
41 0 0
41 1 -2147483648
41 2 0
41 3 0
41 4 -2147483648
41 5 -2147483648
41 6 -2147483648
41 7 -2147483648
41 8 -2147483648
41 9 -2147483648
41 10 2
41 11 -2147483648
41 12 -2147483648
41 13 -2147483648
41 14 -2147483648
41 15 -2147483648
41 16 0
41 17 2
41 18 -2147483648
41 19 1
41 20 0
41 21 -2147483648
41 22 0
41 23 0
41 24 0
41 25 1
41 26 0
41 27 0
41 28 -2147483648
41 29 0
41 30 3
41 31 -2147483648
41 32 0
41 33 -2147483648
41 34 1
41 35 1
41 36 -2147483648
41 37 0
41 38 2
41 39 2
41 40 0
41 42 -2147483648
41 43 1
41 44 0
41 45 -2147483648
41 46 -2147483648
41 47 -2147483648
41 48 0
41 49 -2147483648
42 0 -2147483648
42 1 -2147483648
42 2 -2147483648
42 3 0
42 4 7
42 5 0
42 6 -2147483648
42 7 -2147483648
42 8 -2147483648
42 9 -2147483648
42 10 -2147483648
42 11 -2147483648
42 12 0
42 13 0
42 14 -2147483648
42 15 -2147483648
42 16 -2147483648
42 17 -2147483648
42 18 -2147483648
42 19 0
42 20 -2147483648
42 21 0
42 22 -2147483648
42 23 0
42 24 0
42 25 0
42 26 0
42 27 0
42 28 -2147483648
42 29 0
42 30 -2147483648
42 31 -2147483648
42 32 0
42 33 -2147483648
42 34 -2147483648
42 35 -2147483648
42 36 -2147483648
42 37 -2147483648
42 38 0
42 39 0
42 40 -2147483648
42 41 -2147483648
42 43 0
42 44 -2147483648
42 45 -2147483648
42 46 -2147483648
42 47 0
42 48 0
42 49 -2147483648
43 0 0
43 1 0
43 2 0
43 3 0
43 4 0
43 5 -2147483648
43 6 0
43 7 0
43 8 0
43 9 0
43 10 0
43 11 -2147483648
43 12 -2147483648
43 13 -2147483648
43 14 0
43 15 1
43 16 -2147483648
43 17 0
43 18 -2147483648
43 19 -2147483648
43 20 0
43 21 0
43 22 0
43 23 -2147483648
43 24 0
43 25 3
43 26 0
43 27 0
43 28 0
43 29 -2147483648
43 30 0
43 31 -2147483648
43 32 -2147483648
43 33 -2147483648
43 34 0
43 35 0
43 36 0
43 37 0
43 38 -2147483648
43 39 -2147483648
43 40 -2147483648
43 41 1
43 42 0
43 44 0
43 45 -2147483648
43 46 0
43 47 -2147483648
43 48 0
43 49 1
44 0 -2147483648
44 1 -2147483648
44 2 -2147483648
44 3 0
44 4 -2147483648
44 5 -2147483648
44 6 -2147483648
44 7 -2147483648
44 8 0
44 9 2
44 10 -2147483648
44 11 1
44 12 0
44 13 0
44 14 -2147483648
44 15 0
44 16 -2147483648
44 17 -2147483648
44 18 0
44 19 -2147483648
44 20 0
44 21 0
44 22 -2147483648
44 23 0
44 24 0
44 25 0
44 26 0
44 27 -2147483648
44 28 -2147483648
44 29 0
44 30 -2147483648
44 31 -2147483648
44 32 0
44 33 -2147483648
44 34 -2147483648
44 35 -2147483648
44 36 -2147483648
44 37 1
44 38 0
44 39 0
44 40 2
44 41 0
44 42 -2147483648
44 43 0
44 45 -2147483648
44 46 -2147483648
44 47 -2147483648
44 48 -2147483648
44 49 0
45 0 -2147483648
45 1 -2147483648
45 2 0
45 3 0
45 4 -2147483648
45 5 -2147483648
45 6 -2147483648
45 7 -2147483648
45 8 -2147483648
45 9 -2147483648
45 10 2
45 11 -2147483648
45 12 -2147483648
45 13 -2147483648
45 14 -2147483648
45 15 -2147483648
45 16 -2147483648
45 17 2
45 18 -2147483648
45 19 -2147483648
45 20 0
45 21 -2147483648
45 22 0
45 23 -2147483648
45 24 0
45 25 -2147483648
45 26 0
45 27 0
45 28 -2147483648
45 29 -2147483648
45 30 4
45 31 -2147483648
45 32 -2147483648
45 33 -2147483648
45 34 2
45 35 1
45 36 -2147483648
45 37 0
45 38 -2147483648
45 39 -2147483648
45 40 0
45 41 -2147483648
45 42 -2147483648
45 43 -2147483648
45 44 -2147483648
45 46 -2147483648
45 47 -2147483648
45 48 0
45 49 -2147483648
46 0 -2147483648
46 1 -2147483648
46 2 -2147483648
46 3 0
46 4 -2147483648
46 5 -2147483648
46 6 -2147483648
46 7 -2147483648
46 8 2
46 9 -2147483648
46 10 -2147483648
46 11 -2147483648
46 12 1
46 13 0
46 14 -2147483648
46 15 -2147483648
46 16 0
46 17 -2147483648
46 18 -2147483648
46 19 -2147483648
46 20 0
46 21 2
46 22 0
46 23 0
46 24 0
46 25 0
46 26 0
46 27 0
46 28 -2147483648
46 29 0
46 30 -2147483648
46 31 -2147483648
46 32 0
46 33 -2147483648
46 34 -2147483648
46 35 -2147483648
46 36 -2147483648
46 37 -2147483648
46 38 0
46 39 -2147483648
46 40 -2147483648
46 41 -2147483648
46 42 -2147483648
46 43 0
46 44 -2147483648
46 45 -2147483648
46 47 -2147483648
46 48 0
46 49 -2147483648
47 0 -2147483648
47 1 0
47 2 0
47 3 0
47 4 0
47 5 -2147483648
47 6 -2147483648
47 7 -2147483648
47 8 0
47 9 0
47 10 0
47 11 -2147483648
47 12 -2147483648
47 13 -2147483648
47 14 -2147483648
47 15 -2147483648
47 16 0
47 17 0
47 18 -2147483648
47 19 -2147483648
47 20 0
47 21 0
47 22 0
47 23 -2147483648
47 24 0
47 25 2
47 26 0
47 27 0
47 28 -2147483648
47 29 4
47 30 -2147483648
47 31 -2147483648
47 32 0
47 33 -2147483648
47 34 -2147483648
47 35 0
47 36 1
47 37 0
47 38 1
47 39 -2147483648
47 40 -2147483648
47 41 -2147483648
47 42 0
47 43 -2147483648
47 44 -2147483648
47 45 -2147483648
47 46 -2147483648
47 48 0
47 49 -2147483648
48 0 0
48 1 0
48 2 0
48 3 0
48 4 0
48 5 0
48 6 -2147483648
48 7 0
48 8 0
48 9 -2147483648
48 10 0
48 11 -2147483648
48 12 0
48 13 0
48 14 -2147483648
48 15 0
48 16 -2147483648
48 17 0
48 18 0
48 19 0
48 20 0
48 21 0
48 22 2
48 23 0
48 24 0
48 25 0
48 26 0
48 27 -2147483648
48 28 1
48 29 0
48 30 0
48 31 0
48 32 0
48 33 0
48 34 0
48 35 0
48 36 0
48 37 0
48 38 0
48 39 0
48 40 0
48 41 0
48 42 0
48 43 0
48 44 -2147483648
48 45 0
48 46 0
48 47 0
48 49 0
49 0 0
49 1 -2147483648
49 2 0
49 3 0
49 4 -2147483648
49 5 -2147483648
49 6 -2147483648
49 7 -2147483648
49 8 -2147483648
49 9 0
49 10 -2147483648
49 11 -2147483648
49 12 -2147483648
49 13 -2147483648
49 14 -2147483648
49 15 -2147483648
49 16 -2147483648
49 17 -2147483648
49 18 -2147483648
49 19 1
49 20 0
49 21 0
49 22 0
49 23 0
49 24 0
49 25 1
49 26 0
49 27 0
49 28 -2147483648
49 29 0
49 30 -2147483648
49 31 -2147483648
49 32 0
49 33 -2147483648
49 34 -2147483648
49 35 0
49 36 -2147483648
49 37 0
49 38 2
49 39 2
49 40 0
49 41 -2147483648
49 42 -2147483648
49 43 1
49 44 0
49 45 -2147483648
49 46 -2147483648
49 47 -2147483648
49 48 0
