0 1 -2147483648
0 2 0
0 3 0
0 4 -2147483648
0 5 -2147483648
0 6 -2147483648
0 7 -2147483648
0 8 -2147483648
0 9 -2147483648
0 10 -2147483648
0 11 -2147483648
0 12 -2147483648
0 13 0
0 14 0
0 15 -2147483648
0 16 0
0 17 -2147483648
0 18 -2147483648
0 19 -2147483648
1 0 -2147483648
1 2 -2147483648
1 3 -2147483648
1 4 0
1 5 -2147483648
1 6 -2147483648
1 7 -2147483648
1 8 0
1 9 -2147483648
1 10 -2147483648
1 11 -2147483648
1 12 -2147483648
1 13 0
1 14 0
1 15 -2147483648
1 16 0
1 17 -2147483648
1 18 0
1 19 -2147483648
2 0 0
2 1 -2147483648
2 3 -2147483648
2 4 0
2 5 1
2 6 -2147483648
2 7 0
2 8 0
2 9 3
2 10 -2147483648
2 11 3
2 12 0
2 13 -2147483648
2 14 -2147483648
2 15 0
2 16 -2147483648
2 17 0
2 18 -2147483648
2 19 1
3 0 0
3 1 -2147483648
3 2 -2147483648
3 4 0
3 5 1
3 6 -2147483648
3 7 0
3 8 1
3 9 3
3 10 -2147483648
3 11 3
3 12 0
3 13 0
3 14 -2147483648
3 15 -2147483648
3 16 0
3 17 0
3 18 -2147483648
3 19 0
4 0 -2147483648
4 1 0
4 2 0
4 3 0
4 5 0
4 6 -2147483648
4 7 -2147483648
4 8 0
4 9 0
4 10 0
4 11 0
4 12 -2147483648
4 13 0
4 14 0
4 15 0
4 16 0
4 17 -2147483648
4 18 0
4 19 0
5 0 -2147483648
5 1 -2147483648
5 2 1
5 3 1
5 4 0
5 6 -2147483648
5 7 0
5 8 -2147483648
5 9 4
5 10 -2147483648
5 11 7
5 12 -2147483648
5 13 0
5 14 -2147483648
5 15 -2147483648
5 16 0
5 17 -2147483648
5 18 -2147483648
5 19 -2147483648
6 0 -2147483648
6 1 -2147483648
6 2 -2147483648
6 3 -2147483648
6 4 -2147483648
6 5 -2147483648
6 7 0
6 8 -2147483648
6 9 -2147483648
6 10 -2147483648
6 11 -2147483648
6 12 -2147483648
6 13 0
6 14 -2147483648
6 15 -2147483648
6 16 0
6 17 -2147483648
6 18 -2147483648
6 19 -2147483648
7 0 -2147483648
7 1 -2147483648
7 2 0
7 3 0
7 4 -2147483648
7 5 0
7 6 0
7 8 0
7 9 -2147483648
7 10 -2147483648
7 11 0
7 12 -2147483648
7 13 0
7 14 0
7 15 -2147483648
7 16 0
7 17 -2147483648
7 18 0
7 19 -2147483648
8 0 -2147483648
8 1 0
8 2 0
8 3 1
8 4 0
8 5 -2147483648
8 6 -2147483648
8 7 0
8 9 0
8 10 0
8 11 -2147483648
8 12 0
8 13 -2147483648
8 14 -2147483648
8 15 -2147483648
8 16 -2147483648
8 17 0
8 18 -2147483648
8 19 -2147483648
9 0 -2147483648
9 1 -2147483648
9 2 3
9 3 3
9 4 0
9 5 4
9 6 -2147483648
9 7 -2147483648
9 8 0
9 10 -2147483648
9 11 6
9 12 -2147483648
9 13 0
9 14 -2147483648
9 15 -2147483648
9 16 0
9 17 -2147483648
9 18 0
9 19 -2147483648
10 0 -2147483648
10 1 -2147483648
10 2 -2147483648
10 3 -2147483648
10 4 0
10 5 -2147483648
10 6 -2147483648
10 7 -2147483648
10 8 0
10 9 -2147483648
10 11 -2147483648
10 12 -2147483648
10 13 0
10 14 0
10 15 -2147483648
10 16 0
10 17 -2147483648
10 18 0
10 19 -2147483648
11 0 -2147483648
11 1 -2147483648
11 2 3
11 3 3
11 4 0
11 5 7
11 6 -2147483648
11 7 0
11 8 -2147483648
11 9 6
11 10 -2147483648
11 12 -2147483648
11 13 0
11 14 -2147483648
11 15 -2147483648
11 16 0
11 17 -2147483648
11 18 -2147483648
11 19 -2147483648
12 0 -2147483648
12 1 -2147483648
12 2 0
12 3 0
12 4 -2147483648
12 5 -2147483648
12 6 -2147483648
12 7 -2147483648
12 8 0
12 9 -2147483648
12 10 -2147483648
12 11 -2147483648
12 13 0
12 14 -2147483648
12 15 -2147483648
12 16 0
12 17 3
12 18 0
12 19 -2147483648
13 0 0
13 1 0
13 2 -2147483648
13 3 0
13 4 0
13 5 0
13 6 0
13 7 0
13 8 -2147483648
13 9 0
13 10 0
13 11 0
13 12 0
13 14 0
13 15 0
13 16 -2147483648
13 17 0
13 18 -2147483648
13 19 0
14 0 0
14 1 0
14 2 -2147483648
14 3 -2147483648
14 4 0
14 5 -2147483648
14 6 -2147483648
14 7 0
14 8 -2147483648
14 9 -2147483648
14 10 0
14 11 -2147483648
14 12 -2147483648
14 13 0
14 15 -2147483648
14 16 0
14 17 0
14 18 -2147483648
14 19 -2147483648
15 0 -2147483648
15 1 -2147483648
15 2 0
15 3 -2147483648
15 4 0
15 5 -2147483648
15 6 -2147483648
15 7 -2147483648
15 8 -2147483648
15 9 -2147483648
15 10 -2147483648
15 11 -2147483648
15 12 -2147483648
15 13 0
15 14 -2147483648
15 16 0
15 17 -2147483648
15 18 0
15 19 -2147483648
16 0 0
16 1 0
16 2 -2147483648
16 3 0
16 4 0
16 5 0
16 6 0
16 7 0
16 8 -2147483648
16 9 0
16 10 0
16 11 0
16 12 0
16 13 -2147483648
16 14 0
16 15 0
16 17 0
16 18 -2147483648
16 19 -2147483648
17 0 -2147483648
17 1 -2147483648
17 2 0
17 3 0
17 4 -2147483648
17 5 -2147483648
17 6 -2147483648
17 7 -2147483648
17 8 0
17 9 -2147483648
17 10 -2147483648
17 11 -2147483648
17 12 3
17 13 0
17 14 0
17 15 -2147483648
17 16 0
17 18 0
17 19 -2147483648
18 0 -2147483648
18 1 0
18 2 -2147483648
18 3 -2147483648
18 4 0
18 5 -2147483648
18 6 -2147483648
18 7 0
18 8 -2147483648
18 9 0
18 10 0
18 11 -2147483648
18 12 0
18 13 -2147483648
18 14 -2147483648
18 15 0
18 16 -2147483648
18 17 0
18 19 -2147483648
19 0 -2147483648
19 1 -2147483648
19 2 1
19 3 0
19 4 0
19 5 -2147483648
19 6 -2147483648
19 7 -2147483648
19 8 -2147483648
19 9 -2147483648
19 10 -2147483648
19 11 -2147483648
19 12 -2147483648
19 13 0
19 14 -2147483648
19 15 -2147483648
19 16 -2147483648
19 17 -2147483648
19 18 -2147483648
