0 1 -2147483648
0 2 0
0 3 -2147483648
0 4 -2147483648
0 5 7
0 6 -2147483648
0 7 -2147483648
0 8 -2147483648
0 9 -2147483648
0 10 0
0 11 -2147483648
0 12 -2147483648
0 13 -2147483648
0 14 3
0 15 -2147483648
0 16 -2147483648
0 17 -2147483648
0 18 -2147483648
0 19 -2147483648
1 0 -2147483648
1 2 -2147483648
1 3 -2147483648
1 4 -2147483648
1 5 0
1 6 -2147483648
1 7 0
1 8 0
1 9 -2147483648
1 10 0
1 11 -2147483648
1 12 -2147483648
1 13 3
1 14 -2147483648
1 15 -2147483648
1 16 -2147483648
1 17 -2147483648
1 18 3
1 19 -2147483648
2 0 0
2 1 -2147483648
2 3 -2147483648
2 4 0
2 5 0
2 6 0
2 7 -2147483648
2 8 -2147483648
2 9 2
2 10 -2147483648
2 11 -2147483648
2 12 -2147483648
2 13 -2147483648
2 14 0
2 15 -2147483648
2 16 -2147483648
2 17 -2147483648
2 18 0
2 19 -2147483648
3 0 -2147483648
3 1 -2147483648
3 2 -2147483648
3 4 -2147483648
3 5 -2147483648
3 6 -2147483648
3 7 -2147483648
3 8 -2147483648
3 9 0
3 10 0
3 11 -2147483648
3 12 0
3 13 -2147483648
3 14 -2147483648
3 15 -2147483648
3 16 -2147483648
3 17 -2147483648
3 18 -2147483648
3 19 0
4 0 -2147483648
4 1 -2147483648
4 2 0
4 3 -2147483648
4 5 -2147483648
4 6 -2147483648
4 7 -2147483648
4 8 -2147483648
4 9 0
4 10 0
4 11 -2147483648
4 12 0
4 13 -2147483648
4 14 -2147483648
4 15 -2147483648
4 16 0
4 17 -2147483648
4 18 -2147483648
4 19 0
5 0 7
5 1 0
5 2 0
5 3 -2147483648
5 4 -2147483648
5 6 3
5 7 -2147483648
5 8 -2147483648
5 9 0
5 10 0
5 11 3
5 12 0
5 13 1
5 14 0
5 15 -2147483648
5 16 0
5 17 -2147483648
5 18 -2147483648
5 19 0
6 0 -2147483648
6 1 -2147483648
6 2 0
6 3 -2147483648
6 4 -2147483648
6 5 3
6 7 -2147483648
6 8 -2147483648
6 9 -2147483648
6 10 0
6 11 -2147483648
6 12 -2147483648
6 13 -2147483648
6 14 -2147483648
6 15 -2147483648
6 16 0
6 17 -2147483648
6 18 -2147483648
6 19 -2147483648
7 0 -2147483648
7 1 0
7 2 -2147483648
7 3 -2147483648
7 4 -2147483648
7 5 -2147483648
7 6 -2147483648
7 8 0
7 9 -2147483648
7 10 -2147483648
7 11 -2147483648
7 12 0
7 13 0
7 14 0
7 15 -2147483648
7 16 -2147483648
7 17 0
7 18 0
7 19 -2147483648
8 0 -2147483648
8 1 0
8 2 -2147483648
8 3 -2147483648
8 4 -2147483648
8 5 -2147483648
8 6 -2147483648
8 7 0
8 9 0
8 10 0
8 11 -2147483648
8 12 0
8 13 -2147483648
8 14 0
8 15 -2147483648
8 16 1
8 17 -2147483648
8 18 -2147483648
8 19 0
9 0 -2147483648
9 1 -2147483648
9 2 2
9 3 0
9 4 0
9 5 0
9 6 -2147483648
9 7 -2147483648
9 8 0
9 10 -2147483648
9 11 0
9 12 -2147483648
9 13 -2147483648
9 14 -2147483648
9 15 0
9 16 -2147483648
9 17 0
9 18 0
9 19 -2147483648
10 0 0
10 1 0
10 2 -2147483648
10 3 0
10 4 0
10 5 0
10 6 0
10 7 -2147483648
10 8 0
10 9 -2147483648
10 11 0
10 12 0
10 13 0
10 14 0
10 15 -2147483648
10 16 -2147483648
10 17 0
10 18 0
10 19 -2147483648
11 0 -2147483648
11 1 -2147483648
11 2 -2147483648
11 3 -2147483648
11 4 -2147483648
11 5 3
11 6 -2147483648
11 7 -2147483648
11 8 -2147483648
11 9 0
11 10 0
11 12 0
11 13 -2147483648
11 14 -2147483648
11 15 -2147483648
11 16 -2147483648
11 17 -2147483648
11 18 -2147483648
11 19 0
12 0 -2147483648
12 1 -2147483648
12 2 -2147483648
12 3 0
12 4 0
12 5 0
12 6 -2147483648
12 7 0
12 8 0
12 9 -2147483648
12 10 0
12 11 0
12 13 -2147483648
12 14 -2147483648
12 15 0
12 16 -2147483648
12 17 0
12 18 0
12 19 -2147483648
13 0 -2147483648
13 1 3
13 2 -2147483648
13 3 -2147483648
13 4 -2147483648
13 5 1
13 6 -2147483648
13 7 0
13 8 -2147483648
13 9 -2147483648
13 10 0
13 11 -2147483648
13 12 -2147483648
13 14 -2147483648
13 15 -2147483648
13 16 -2147483648
13 17 -2147483648
13 18 1
13 19 -2147483648
14 0 3
14 1 -2147483648
14 2 0
14 3 -2147483648
14 4 -2147483648
14 5 0
14 6 -2147483648
14 7 0
14 8 0
14 9 -2147483648
14 10 0
14 11 -2147483648
14 12 -2147483648
14 13 -2147483648
14 15 -2147483648
14 16 -2147483648
14 17 -2147483648
14 18 2
14 19 -2147483648
15 0 -2147483648
15 1 -2147483648
15 2 -2147483648
15 3 -2147483648
15 4 -2147483648
15 5 -2147483648
15 6 -2147483648
15 7 -2147483648
15 8 -2147483648
15 9 0
15 10 -2147483648
15 11 -2147483648
15 12 0
15 13 -2147483648
15 14 -2147483648
15 16 -2147483648
15 17 5
15 18 -2147483648
15 19 0
16 0 -2147483648
16 1 -2147483648
16 2 -2147483648
16 3 -2147483648
16 4 0
16 5 0
16 6 0
16 7 -2147483648
16 8 1
16 9 -2147483648
16 10 -2147483648
16 11 -2147483648
16 12 -2147483648
16 13 -2147483648
16 14 -2147483648
16 15 -2147483648
16 17 -2147483648
16 18 1
16 19 -2147483648
17 0 -2147483648
17 1 -2147483648
17 2 -2147483648
17 3 -2147483648
17 4 -2147483648
17 5 -2147483648
17 6 -2147483648
17 7 0
17 8 -2147483648
17 9 0
17 10 0
17 11 -2147483648
17 12 0
17 13 -2147483648
17 14 -2147483648
17 15 5
17 16 -2147483648
17 18 -2147483648
17 19 0
18 0 -2147483648
18 1 3
18 2 0
18 3 -2147483648
18 4 -2147483648
18 5 -2147483648
18 6 -2147483648
18 7 0
18 8 -2147483648
18 9 0
18 10 0
18 11 -2147483648
18 12 0
18 13 1
18 14 2
18 15 -2147483648
18 16 1
18 17 -2147483648
18 19 0
19 0 -2147483648
19 1 -2147483648
19 2 -2147483648
19 3 0
19 4 0
19 5 0
19 6 -2147483648
19 7 -2147483648
19 8 0
19 9 -2147483648
19 10 -2147483648
19 11 0
19 12 -2147483648
19 13 -2147483648
19 14 -2147483648
19 15 0
19 16 -2147483648
19 17 0
19 18 0
