0 1 -2147483648
0 2 0
0 3 -2147483648
0 4 -2147483648
0 5 4
0 6 0
0 7 -2147483648
0 8 0
0 9 -2147483648
0 10 -2147483648
0 11 -2147483648
0 12 0
0 13 -2147483648
0 14 0
0 15 -2147483648
0 16 -2147483648
0 17 0
0 18 0
0 19 0
1 0 -2147483648
1 2 0
1 3 -2147483648
1 4 -2147483648
1 5 -2147483648
1 6 -2147483648
1 7 -2147483648
1 8 -2147483648
1 9 -2147483648
1 10 -2147483648
1 11 -2147483648
1 12 -2147483648
1 13 -2147483648
1 14 -2147483648
1 15 0
1 16 -2147483648
1 17 0
1 18 -2147483648
1 19 -2147483648
2 0 0
2 1 0
2 3 -2147483648
2 4 -2147483648
2 5 0
2 6 0
2 7 0
2 8 -2147483648
2 9 0
2 10 0
2 11 -2147483648
2 12 -2147483648
2 13 -2147483648
2 14 0
2 15 0
2 16 0
2 17 -2147483648
2 18 0
2 19 -2147483648
3 0 -2147483648
3 1 -2147483648
3 2 -2147483648
3 4 -2147483648
3 5 -2147483648
3 6 -2147483648
3 7 2
3 8 -2147483648
3 9 0
3 10 0
3 11 -2147483648
3 12 -2147483648
3 13 -2147483648
3 14 0
3 15 0
3 16 -2147483648
3 17 -2147483648
3 18 0
3 19 3
4 0 -2147483648
4 1 -2147483648
4 2 -2147483648
4 3 -2147483648
4 5 -2147483648
4 6 0
4 7 -2147483648
4 8 -2147483648
4 9 -2147483648
4 10 0
4 11 -2147483648
4 12 3
4 13 -2147483648
4 14 -2147483648
4 15 -2147483648
4 16 -2147483648
4 17 -2147483648
4 18 -2147483648
4 19 -2147483648
5 0 4
5 1 -2147483648
5 2 0
5 3 -2147483648
5 4 -2147483648
5 6 0
5 7 -2147483648
5 8 0
5 9 0
5 10 0
5 11 -2147483648
5 12 0
5 13 -2147483648
5 14 0
5 15 -2147483648
5 16 -2147483648
5 17 0
5 18 0
5 19 0
6 0 0
6 1 -2147483648
6 2 0
6 3 -2147483648
6 4 0
6 5 0
6 7 -2147483648
6 8 4
6 9 -2147483648
6 10 -2147483648
6 11 0
6 12 0
6 13 0
6 14 -2147483648
6 15 -2147483648
6 16 0
6 17 0
6 18 0
6 19 -2147483648
7 0 -2147483648
7 1 -2147483648
7 2 0
7 3 2
7 4 -2147483648
7 5 -2147483648
7 6 -2147483648
7 8 -2147483648
7 9 -2147483648
7 10 0
7 11 -2147483648
7 12 0
7 13 -2147483648
7 14 0
7 15 0
7 16 -2147483648
7 17 -2147483648
7 18 0
7 19 1
8 0 0
8 1 -2147483648
8 2 -2147483648
8 3 -2147483648
8 4 -2147483648
8 5 0
8 6 4
8 7 -2147483648
8 9 -2147483648
8 10 -2147483648
8 11 -2147483648
8 12 -2147483648
8 13 -2147483648
8 14 -2147483648
8 15 0
8 16 -2147483648
8 17 -2147483648
8 18 0
8 19 -2147483648
9 0 -2147483648
9 1 -2147483648
9 2 0
9 3 0
9 4 -2147483648
9 5 0
9 6 -2147483648
9 7 -2147483648
9 8 -2147483648
9 10 2
9 11 -2147483648
9 12 0
9 13 -2147483648
9 14 0
9 15 0
9 16 -2147483648
9 17 0
9 18 0
9 19 0
10 0 -2147483648
10 1 -2147483648
10 2 0
10 3 0
10 4 0
10 5 0
10 6 -2147483648
10 7 0
10 8 -2147483648
10 9 2
10 11 0
10 12 0
10 13 0
10 14 -2147483648
10 15 -2147483648
10 16 0
10 17 0
10 18 0
10 19 -2147483648
11 0 -2147483648
11 1 -2147483648
11 2 -2147483648
11 3 -2147483648
11 4 -2147483648
11 5 -2147483648
11 6 0
11 7 -2147483648
11 8 -2147483648
11 9 -2147483648
11 10 0
11 12 -2147483648
11 13 -2147483648
11 14 -2147483648
11 15 -2147483648
11 16 -2147483648
11 17 -2147483648
11 18 -2147483648
11 19 0
12 0 0
12 1 -2147483648
12 2 -2147483648
12 3 -2147483648
12 4 3
12 5 0
12 6 0
12 7 0
12 8 -2147483648
12 9 0
12 10 0
12 11 -2147483648
12 13 -2147483648
12 14 0
12 15 0
12 16 0
12 17 -2147483648
12 18 0
12 19 -2147483648
13 0 -2147483648
13 1 -2147483648
13 2 -2147483648
13 3 -2147483648
13 4 -2147483648
13 5 -2147483648
13 6 0
13 7 -2147483648
13 8 -2147483648
13 9 -2147483648
13 10 0
13 11 -2147483648
13 12 -2147483648
13 14 0
13 15 0
13 16 -2147483648
13 17 -2147483648
13 18 0
13 19 0
14 0 0
14 1 -2147483648
14 2 0
14 3 0
14 4 -2147483648
14 5 0
14 6 -2147483648
14 7 0
14 8 -2147483648
14 9 0
14 10 -2147483648
14 11 -2147483648
14 12 0
14 13 0
14 15 -2147483648
14 16 -2147483648
14 17 0
14 18 2
14 19 -2147483648
15 0 -2147483648
15 1 0
15 2 0
15 3 0
15 4 -2147483648
15 5 -2147483648
15 6 -2147483648
15 7 0
15 8 0
15 9 0
15 10 -2147483648
15 11 -2147483648
15 12 0
15 13 0
15 14 -2147483648
15 16 -2147483648
15 17 0
15 18 1
15 19 1
16 0 -2147483648
16 1 -2147483648
16 2 0
16 3 -2147483648
16 4 -2147483648
16 5 -2147483648
16 6 0
16 7 -2147483648
16 8 -2147483648
16 9 -2147483648
16 10 0
16 11 -2147483648
16 12 0
16 13 -2147483648
16 14 -2147483648
16 15 -2147483648
16 17 -2147483648
16 18 -2147483648
16 19 0
17 0 0
17 1 0
17 2 -2147483648
17 3 -2147483648
17 4 -2147483648
17 5 0
17 6 0
17 7 -2147483648
17 8 -2147483648
17 9 0
17 10 0
17 11 -2147483648
17 12 -2147483648
17 13 -2147483648
17 14 0
17 15 0
17 16 -2147483648
17 18 0
17 19 -2147483648
18 0 0
18 1 -2147483648
18 2 0
18 3 0
18 4 -2147483648
18 5 0
18 6 0
18 7 0
18 8 0
18 9 0
18 10 0
18 11 -2147483648
18 12 0
18 13 0
18 14 2
18 15 1
18 16 -2147483648
18 17 0
18 19 0
19 0 0
19 1 -2147483648
19 2 -2147483648
19 3 3
19 4 -2147483648
19 5 0
19 6 -2147483648
19 7 1
19 8 -2147483648
19 9 0
19 10 -2147483648
19 11 0
19 12 -2147483648
19 13 0
19 14 -2147483648
19 15 1
19 16 0
19 17 -2147483648
19 18 0
