17 18 16 31 38 37 36 35 
5 4 17 18 16 31 38 37 
10 11 8 7 14 33 34 13 
8 7 14 33 34 13 12 11 
23 24 26 27 28 29 38 37 36 35 
7 14 33 32 37 36 35 34 
18 16 31 32 
11 8 7 6 15 17 20 19 27 
2 1 23 24 
17 18 16 31 38 37 36 35 
5 4 17 18 16 31 38 37 
10 11 8 7 14 33 34 13 
8 7 14 33 34 13 12 11 
23 24 26 27 28 29 38 37 36 35 
7 14 33 32 37 36 35 34 
18 16 31 32 
11 8 7 6 15 17 20 19 27 
2 1 23 24 
17 18 16 31 38 37 36 35 
5 4 17 18 16 31 38 37 
10 11 8 7 14 33 34 13 
8 7 14 33 34 13 12 11 
23 24 26 27 28 29 38 37 36 35 
7 14 33 32 37 36 35 34 
18 16 31 32 
11 8 7 6 15 17 20 19 27 
2 1 23 24 
17 18 16 31 38 37 36 35 
5 4 17 18 16 31 38 37 
10 11 8 7 14 33 34 13 
8 7 14 33 34 13 12 11 
23 24 26 27 28 29 38 37 36 35 
7 14 33 32 37 36 35 34 
18 16 31 32 
11 8 7 6 15 17 20 19 27 
2 1 23 24 
17 18 16 31 38 37 36 35 
5 4 17 18 16 31 38 37 
10 11 8 7 14 33 34 13 
8 7 14 33 34 13 12 11 
23 24 26 27 28 29 38 37 36 35 
7 14 33 32 37 36 35 34 
18 16 31 32 
11 8 7 6 15 17 20 19 27 
2 1 23 24 
17 18 16 31 38 37 36 35 
5 4 17 18 16 31 38 37 
10 11 8 7 14 33 34 13 
8 7 14 33 34 13 12 11 
23 24 26 27 28 29 38 37 36 35 
7 14 33 32 37 36 35 34 
18 16 31 32 
11 8 7 6 15 17 20 19 27 
2 1 23 24 
17 18 16 31 38 37 36 35 
5 4 17 18 16 31 38 37 
10 11 8 7 14 33 34 13 
8 7 14 33 34 13 12 11 
23 24 26 27 28 29 38 37 36 35 
7 14 33 32 37 36 35 34 
18 16 31 32 
11 8 7 6 15 17 20 19 27 
2 1 23 24 
