0 1 8
0 2 -2147483648
0 3 -2147483648
0 4 0
0 5 -2147483648
0 6 2
0 7 0
0 8 -2147483648
0 9 -2147483648
1 0 8
1 2 -2147483648
1 3 -2147483648
1 4 0
1 5 -2147483648
1 6 2
1 7 0
1 8 -2147483648
1 9 -2147483648
2 0 -2147483648
2 1 -2147483648
2 3 6
2 4 2
2 5 0
2 6 -2147483648
2 7 -2147483648
2 8 0
2 9 0
3 0 -2147483648
3 1 -2147483648
3 2 6
3 4 1
3 5 0
3 6 0
3 7 -2147483648
3 8 0
3 9 0
4 0 0
4 1 0
4 2 2
4 3 1
4 5 0
4 6 -2147483648
4 7 -2147483648
4 8 0
4 9 0
5 0 -2147483648
5 1 -2147483648
5 2 0
5 3 0
5 4 0
5 6 2
5 7 0
5 8 -2147483648
5 9 -2147483648
6 0 2
6 1 2
6 2 -2147483648
6 3 0
6 4 -2147483648
6 5 2
6 7 -2147483648
6 8 -2147483648
6 9 -2147483648
7 0 0
7 1 0
7 2 -2147483648
7 3 -2147483648
7 4 -2147483648
7 5 0
7 6 -2147483648
7 8 0
7 9 0
8 0 -2147483648
8 1 -2147483648
8 2 0
8 3 0
8 4 0
8 5 -2147483648
8 6 -2147483648
8 7 0
8 9 -2147483648
9 0 -2147483648
9 1 -2147483648
9 2 0
9 3 0
9 4 0
9 5 -2147483648
9 6 -2147483648
9 7 0
9 8 -2147483648
