0 1 5
0 2 0
0 3 0
0 4 3
0 5 2
0 6 -2147483648
0 7 -2147483648
0 8 0
1 0 5
1 2 0
1 3 0
1 4 1
1 5 0
1 6 -2147483648
1 7 -2147483648
1 8 0
2 0 0
2 1 0
2 3 5
2 4 0
2 5 -2147483648
2 6 0
2 7 -2147483648
2 8 0
3 0 0
3 1 0
3 2 5
3 4 0
3 5 -2147483648
3 6 0
3 7 -2147483648
3 8 0
4 0 3
4 1 1
4 2 0
4 3 0
4 5 2
4 6 0
4 7 0
4 8 1
5 0 2
5 1 0
5 2 -2147483648
5 3 -2147483648
5 4 2
5 6 0
5 7 -2147483648
5 8 0
6 0 -2147483648
6 1 -2147483648
6 2 0
6 3 0
6 4 0
6 5 0
6 7 0
6 8 0
7 0 -2147483648
7 1 -2147483648
7 2 -2147483648
7 3 -2147483648
7 4 0
7 5 -2147483648
7 6 0
7 8 0
8 0 0
8 1 0
8 2 0
8 3 0
8 4 1
8 5 0
8 6 0
8 7 0
