0 1 4
0 2 0
0 3 1
0 4 0
0 5 0
0 6 3
0 7 2
0 8 -2147483648
0 9 -2147483648
1 0 4
1 2 2
1 3 3
1 4 2
1 5 2
1 6 3
1 7 2
1 8 -2147483648
1 9 -2147483648
2 0 0
2 1 2
2 3 4
2 4 4
2 5 3
2 6 0
2 7 0
2 8 3
2 9 1
3 0 1
3 1 3
3 2 4
3 4 4
3 5 3
3 6 0
3 7 0
3 8 2
3 9 1
4 0 0
4 1 2
4 2 4
4 3 4
4 5 4
4 6 -2147483648
4 7 -2147483648
4 8 2
4 9 1
5 0 0
5 1 2
5 2 3
5 3 3
5 4 4
5 6 -2147483648
5 7 -2147483648
5 8 1
5 9 1
6 0 3
6 1 3
6 2 0
6 3 0
6 4 -2147483648
6 5 -2147483648
6 7 3
6 8 -2147483648
6 9 -2147483648
7 0 2
7 1 2
7 2 0
7 3 0
7 4 -2147483648
7 5 -2147483648
7 6 3
7 8 -2147483648
7 9 -2147483648
8 0 -2147483648
8 1 -2147483648
8 2 3
8 3 2
8 4 2
8 5 1
8 6 -2147483648
8 7 -2147483648
8 9 2
9 0 -2147483648
9 1 -2147483648
9 2 1
9 3 1
9 4 1
9 5 1
9 6 -2147483648
9 7 -2147483648
9 8 2
