0 1 0
0 2 0
0 3 0
0 4 0
0 5 0
0 6 0
0 7 -2147483648
0 8 0
0 9 0
0 10 -2147483648
0 11 -2147483648
0 12 -2147483648
0 13 0
0 14 -2147483648
1 0 0
1 2 0
1 3 0
1 4 0
1 5 -2147483648
1 6 0
1 7 -2147483648
1 8 0
1 9 0
1 10 0
1 11 0
1 12 -2147483648
1 13 0
1 14 0
2 0 0
2 1 0
2 3 -2147483648
2 4 -2147483648
2 5 -2147483648
2 6 -2147483648
2 7 -2147483648
2 8 -2147483648
2 9 -2147483648
2 10 -2147483648
2 11 -2147483648
2 12 -2147483648
2 13 -2147483648
2 14 -2147483648
3 0 0
3 1 0
3 2 -2147483648
3 4 -2147483648
3 5 -2147483648
3 6 -2147483648
3 7 -2147483648
3 8 -2147483648
3 9 -2147483648
3 10 0
3 11 -2147483648
3 12 2
3 13 -2147483648
3 14 -2147483648
4 0 0
4 1 0
4 2 -2147483648
4 3 -2147483648
4 5 0
4 6 -2147483648
4 7 0
4 8 -2147483648
4 9 -2147483648
4 10 0
4 11 -2147483648
4 12 0
4 13 -2147483648
4 14 -2147483648
5 0 0
5 1 -2147483648
5 2 -2147483648
5 3 -2147483648
5 4 0
5 6 0
5 7 0
5 8 -2147483648
5 9 0
5 10 0
5 11 0
5 12 -2147483648
5 13 -2147483648
5 14 0
6 0 0
6 1 0
6 2 -2147483648
6 3 -2147483648
6 4 -2147483648
6 5 0
6 7 -2147483648
6 8 -2147483648
6 9 -2147483648
6 10 0
6 11 -2147483648
6 12 0
6 13 -2147483648
6 14 -2147483648
7 0 -2147483648
7 1 -2147483648
7 2 -2147483648
7 3 -2147483648
7 4 0
7 5 0
7 6 -2147483648
7 8 0
7 9 -2147483648
7 10 -2147483648
7 11 -2147483648
7 12 -2147483648
7 13 -2147483648
7 14 -2147483648
8 0 0
8 1 0
8 2 -2147483648
8 3 -2147483648
8 4 -2147483648
8 5 -2147483648
8 6 -2147483648
8 7 0
8 9 -2147483648
8 10 -2147483648
8 11 -2147483648
8 12 0
8 13 -2147483648
8 14 -2147483648
9 0 0
9 1 0
9 2 -2147483648
9 3 -2147483648
9 4 -2147483648
9 5 0
9 6 -2147483648
9 7 -2147483648
9 8 -2147483648
9 10 0
9 11 -2147483648
9 12 0
9 13 -2147483648
9 14 4
10 0 -2147483648
10 1 0
10 2 -2147483648
10 3 0
10 4 0
10 5 0
10 6 0
10 7 -2147483648
10 8 -2147483648
10 9 0
10 11 -2147483648
10 12 0
10 13 -2147483648
10 14 -2147483648
11 0 -2147483648
11 1 0
11 2 -2147483648
11 3 -2147483648
11 4 -2147483648
11 5 0
11 6 -2147483648
11 7 -2147483648
11 8 -2147483648
11 9 -2147483648
11 10 -2147483648
11 12 -2147483648
11 13 -2147483648
11 14 -2147483648
12 0 -2147483648
12 1 -2147483648
12 2 -2147483648
12 3 2
12 4 0
12 5 -2147483648
12 6 0
12 7 -2147483648
12 8 0
12 9 0
12 10 0
12 11 -2147483648
12 13 -2147483648
12 14 0
13 0 0
13 1 0
13 2 -2147483648
13 3 -2147483648
13 4 -2147483648
13 5 -2147483648
13 6 -2147483648
13 7 -2147483648
13 8 -2147483648
13 9 -2147483648
13 10 -2147483648
13 11 -2147483648
13 12 -2147483648
13 14 -2147483648
14 0 -2147483648
14 1 0
14 2 -2147483648
14 3 -2147483648
14 4 -2147483648
14 5 0
14 6 -2147483648
14 7 -2147483648
14 8 -2147483648
14 9 4
14 10 -2147483648
14 11 -2147483648
14 12 0
14 13 -2147483648
