0 1 0
0 2 -2147483648
0 3 0
0 4 0
0 5 -2147483648
0 6 0
0 7 0
0 8 -2147483648
0 9 -2147483648
0 10 0
0 11 0
0 12 -2147483648
0 13 -2147483648
0 14 -2147483648
1 0 0
1 2 -2147483648
1 3 -2147483648
1 4 -2147483648
1 5 0
1 6 -2147483648
1 7 -2147483648
1 8 0
1 9 0
1 10 -2147483648
1 11 -2147483648
1 12 0
1 13 0
1 14 0
2 0 -2147483648
2 1 -2147483648
2 3 0
2 4 0
2 5 -2147483648
2 6 -2147483648
2 7 0
2 8 -2147483648
2 9 -2147483648
2 10 0
2 11 0
2 12 -2147483648
2 13 -2147483648
2 14 0
3 0 0
3 1 -2147483648
3 2 0
3 4 -2147483648
3 5 0
3 6 -2147483648
3 7 -2147483648
3 8 0
3 9 0
3 10 -2147483648
3 11 -2147483648
3 12 0
3 13 0
3 14 0
4 0 0
4 1 -2147483648
4 2 0
4 3 -2147483648
4 5 0
4 6 -2147483648
4 7 -2147483648
4 8 -2147483648
4 9 0
4 10 -2147483648
4 11 -2147483648
4 12 0
4 13 0
4 14 -2147483648
5 0 -2147483648
5 1 0
5 2 -2147483648
5 3 0
5 4 0
5 6 0
5 7 0
5 8 -2147483648
5 9 1
5 10 0
5 11 0
5 12 -2147483648
5 13 5
5 14 -2147483648
6 0 0
6 1 -2147483648
6 2 -2147483648
6 3 -2147483648
6 4 -2147483648
6 5 0
6 7 -2147483648
6 8 0
6 9 0
6 10 -2147483648
6 11 -2147483648
6 12 0
6 13 0
6 14 0
7 0 0
7 1 -2147483648
7 2 0
7 3 -2147483648
7 4 -2147483648
7 5 0
7 6 -2147483648
7 8 0
7 9 0
7 10 -2147483648
7 11 -2147483648
7 12 0
7 13 0
7 14 0
8 0 -2147483648
8 1 0
8 2 -2147483648
8 3 0
8 4 -2147483648
8 5 -2147483648
8 6 0
8 7 0
8 9 0
8 10 0
8 11 0
8 12 4
8 13 -2147483648
8 14 -2147483648
9 0 -2147483648
9 1 0
9 2 -2147483648
9 3 0
9 4 0
9 5 1
9 6 0
9 7 0
9 8 0
9 10 0
9 11 0
9 12 0
9 13 -2147483648
9 14 0
10 0 0
10 1 -2147483648
10 2 0
10 3 -2147483648
10 4 -2147483648
10 5 0
10 6 -2147483648
10 7 -2147483648
10 8 0
10 9 0
10 11 0
10 12 0
10 13 0
10 14 0
11 0 0
11 1 -2147483648
11 2 0
11 3 -2147483648
11 4 -2147483648
11 5 0
11 6 -2147483648
11 7 -2147483648
11 8 0
11 9 0
11 10 0
11 12 0
11 13 0
11 14 0
12 0 -2147483648
12 1 0
12 2 -2147483648
12 3 0
12 4 0
12 5 -2147483648
12 6 0
12 7 0
12 8 4
12 9 0
12 10 0
12 11 0
12 13 -2147483648
12 14 2
13 0 -2147483648
13 1 0
13 2 -2147483648
13 3 0
13 4 0
13 5 5
13 6 0
13 7 0
13 8 -2147483648
13 9 -2147483648
13 10 0
13 11 0
13 12 -2147483648
13 14 -2147483648
14 0 -2147483648
14 1 0
14 2 0
14 3 0
14 4 -2147483648
14 5 -2147483648
14 6 0
14 7 0
14 8 -2147483648
14 9 0
14 10 0
14 11 0
14 12 2
14 13 -2147483648
