0 1 -2147483648
0 2 -2147483648
0 3 0
0 4 -2147483648
0 5 -2147483648
0 6 -2147483648
0 7 1
0 8 0
0 9 -2147483648
0 10 -2147483648
0 11 2
0 12 -2147483648
0 13 0
0 14 -2147483648
0 15 -2147483648
1 0 -2147483648
1 2 -2147483648
1 3 -2147483648
1 4 -2147483648
1 5 0
1 6 -2147483648
1 7 0
1 8 -2147483648
1 9 2
1 10 2
1 11 0
1 12 -2147483648
1 13 -2147483648
1 14 -2147483648
1 15 -2147483648
2 0 -2147483648
2 1 -2147483648
2 3 0
2 4 -2147483648
2 5 0
2 6 -2147483648
2 7 0
2 8 0
2 9 -2147483648
2 10 0
2 11 0
2 12 -2147483648
2 13 0
2 14 0
2 15 0
3 0 0
3 1 -2147483648
3 2 0
3 4 0
3 5 0
3 6 0
3 7 -2147483648
3 8 0
3 9 0
3 10 0
3 11 0
3 12 -2147483648
3 13 0
3 14 -2147483648
3 15 0
4 0 -2147483648
4 1 -2147483648
4 2 -2147483648
4 3 0
4 5 0
4 6 -2147483648
4 7 0
4 8 2
4 9 -2147483648
4 10 -2147483648
4 11 0
4 12 -2147483648
4 13 -2147483648
4 14 -2147483648
4 15 -2147483648
5 0 -2147483648
5 1 0
5 2 0
5 3 0
5 4 0
5 6 -2147483648
5 7 -2147483648
5 8 -2147483648
5 9 0
5 10 -2147483648
5 11 -2147483648
5 12 0
5 13 0
5 14 -2147483648
5 15 -2147483648
6 0 -2147483648
6 1 -2147483648
6 2 -2147483648
6 3 0
6 4 -2147483648
6 5 -2147483648
6 7 0
6 8 -2147483648
6 9 -2147483648
6 10 -2147483648
6 11 1
6 12 -2147483648
6 13 0
6 14 -2147483648
6 15 -2147483648
7 0 1
7 1 0
7 2 0
7 3 -2147483648
7 4 0
7 5 -2147483648
7 6 0
7 8 -2147483648
7 9 0
7 10 -2147483648
7 11 2
7 12 -2147483648
7 13 0
7 14 3
7 15 -2147483648
8 0 0
8 1 -2147483648
8 2 0
8 3 0
8 4 2
8 5 -2147483648
8 6 -2147483648
8 7 -2147483648
8 9 -2147483648
8 10 -2147483648
8 11 -2147483648
8 12 0
8 13 0
8 14 -2147483648
8 15 -2147483648
9 0 -2147483648
9 1 2
9 2 -2147483648
9 3 0
9 4 -2147483648
9 5 0
9 6 -2147483648
9 7 0
9 8 -2147483648
9 10 2
9 11 0
9 12 -2147483648
9 13 -2147483648
9 14 -2147483648
9 15 -2147483648
10 0 -2147483648
10 1 2
10 2 0
10 3 0
10 4 -2147483648
10 5 -2147483648
10 6 -2147483648
10 7 -2147483648
10 8 -2147483648
10 9 2
10 11 -2147483648
10 12 -2147483648
10 13 0
10 14 -2147483648
10 15 -2147483648
11 0 2
11 1 0
11 2 0
11 3 0
11 4 0
11 5 -2147483648
11 6 1
11 7 2
11 8 -2147483648
11 9 0
11 10 -2147483648
11 12 -2147483648
11 13 0
11 14 -2147483648
11 15 -2147483648
12 0 -2147483648
12 1 -2147483648
12 2 -2147483648
12 3 -2147483648
12 4 -2147483648
12 5 0
12 6 -2147483648
12 7 -2147483648
12 8 0
12 9 -2147483648
12 10 -2147483648
12 11 -2147483648
12 13 0
12 14 -2147483648
12 15 0
13 0 0
13 1 -2147483648
13 2 0
13 3 0
13 4 -2147483648
13 5 0
13 6 0
13 7 0
13 8 0
13 9 -2147483648
13 10 0
13 11 0
13 12 0
13 14 -2147483648
13 15 0
14 0 -2147483648
14 1 -2147483648
14 2 0
14 3 -2147483648
14 4 -2147483648
14 5 -2147483648
14 6 -2147483648
14 7 3
14 8 -2147483648
14 9 -2147483648
14 10 -2147483648
14 11 -2147483648
14 12 -2147483648
14 13 -2147483648
14 15 -2147483648
15 0 -2147483648
15 1 -2147483648
15 2 0
15 3 0
15 4 -2147483648
15 5 -2147483648
15 6 -2147483648
15 7 -2147483648
15 8 -2147483648
15 9 -2147483648
15 10 -2147483648
15 11 -2147483648
15 12 0
15 13 0
15 14 -2147483648
