6 11 12 10 13 
2 3 1 6 11 13 
5 4 14 12 11 
4 2 3 9 8 
7 6 11 12 10 9 
2 1 3 9 
2 4 7 6 11 12 
2 1 6 
3 1 6 11 12 14 
7 4 14 12 
4 7 8 9 
7 6 1 3 9 
7 4 5 10 12 14 
4 14 12 11 
7 8 9 10 12 11 
4 7 8 9 10 12 
5 10 13 
5 10 12 
3 2 4 14 12 11 
9 3 1 6 11 12 
3 2 1 6 7 4 
2 4 5 10 9 
1 6 11 12 10 
3 9 8 7 6 
4 2 3 1 6 
6 11 12 10 13 
2 3 1 6 11 13 
5 4 14 12 11 
4 2 3 9 8 
7 6 11 12 10 9 
2 1 3 9 
2 4 7 6 11 12 
2 1 6 
3 1 6 11 12 14 
7 4 14 12 
4 7 8 9 
7 6 1 3 9 
7 4 5 10 12 14 
4 14 12 11 
7 8 9 10 12 11 
4 7 8 9 10 12 
5 10 13 
5 10 12 
3 2 4 14 12 11 
9 3 1 6 11 12 
3 2 1 6 7 4 
2 4 5 10 9 
1 6 11 12 10 
3 9 8 7 6 
4 2 3 1 6 
6 11 12 10 13 
2 3 1 6 11 13 
5 4 14 12 11 
4 2 3 9 8 
7 6 11 12 10 9 
2 1 3 9 
2 4 7 6 11 12 
2 1 6 
3 1 6 11 12 14 
7 4 14 12 
4 7 8 9 
7 6 1 3 9 
7 4 5 10 12 14 
4 14 12 11 
7 8 9 10 12 11 
4 7 8 9 10 12 
5 10 13 
5 10 12 
3 2 4 14 12 11 
9 3 1 6 11 12 
3 2 1 6 7 4 
2 4 5 10 9 
1 6 11 12 10 
3 9 8 7 6 
4 2 3 1 6 
