0 1 3
0 2 -2147483648
0 3 1
0 4 1
0 5 2
0 6 0
0 7 0
0 8 -2147483648
0 9 -2147483648
0 10 0
0 11 0
0 12 -2147483648
0 13 -2147483648
0 14 0
0 15 -2147483648
0 16 -2147483648
0 17 0
0 18 -2147483648
0 19 -2147483648
0 20 0
0 21 -2147483648
0 22 -2147483648
0 23 0
1 0 3
1 2 -2147483648
1 3 2
1 4 0
1 5 1
1 6 0
1 7 0
1 8 0
1 9 -2147483648
1 10 0
1 11 0
1 12 -2147483648
1 13 -2147483648
1 14 0
1 15 0
1 16 -2147483648
1 17 0
1 18 -2147483648
1 19 -2147483648
1 20 0
1 21 0
1 22 0
1 23 0
2 0 -2147483648
2 1 -2147483648
2 3 3
2 4 0
2 5 -2147483648
2 6 -2147483648
2 7 -2147483648
2 8 -2147483648
2 9 0
2 10 -2147483648
2 11 -2147483648
2 12 0
2 13 -2147483648
2 14 -2147483648
2 15 0
2 16 -2147483648
2 17 0
2 18 1
2 19 0
2 20 -2147483648
2 21 0
2 22 0
2 23 -2147483648
3 0 1
3 1 2
3 2 3
3 4 0
3 5 -2147483648
3 6 -2147483648
3 7 -2147483648
3 8 -2147483648
3 9 -2147483648
3 10 -2147483648
3 11 -2147483648
3 12 -2147483648
3 13 -2147483648
3 14 -2147483648
3 15 0
3 16 -2147483648
3 17 0
3 18 0
3 19 0
3 20 -2147483648
3 21 0
3 22 0
3 23 -2147483648
4 0 1
4 1 0
4 2 0
4 3 0
4 5 3
4 6 0
4 7 0
4 8 -2147483648
4 9 -2147483648
4 10 0
4 11 0
4 12 0
4 13 0
4 14 0
4 15 -2147483648
4 16 0
4 17 0
4 18 -2147483648
4 19 -2147483648
4 20 0
4 21 -2147483648
4 22 -2147483648
4 23 0
5 0 2
5 1 1
5 2 -2147483648
5 3 -2147483648
5 4 3
5 6 -2147483648
5 7 -2147483648
5 8 -2147483648
5 9 -2147483648
5 10 -2147483648
5 11 -2147483648
5 12 -2147483648
5 13 -2147483648
5 14 -2147483648
5 15 -2147483648
5 16 0
5 17 0
5 18 -2147483648
5 19 -2147483648
5 20 -2147483648
5 21 -2147483648
5 22 -2147483648
5 23 0
6 0 0
6 1 0
6 2 -2147483648
6 3 -2147483648
6 4 0
6 5 -2147483648
6 7 3
6 8 -2147483648
6 9 -2147483648
6 10 -2147483648
6 11 -2147483648
6 12 -2147483648
6 13 -2147483648
6 14 -2147483648
6 15 -2147483648
6 16 1
6 17 2
6 18 0
6 19 -2147483648
6 20 3
6 21 -2147483648
6 22 0
6 23 2
7 0 0
7 1 0
7 2 -2147483648
7 3 -2147483648
7 4 0
7 5 -2147483648
7 6 3
7 8 -2147483648
7 9 -2147483648
7 10 -2147483648
7 11 -2147483648
7 12 -2147483648
7 13 -2147483648
7 14 -2147483648
7 15 -2147483648
7 16 -2147483648
7 17 -2147483648
7 18 0
7 19 1
7 20 3
7 21 1
7 22 0
7 23 2
8 0 -2147483648
8 1 0
8 2 -2147483648
8 3 -2147483648
8 4 -2147483648
8 5 -2147483648
8 6 -2147483648
8 7 -2147483648
8 9 3
8 10 -2147483648
8 11 -2147483648
8 12 -2147483648
8 13 -2147483648
8 14 -2147483648
8 15 1
8 16 0
8 17 0
8 18 2
8 19 1
8 20 -2147483648
8 21 -2147483648
8 22 2
8 23 -2147483648
9 0 -2147483648
9 1 -2147483648
9 2 0
9 3 -2147483648
9 4 -2147483648
9 5 -2147483648
9 6 -2147483648
9 7 -2147483648
9 8 3
9 10 -2147483648
9 11 -2147483648
9 12 -2147483648
9 13 -2147483648
9 14 -2147483648
9 15 -2147483648
9 16 -2147483648
9 17 -2147483648
9 18 -2147483648
9 19 -2147483648
9 20 -2147483648
9 21 -2147483648
9 22 2
9 23 0
10 0 0
10 1 0
10 2 -2147483648
10 3 -2147483648
10 4 0
10 5 -2147483648
10 6 -2147483648
10 7 -2147483648
10 8 -2147483648
10 9 -2147483648
10 11 3
10 12 1
10 13 1
10 14 -2147483648
10 15 0
10 16 -2147483648
10 17 -2147483648
10 18 0
10 19 -2147483648
10 20 -2147483648
10 21 -2147483648
10 22 0
10 23 -2147483648
11 0 0
11 1 0
11 2 -2147483648
11 3 -2147483648
11 4 0
11 5 -2147483648
11 6 -2147483648
11 7 -2147483648
11 8 -2147483648
11 9 -2147483648
11 10 3
11 12 2
11 13 2
11 14 -2147483648
11 15 -2147483648
11 16 -2147483648
11 17 -2147483648
11 18 0
11 19 -2147483648
11 20 -2147483648
11 21 -2147483648
11 22 0
11 23 -2147483648
12 0 -2147483648
12 1 -2147483648
12 2 0
12 3 -2147483648
12 4 0
12 5 -2147483648
12 6 -2147483648
12 7 -2147483648
12 8 -2147483648
12 9 -2147483648
12 10 1
12 11 2
12 13 3
12 14 -2147483648
12 15 -2147483648
12 16 -2147483648
12 17 -2147483648
12 18 1
12 19 1
12 20 -2147483648
12 21 0
12 22 0
12 23 0
13 0 -2147483648
13 1 -2147483648
13 2 -2147483648
13 3 -2147483648
13 4 0
13 5 -2147483648
13 6 -2147483648
13 7 -2147483648
13 8 -2147483648
13 9 -2147483648
13 10 1
13 11 2
13 12 3
13 14 -2147483648
13 15 0
13 16 0
13 17 0
13 18 -2147483648
13 19 1
13 20 -2147483648
13 21 0
13 22 0
13 23 0
14 0 0
14 1 0
14 2 -2147483648
14 3 -2147483648
14 4 0
14 5 -2147483648
14 6 -2147483648
14 7 -2147483648
14 8 -2147483648
14 9 -2147483648
14 10 -2147483648
14 11 -2147483648
14 12 -2147483648
14 13 -2147483648
14 15 2
14 16 -2147483648
14 17 -2147483648
14 18 0
14 19 0
14 20 -2147483648
14 21 0
14 22 0
14 23 -2147483648
15 0 -2147483648
15 1 0
15 2 0
15 3 0
15 4 -2147483648
15 5 -2147483648
15 6 -2147483648
15 7 -2147483648
15 8 1
15 9 -2147483648
15 10 0
15 11 -2147483648
15 12 -2147483648
15 13 0
15 14 2
15 16 -2147483648
15 17 -2147483648
15 18 1
15 19 2
15 20 0
15 21 -2147483648
15 22 1
15 23 0
16 0 -2147483648
16 1 -2147483648
16 2 -2147483648
16 3 -2147483648
16 4 0
16 5 0
16 6 1
16 7 -2147483648
16 8 0
16 9 -2147483648
16 10 -2147483648
16 11 -2147483648
16 12 -2147483648
16 13 0
16 14 -2147483648
16 15 -2147483648
16 17 2
16 18 0
16 19 1
16 20 1
16 21 1
16 22 0
16 23 1
17 0 0
17 1 0
17 2 0
17 3 0
17 4 0
17 5 0
17 6 2
17 7 -2147483648
17 8 0
17 9 -2147483648
17 10 -2147483648
17 11 -2147483648
17 12 -2147483648
17 13 0
17 14 -2147483648
17 15 -2147483648
17 16 2
17 18 0
17 19 -2147483648
17 20 1
17 21 -2147483648
17 22 0
17 23 1
18 0 -2147483648
18 1 -2147483648
18 2 1
18 3 0
18 4 -2147483648
18 5 -2147483648
18 6 0
18 7 0
18 8 2
18 9 -2147483648
18 10 0
18 11 0
18 12 1
18 13 -2147483648
18 14 0
18 15 1
18 16 0
18 17 0
18 19 2
18 20 0
18 21 -2147483648
18 22 2
18 23 0
19 0 -2147483648
19 1 -2147483648
19 2 0
19 3 0
19 4 -2147483648
19 5 -2147483648
19 6 -2147483648
19 7 1
19 8 1
19 9 -2147483648
19 10 -2147483648
19 11 -2147483648
19 12 1
19 13 1
19 14 0
19 15 2
19 16 1
19 17 -2147483648
19 18 2
19 20 1
19 21 -2147483648
19 22 1
19 23 1
20 0 0
20 1 0
20 2 -2147483648
20 3 -2147483648
20 4 0
20 5 -2147483648
20 6 3
20 7 3
20 8 -2147483648
20 9 -2147483648
20 10 -2147483648
20 11 -2147483648
20 12 -2147483648
20 13 -2147483648
20 14 -2147483648
20 15 0
20 16 1
20 17 1
20 18 0
20 19 1
20 21 1
20 22 0
20 23 2
21 0 -2147483648
21 1 0
21 2 0
21 3 0
21 4 -2147483648
21 5 -2147483648
21 6 -2147483648
21 7 1
21 8 -2147483648
21 9 -2147483648
21 10 -2147483648
21 11 -2147483648
21 12 0
21 13 0
21 14 0
21 15 -2147483648
21 16 1
21 17 -2147483648
21 18 -2147483648
21 19 -2147483648
21 20 1
21 22 -2147483648
21 23 1
22 0 -2147483648
22 1 0
22 2 0
22 3 0
22 4 -2147483648
22 5 -2147483648
22 6 0
22 7 0
22 8 2
22 9 2
22 10 0
22 11 0
22 12 0
22 13 0
22 14 0
22 15 1
22 16 0
22 17 0
22 18 2
22 19 1
22 20 0
22 21 -2147483648
22 23 0
23 0 0
23 1 0
23 2 -2147483648
23 3 -2147483648
23 4 0
23 5 0
23 6 2
23 7 2
23 8 -2147483648
23 9 0
23 10 -2147483648
23 11 -2147483648
23 12 0
23 13 0
23 14 -2147483648
23 15 0
23 16 1
23 17 1
23 18 0
23 19 1
23 20 2
23 21 1
23 22 0
