0 1 3
0 2 -2147483648
0 3 -2147483648
0 4 -2147483648
0 5 -2147483648
0 6 0
0 7 0
0 8 -2147483648
0 9 -2147483648
0 10 -2147483648
0 11 1
0 12 0
0 13 0
0 14 0
0 15 2
0 16 -2147483648
0 17 -2147483648
0 18 0
0 19 0
0 20 -2147483648
0 21 -2147483648
0 22 1
1 0 3
1 2 -2147483648
1 3 -2147483648
1 4 1
1 5 1
1 6 0
1 7 0
1 8 -2147483648
1 9 -2147483648
1 10 1
1 11 1
1 12 0
1 13 0
1 14 0
1 15 2
1 16 -2147483648
1 17 -2147483648
1 18 0
1 19 0
1 20 -2147483648
1 21 -2147483648
1 22 -2147483648
2 0 -2147483648
2 1 -2147483648
2 3 3
2 4 -2147483648
2 5 0
2 6 2
2 7 3
2 8 -2147483648
2 9 -2147483648
2 10 0
2 11 -2147483648
2 12 -2147483648
2 13 -2147483648
2 14 0
2 15 -2147483648
2 16 -2147483648
2 17 -2147483648
2 18 0
2 19 1
2 20 1
2 21 -2147483648
2 22 0
3 0 -2147483648
3 1 -2147483648
3 2 3
3 4 0
3 5 0
3 6 1
3 7 2
3 8 -2147483648
3 9 -2147483648
3 10 0
3 11 -2147483648
3 12 -2147483648
3 13 -2147483648
3 14 0
3 15 -2147483648
3 16 -2147483648
3 17 -2147483648
3 18 0
3 19 0
3 20 1
3 21 -2147483648
3 22 -2147483648
4 0 -2147483648
4 1 1
4 2 -2147483648
4 3 0
4 5 2
4 6 -2147483648
4 7 -2147483648
4 8 0
4 9 0
4 10 -2147483648
4 11 1
4 12 -2147483648
4 13 0
4 14 0
4 15 0
4 16 0
4 17 0
4 18 0
4 19 -2147483648
4 20 0
4 21 0
4 22 0
5 0 -2147483648
5 1 1
5 2 0
5 3 0
5 4 2
5 6 0
5 7 0
5 8 0
5 9 0
5 10 3
5 11 2
5 12 -2147483648
5 13 0
5 14 -2147483648
5 15 0
5 16 0
5 17 0
5 18 -2147483648
5 19 0
5 20 0
5 21 0
5 22 0
6 0 0
6 1 0
6 2 2
6 3 1
6 4 -2147483648
6 5 0
6 7 2
6 8 0
6 9 0
6 10 -2147483648
6 11 0
6 12 1
6 13 -2147483648
6 14 0
6 15 0
6 16 0
6 17 0
6 18 0
6 19 1
6 20 0
6 21 0
6 22 0
7 0 0
7 1 0
7 2 3
7 3 2
7 4 -2147483648
7 5 0
7 6 2
7 8 -2147483648
7 9 0
7 10 0
7 11 -2147483648
7 12 -2147483648
7 13 -2147483648
7 14 0
7 15 0
7 16 -2147483648
7 17 -2147483648
7 18 0
7 19 1
7 20 0
7 21 0
7 22 0
8 0 -2147483648
8 1 -2147483648
8 2 -2147483648
8 3 -2147483648
8 4 0
8 5 0
8 6 0
8 7 -2147483648
8 9 2
8 10 0
8 11 -2147483648
8 12 -2147483648
8 13 -2147483648
8 14 0
8 15 -2147483648
8 16 -2147483648
8 17 3
8 18 0
8 19 -2147483648
8 20 -2147483648
8 21 2
8 22 -2147483648
9 0 -2147483648
9 1 -2147483648
9 2 -2147483648
9 3 -2147483648
9 4 0
9 5 0
9 6 0
9 7 0
9 8 2
9 10 0
9 11 0
9 12 0
9 13 0
9 14 0
9 15 -2147483648
9 16 -2147483648
9 17 2
9 18 0
9 19 0
9 20 -2147483648
9 21 2
9 22 -2147483648
10 0 -2147483648
10 1 1
10 2 0
10 3 0
10 4 -2147483648
10 5 3
10 6 -2147483648
10 7 0
10 8 0
10 9 0
10 11 2
10 12 -2147483648
10 13 0
10 14 -2147483648
10 15 0
10 16 0
10 17 0
10 18 -2147483648
10 19 0
10 20 0
10 21 0
10 22 0
11 0 1
11 1 1
11 2 -2147483648
11 3 -2147483648
11 4 1
11 5 2
11 6 0
11 7 -2147483648
11 8 -2147483648
11 9 0
11 10 2
11 12 -2147483648
11 13 -2147483648
11 14 -2147483648
11 15 0
11 16 -2147483648
11 17 -2147483648
11 18 -2147483648
11 19 0
11 20 0
11 21 0
11 22 0
12 0 0
12 1 0
12 2 -2147483648
12 3 -2147483648
12 4 -2147483648
12 5 -2147483648
12 6 1
12 7 -2147483648
12 8 -2147483648
12 9 0
12 10 -2147483648
12 11 -2147483648
12 13 2
12 14 -2147483648
12 15 0
12 16 1
12 17 -2147483648
12 18 -2147483648
12 19 0
12 20 0
12 21 0
12 22 0
13 0 0
13 1 0
13 2 -2147483648
13 3 -2147483648
13 4 0
13 5 0
13 6 -2147483648
13 7 -2147483648
13 8 -2147483648
13 9 0
13 10 0
13 11 -2147483648
13 12 2
13 14 0
13 15 0
13 16 1
13 17 -2147483648
13 18 0
13 19 0
13 20 0
13 21 0
13 22 0
14 0 0
14 1 0
14 2 0
14 3 0
14 4 0
14 5 -2147483648
14 6 0
14 7 0
14 8 0
14 9 0
14 10 -2147483648
14 11 -2147483648
14 12 -2147483648
14 13 0
14 15 0
14 16 0
14 17 0
14 18 2
14 19 0
14 20 0
14 21 0
14 22 0
15 0 2
15 1 2
15 2 -2147483648
15 3 -2147483648
15 4 0
15 5 0
15 6 0
15 7 0
15 8 -2147483648
15 9 -2147483648
15 10 0
15 11 0
15 12 0
15 13 0
15 14 0
15 16 -2147483648
15 17 -2147483648
15 18 0
15 19 0
15 20 -2147483648
15 21 -2147483648
15 22 1
16 0 -2147483648
16 1 -2147483648
16 2 -2147483648
16 3 -2147483648
16 4 0
16 5 0
16 6 0
16 7 -2147483648
16 8 -2147483648
16 9 -2147483648
16 10 0
16 11 -2147483648
16 12 1
16 13 1
16 14 0
16 15 -2147483648
16 17 -2147483648
16 18 0
16 19 0
16 20 2
16 21 -2147483648
16 22 -2147483648
17 0 -2147483648
17 1 -2147483648
17 2 -2147483648
17 3 -2147483648
17 4 0
17 5 0
17 6 0
17 7 -2147483648
17 8 3
17 9 2
17 10 0
17 11 -2147483648
17 12 -2147483648
17 13 -2147483648
17 14 0
17 15 -2147483648
17 16 -2147483648
17 18 0
17 19 0
17 20 -2147483648
17 21 2
17 22 -2147483648
18 0 0
18 1 0
18 2 0
18 3 0
18 4 0
18 5 -2147483648
18 6 0
18 7 0
18 8 0
18 9 0
18 10 -2147483648
18 11 -2147483648
18 12 -2147483648
18 13 0
18 14 2
18 15 0
18 16 0
18 17 0
18 19 0
18 20 0
18 21 0
18 22 0
19 0 0
19 1 0
19 2 1
19 3 0
19 4 -2147483648
19 5 0
19 6 1
19 7 1
19 8 -2147483648
19 9 0
19 10 0
19 11 0
19 12 0
19 13 0
19 14 0
19 15 0
19 16 0
19 17 0
19 18 0
19 20 0
19 21 0
19 22 0
20 0 -2147483648
20 1 -2147483648
20 2 1
20 3 1
20 4 0
20 5 0
20 6 0
20 7 0
20 8 -2147483648
20 9 -2147483648
20 10 0
20 11 0
20 12 0
20 13 0
20 14 0
20 15 -2147483648
20 16 2
20 17 -2147483648
20 18 0
20 19 0
20 21 -2147483648
20 22 -2147483648
21 0 -2147483648
21 1 -2147483648
21 2 -2147483648
21 3 -2147483648
21 4 0
21 5 0
21 6 0
21 7 0
21 8 2
21 9 2
21 10 0
21 11 0
21 12 0
21 13 0
21 14 0
21 15 -2147483648
21 16 -2147483648
21 17 2
21 18 0
21 19 0
21 20 -2147483648
21 22 -2147483648
22 0 1
22 1 -2147483648
22 2 0
22 3 -2147483648
22 4 0
22 5 0
22 6 0
22 7 0
22 8 -2147483648
22 9 -2147483648
22 10 0
22 11 0
22 12 0
22 13 0
22 14 0
22 15 1
22 16 -2147483648
22 17 -2147483648
22 18 0
22 19 0
22 20 -2147483648
22 21 -2147483648
