0 1 -2147483648
0 2 0
0 3 -2147483648
0 4 0
0 5 0
0 6 0
0 7 -2147483648
0 8 0
0 9 0
0 10 0
0 11 0
0 12 -2147483648
0 13 2
0 14 -2147483648
1 0 -2147483648
1 2 2
1 3 0
1 4 -2147483648
1 5 2
1 6 -2147483648
1 7 -2147483648
1 8 0
1 9 -2147483648
1 10 -2147483648
1 11 -2147483648
1 12 1
1 13 -2147483648
1 14 -2147483648
2 0 0
2 1 2
2 3 0
2 4 0
2 5 3
2 6 0
2 7 0
2 8 1
2 9 -2147483648
2 10 -2147483648
2 11 -2147483648
2 12 2
2 13 0
2 14 0
3 0 -2147483648
3 1 0
3 2 0
3 4 2
3 5 1
3 6 1
3 7 0
3 8 0
3 9 0
3 10 2
3 11 0
3 12 -2147483648
3 13 0
3 14 0
4 0 0
4 1 -2147483648
4 2 0
4 3 2
4 5 1
4 6 3
4 7 0
4 8 0
4 9 0
4 10 1
4 11 0
4 12 -2147483648
4 13 0
4 14 0
5 0 0
5 1 2
5 2 3
5 3 1
5 4 1
5 6 1
5 7 0
5 8 1
5 9 -2147483648
5 10 -2147483648
5 11 -2147483648
5 12 -2147483648
5 13 0
5 14 0
6 0 0
6 1 -2147483648
6 2 0
6 3 1
6 4 3
6 5 1
6 7 0
6 8 0
6 9 0
6 10 0
6 11 0
6 12 -2147483648
6 13 0
6 14 0
7 0 -2147483648
7 1 -2147483648
7 2 0
7 3 0
7 4 0
7 5 0
7 6 0
7 8 0
7 9 0
7 10 0
7 11 0
7 12 0
7 13 -2147483648
7 14 2
8 0 0
8 1 0
8 2 1
8 3 0
8 4 0
8 5 1
8 6 0
8 7 0
8 9 0
8 10 0
8 11 0
8 12 1
8 13 0
8 14 0
9 0 0
9 1 -2147483648
9 2 -2147483648
9 3 0
9 4 0
9 5 -2147483648
9 6 0
9 7 0
9 8 0
9 10 -2147483648
9 11 -2147483648
9 12 1
9 13 0
9 14 0
10 0 0
10 1 -2147483648
10 2 -2147483648
10 3 2
10 4 1
10 5 -2147483648
10 6 0
10 7 0
10 8 0
10 9 -2147483648
10 11 -2147483648
10 12 0
10 13 0
10 14 0
11 0 0
11 1 -2147483648
11 2 -2147483648
11 3 0
11 4 0
11 5 -2147483648
11 6 0
11 7 0
11 8 0
11 9 -2147483648
11 10 -2147483648
11 12 -2147483648
11 13 0
11 14 0
12 0 -2147483648
12 1 1
12 2 2
12 3 -2147483648
12 4 -2147483648
12 5 -2147483648
12 6 -2147483648
12 7 0
12 8 1
12 9 1
12 10 0
12 11 -2147483648
12 13 0
12 14 0
13 0 2
13 1 -2147483648
13 2 0
13 3 0
13 4 0
13 5 0
13 6 0
13 7 -2147483648
13 8 0
13 9 0
13 10 0
13 11 0
13 12 0
13 14 -2147483648
14 0 -2147483648
14 1 -2147483648
14 2 0
14 3 0
14 4 0
14 5 0
14 6 0
14 7 2
14 8 0
14 9 0
14 10 0
14 11 0
14 12 0
14 13 -2147483648
